#    L    TT             EE             TE             PP             TP          
     2    0.11276E+04    0.54983E-01    0.33789E+01    0.10133E+07    0.32149E+05
     3    0.10499E+04    0.88312E-01    0.42236E+01    0.15567E+07    0.38079E+05
     4    0.97784E+03    0.97755E-01    0.43398E+01    0.20391E+07    0.40805E+05
     5    0.92227E+03    0.85338E-01    0.40164E+01    0.24643E+07    0.41812E+05
     6    0.88185E+03    0.62030E-01    0.34861E+01    0.28387E+07    0.41889E+05
     7    0.85373E+03    0.38882E-01    0.28979E+01    0.31700E+07    0.41462E+05
     8    0.83465E+03    0.22214E-01    0.23431E+01    0.34644E+07    0.40708E+05
     9    0.82248E+03    0.13102E-01    0.18687E+01    0.37271E+07    0.39725E+05
    10    0.81568E+03    0.94192E-02    0.14998E+01    0.39619E+07    0.38610E+05
    11    0.81273E+03    0.82925E-02    0.12446E+01    0.41732E+07    0.37482E+05
    12    0.81372E+03    0.77398E-02    0.11003E+01    0.43626E+07    0.36403E+05
    13    0.81689E+03    0.69109E-02    0.10428E+01    0.45327E+07    0.35380E+05
    14    0.82129E+03    0.60052E-02    0.10432E+01    0.46860E+07    0.34402E+05
    15    0.82720E+03    0.53139E-02    0.10824E+01    0.48242E+07    0.33440E+05
    16    0.83498E+03    0.50431E-02    0.11447E+01    0.49487E+07    0.32471E+05
    17    0.84454E+03    0.51885E-02    0.12152E+01    0.50609E+07    0.31521E+05
    18    0.85492E+03    0.55083E-02    0.12822E+01    0.51623E+07    0.30617E+05
    19    0.86695E+03    0.58697E-02    0.13402E+01    0.52534E+07    0.29754E+05
    20    0.87896E+03    0.62504E-02    0.13843E+01    0.53349E+07    0.28917E+05
    21    0.89128E+03    0.66952E-02    0.14208E+01    0.54078E+07    0.28101E+05
    22    0.90418E+03    0.73362E-02    0.14558E+01    0.54732E+07    0.27304E+05
    23    0.91748E+03    0.82279E-02    0.14909E+01    0.55316E+07    0.26535E+05
    24    0.93123E+03    0.93663E-02    0.15269E+01    0.55834E+07    0.25801E+05
    25    0.94537E+03    0.10760E-01    0.15657E+01    0.56292E+07    0.25102E+05
    26    0.95971E+03    0.12379E-01    0.16097E+01    0.56695E+07    0.24436E+05
    27    0.97449E+03    0.14178E-01    0.16561E+01    0.57048E+07    0.23796E+05
    28    0.98955E+03    0.16144E-01    0.17020E+01    0.57355E+07    0.23178E+05
    29    0.10049E+04    0.18287E-01    0.17456E+01    0.57617E+07    0.22587E+05
    30    0.10206E+04    0.20624E-01    0.17836E+01    0.57834E+07    0.22026E+05
    31    0.10364E+04    0.23139E-01    0.18138E+01    0.58012E+07    0.21490E+05
    32    0.10525E+04    0.25806E-01    0.18339E+01    0.58156E+07    0.20971E+05
    33    0.10690E+04    0.28637E-01    0.18412E+01    0.58269E+07    0.20464E+05
    34    0.10857E+04    0.31661E-01    0.18348E+01    0.58352E+07    0.19968E+05
    35    0.11026E+04    0.34900E-01    0.18191E+01    0.58406E+07    0.19481E+05
    36    0.11196E+04    0.38374E-01    0.17970E+01    0.58435E+07    0.19008E+05
    37    0.11366E+04    0.42076E-01    0.17646E+01    0.58440E+07    0.18557E+05
    38    0.11541E+04    0.46002E-01    0.17195E+01    0.58422E+07    0.18135E+05
    39    0.11720E+04    0.50165E-01    0.16640E+01    0.58384E+07    0.17735E+05
    40    0.11900E+04    0.54584E-01    0.16010E+01    0.58325E+07    0.17350E+05
    41    0.12082E+04    0.59281E-01    0.15322E+01    0.58247E+07    0.16972E+05
    42    0.12265E+04    0.64257E-01    0.14559E+01    0.58152E+07    0.16601E+05
    43    0.12448E+04    0.69508E-01    0.13691E+01    0.58040E+07    0.16239E+05
    44    0.12632E+04    0.75015E-01    0.12700E+01    0.57913E+07    0.15887E+05
    45    0.12819E+04    0.80769E-01    0.11566E+01    0.57772E+07    0.15547E+05
    46    0.13009E+04    0.86768E-01    0.10260E+01    0.57618E+07    0.15220E+05
    47    0.13201E+04    0.93014E-01    0.87974E+00    0.57452E+07    0.14903E+05
    48    0.13393E+04    0.99518E-01    0.72361E+00    0.57275E+07    0.14596E+05
    49    0.13587E+04    0.10627E+00    0.56267E+00    0.57088E+07    0.14295E+05
    50    0.13785E+04    0.11325E+00    0.39518E+00    0.56891E+07    0.13998E+05
    51    0.13985E+04    0.12043E+00    0.21761E+00    0.56685E+07    0.13704E+05
    52    0.14189E+04    0.12790E+00    0.24735E-01    0.56471E+07    0.13414E+05
    53    0.14392E+04    0.13580E+00   -0.18724E+00    0.56250E+07    0.13132E+05
    54    0.14596E+04    0.14412E+00   -0.41412E+00    0.56021E+07    0.12860E+05
    55    0.14800E+04    0.15283E+00   -0.65163E+00    0.55786E+07    0.12600E+05
    56    0.15008E+04    0.16178E+00   -0.90155E+00    0.55545E+07    0.12356E+05
    57    0.15219E+04    0.17087E+00   -0.11637E+01    0.55298E+07    0.12124E+05
    58    0.15433E+04    0.18011E+00   -0.14387E+01    0.55045E+07    0.11902E+05
    59    0.15648E+04    0.18954E+00   -0.17271E+01    0.54787E+07    0.11689E+05
    60    0.15865E+04    0.19922E+00   -0.20281E+01    0.54525E+07    0.11480E+05
    61    0.16087E+04    0.20924E+00   -0.23407E+01    0.54258E+07    0.11274E+05
    62    0.16307E+04    0.21959E+00   -0.26659E+01    0.53986E+07    0.11071E+05
    63    0.16529E+04    0.23022E+00   -0.30048E+01    0.53712E+07    0.10869E+05
    64    0.16754E+04    0.24115E+00   -0.33586E+01    0.53434E+07    0.10669E+05
    65    0.16980E+04    0.25235E+00   -0.37282E+01    0.53153E+07    0.10469E+05
    66    0.17209E+04    0.26374E+00   -0.41116E+01    0.52871E+07    0.10271E+05
    67    0.17440E+04    0.27534E+00   -0.45061E+01    0.52586E+07    0.10075E+05
    68    0.17675E+04    0.28718E+00   -0.49099E+01    0.52300E+07    0.98834E+04
    69    0.17912E+04    0.29922E+00   -0.53210E+01    0.52012E+07    0.96973E+04
    70    0.18151E+04    0.31150E+00   -0.57411E+01    0.51723E+07    0.95187E+04
    71    0.18393E+04    0.32402E+00   -0.61724E+01    0.51433E+07    0.93488E+04
    72    0.18636E+04    0.33674E+00   -0.66164E+01    0.51142E+07    0.91870E+04
    73    0.18880E+04    0.34963E+00   -0.70737E+01    0.50850E+07    0.90323E+04
    74    0.19127E+04    0.36269E+00   -0.75436E+01    0.50558E+07    0.88836E+04
    75    0.19376E+04    0.37591E+00   -0.80247E+01    0.50264E+07    0.87399E+04
    76    0.19629E+04    0.38931E+00   -0.85165E+01    0.49970E+07    0.86000E+04
    77    0.19884E+04    0.40287E+00   -0.90186E+01    0.49675E+07    0.84626E+04
    78    0.20144E+04    0.41663E+00   -0.95327E+01    0.49379E+07    0.83262E+04
    79    0.20405E+04    0.43051E+00   -0.10055E+02    0.49084E+07    0.81893E+04
    80    0.20668E+04    0.44454E+00   -0.10586E+02    0.48788E+07    0.80506E+04
    81    0.20934E+04    0.45865E+00   -0.11128E+02    0.48492E+07    0.79095E+04
    82    0.21202E+04    0.47287E+00   -0.11678E+02    0.48197E+07    0.77690E+04
    83    0.21472E+04    0.48718E+00   -0.12236E+02    0.47902E+07    0.76330E+04
    84    0.21744E+04    0.50157E+00   -0.12802E+02    0.47608E+07    0.75055E+04
    85    0.22018E+04    0.51601E+00   -0.13374E+02    0.47315E+07    0.73904E+04
    86    0.22294E+04    0.53053E+00   -0.13953E+02    0.47022E+07    0.72890E+04
    87    0.22574E+04    0.54508E+00   -0.14538E+02    0.46730E+07    0.71919E+04
    88    0.22853E+04    0.55968E+00   -0.15128E+02    0.46439E+07    0.70869E+04
    89    0.23137E+04    0.57433E+00   -0.15726E+02    0.46149E+07    0.69621E+04
    90    0.23422E+04    0.58898E+00   -0.16329E+02    0.45861E+07    0.68052E+04
    91    0.23709E+04    0.60362E+00   -0.16937E+02    0.45573E+07    0.66070E+04
    92    0.23998E+04    0.61824E+00   -0.17549E+02    0.45287E+07    0.63688E+04
    93    0.24290E+04    0.63283E+00   -0.18166E+02    0.45001E+07    0.60949E+04
    94    0.24583E+04    0.64737E+00   -0.18786E+02    0.44717E+07    0.57895E+04
    95    0.24879E+04    0.66184E+00   -0.19411E+02    0.44435E+07    0.54565E+04
    96    0.25175E+04    0.67623E+00   -0.20039E+02    0.44153E+07    0.51003E+04
    97    0.25475E+04    0.69053E+00   -0.20669E+02    0.43873E+07    0.47250E+04
    98    0.25777E+04    0.70474E+00   -0.21299E+02    0.43595E+07    0.43347E+04
    99    0.26080E+04    0.71882E+00   -0.21934E+02    0.43317E+07    0.39337E+04
   100    0.26385E+04    0.73276E+00   -0.22567E+02    0.43042E+07    0.35260E+04
   101    0.26692E+04    0.74662E+00   -0.23202E+02    0.42767E+07    0.31159E+04
   102    0.27004E+04    0.76027E+00   -0.23837E+02    0.42494E+07    0.27074E+04
   103    0.27316E+04    0.77378E+00   -0.24472E+02    0.42223E+07    0.23048E+04
   104    0.27629E+04    0.78713E+00   -0.25105E+02    0.41954E+07    0.19122E+04
   105    0.27944E+04    0.80027E+00   -0.25737E+02    0.41685E+07    0.15338E+04
   106    0.28261E+04    0.81327E+00   -0.26368E+02    0.41419E+07    0.11737E+04
   107    0.28578E+04    0.82598E+00   -0.26996E+02    0.41154E+07    0.83614E+03
   108    0.28898E+04    0.83847E+00   -0.27621E+02    0.40891E+07    0.52522E+03
   109    0.29219E+04    0.85067E+00   -0.28243E+02    0.40630E+07    0.24512E+03
   110    0.29542E+04    0.86258E+00   -0.28860E+02    0.40371E+07    0.00000E+00
   111    0.29865E+04    0.87428E+00   -0.29473E+02    0.40113E+07   -0.20709E+03
   112    0.30191E+04    0.88569E+00   -0.30082E+02    0.39857E+07   -0.37751E+03
   113    0.30518E+04    0.89681E+00   -0.30684E+02    0.39603E+07   -0.51375E+03
   114    0.30846E+04    0.90758E+00   -0.31280E+02    0.39351E+07   -0.61827E+03
   115    0.31177E+04    0.91813E+00   -0.31870E+02    0.39101E+07   -0.69357E+03
   116    0.31507E+04    0.92824E+00   -0.32452E+02    0.38852E+07   -0.74212E+03
   117    0.31840E+04    0.93800E+00   -0.33026E+02    0.38605E+07   -0.76638E+03
   118    0.32175E+04    0.94754E+00   -0.33593E+02    0.38361E+07   -0.76885E+03
   119    0.32509E+04    0.95672E+00   -0.34149E+02    0.38117E+07   -0.75200E+03
   120    0.32845E+04    0.96540E+00   -0.34696E+02    0.37876E+07   -0.71830E+03
   121    0.33181E+04    0.97387E+00   -0.35234E+02    0.37637E+07   -0.67024E+03
   122    0.33518E+04    0.98183E+00   -0.35761E+02    0.37399E+07   -0.61029E+03
   123    0.33855E+04    0.98935E+00   -0.36277E+02    0.37163E+07   -0.54093E+03
   124    0.34192E+04    0.99652E+00   -0.36780E+02    0.36929E+07   -0.46464E+03
   125    0.34530E+04    0.10033E+01   -0.37272E+02    0.36697E+07   -0.38388E+03
   126    0.34868E+04    0.10096E+01   -0.37751E+02    0.36466E+07   -0.30115E+03
   127    0.35206E+04    0.10155E+01   -0.38218E+02    0.36238E+07   -0.21892E+03
   128    0.35544E+04    0.10210E+01   -0.38671E+02    0.36011E+07   -0.13967E+03
   129    0.35882E+04    0.10260E+01   -0.39110E+02    0.35786E+07   -0.65869E+02
   130    0.36221E+04    0.10305E+01   -0.39534E+02    0.35563E+07    0.00000E+00
   131    0.36559E+04    0.10347E+01   -0.39944E+02    0.35341E+07    0.55980E+02
   132    0.36897E+04    0.10383E+01   -0.40337E+02    0.35121E+07    0.10220E+03
   133    0.37235E+04    0.10416E+01   -0.40717E+02    0.34904E+07    0.13930E+03
   134    0.37572E+04    0.10443E+01   -0.41077E+02    0.34687E+07    0.16792E+03
   135    0.37910E+04    0.10466E+01   -0.41422E+02    0.34473E+07    0.18872E+03
   136    0.38245E+04    0.10484E+01   -0.41748E+02    0.34260E+07    0.20233E+03
   137    0.38581E+04    0.10498E+01   -0.42056E+02    0.34050E+07    0.20941E+03
   138    0.38916E+04    0.10506E+01   -0.42346E+02    0.33840E+07    0.21059E+03
   139    0.39248E+04    0.10511E+01   -0.42617E+02    0.33633E+07    0.20652E+03
   140    0.39581E+04    0.10510E+01   -0.42869E+02    0.33427E+07    0.19786E+03
   141    0.39912E+04    0.10505E+01   -0.43101E+02    0.33223E+07    0.18523E+03
   142    0.40242E+04    0.10495E+01   -0.43312E+02    0.33021E+07    0.16930E+03
   143    0.40572E+04    0.10480E+01   -0.43504E+02    0.32820E+07    0.15069E+03
   144    0.40900E+04    0.10461E+01   -0.43675E+02    0.32621E+07    0.13007E+03
   145    0.41226E+04    0.10438E+01   -0.43825E+02    0.32424E+07    0.10807E+03
   146    0.41553E+04    0.10410E+01   -0.43954E+02    0.32228E+07    0.85337E+02
   147    0.41876E+04    0.10378E+01   -0.44060E+02    0.32034E+07    0.62519E+02
   148    0.42197E+04    0.10341E+01   -0.44145E+02    0.31842E+07    0.40260E+02
   149    0.42518E+04    0.10299E+01   -0.44207E+02    0.31651E+07    0.19205E+02
   150    0.42836E+04    0.10255E+01   -0.44245E+02    0.31462E+07    0.00000E+00
   151    0.43153E+04    0.10206E+01   -0.44260E+02    0.31275E+07   -0.16839E+02
   152    0.43466E+04    0.10152E+01   -0.44253E+02    0.31089E+07   -0.31310E+02
   153    0.43779E+04    0.10094E+01   -0.44220E+02    0.30905E+07   -0.43537E+02
   154    0.44088E+04    0.10033E+01   -0.44164E+02    0.30722E+07   -0.53648E+02
   155    0.44396E+04    0.99686E+00   -0.44083E+02    0.30541E+07   -0.61768E+02
   156    0.44700E+04    0.99006E+00   -0.43979E+02    0.30361E+07   -0.68023E+02
   157    0.45003E+04    0.98291E+00   -0.43849E+02    0.30183E+07   -0.72539E+02
   158    0.45304E+04    0.97548E+00   -0.43694E+02    0.30007E+07   -0.75441E+02
   159    0.45601E+04    0.96763E+00   -0.43515E+02    0.29832E+07   -0.76857E+02
   160    0.45896E+04    0.95950E+00   -0.43309E+02    0.29658E+07   -0.76911E+02
   161    0.46189E+04    0.95116E+00   -0.43079E+02    0.29486E+07   -0.75730E+02
   162    0.46479E+04    0.94247E+00   -0.42823E+02    0.29316E+07   -0.73439E+02
   163    0.46767E+04    0.93350E+00   -0.42541E+02    0.29147E+07   -0.70165E+02
   164    0.47051E+04    0.92433E+00   -0.42235E+02    0.28979E+07   -0.66033E+02
   165    0.47333E+04    0.91488E+00   -0.41901E+02    0.28813E+07   -0.61170E+02
   166    0.47612E+04    0.90530E+00   -0.41542E+02    0.28648E+07   -0.55701E+02
   167    0.47889E+04    0.89536E+00   -0.41158E+02    0.28485E+07   -0.49752E+02
   168    0.48162E+04    0.88544E+00   -0.40747E+02    0.28323E+07   -0.43449E+02
   169    0.48431E+04    0.87524E+00   -0.40309E+02    0.28163E+07   -0.36919E+02
   170    0.48697E+04    0.86498E+00   -0.39846E+02    0.28004E+07   -0.30286E+02
   171    0.48959E+04    0.85466E+00   -0.39354E+02    0.27846E+07   -0.23677E+02
   172    0.49217E+04    0.84421E+00   -0.38836E+02    0.27690E+07   -0.17218E+02
   173    0.49470E+04    0.83362E+00   -0.38292E+02    0.27535E+07   -0.11035E+02
   174    0.49720E+04    0.82320E+00   -0.37721E+02    0.27381E+07   -0.52538E+01
   175    0.49967E+04    0.81265E+00   -0.37124E+02    0.27229E+07    0.00000E+00
   176    0.50208E+04    0.80218E+00   -0.36499E+02    0.27078E+07    0.46264E+01
   177    0.50445E+04    0.79173E+00   -0.35848E+02    0.26928E+07    0.86301E+01
   178    0.50678E+04    0.78151E+00   -0.35171E+02    0.26779E+07    0.12042E+02
   179    0.50906E+04    0.77123E+00   -0.34466E+02    0.26632E+07    0.14893E+02
   180    0.51131E+04    0.76111E+00   -0.33736E+02    0.26486E+07    0.17215E+02
   181    0.51350E+04    0.75115E+00   -0.32980E+02    0.26341E+07    0.19037E+02
   182    0.51566E+04    0.74142E+00   -0.32197E+02    0.26198E+07    0.20392E+02
   183    0.51775E+04    0.73185E+00   -0.31389E+02    0.26056E+07    0.21309E+02
   184    0.51982E+04    0.72251E+00   -0.30554E+02    0.25915E+07    0.21820E+02
   185    0.52183E+04    0.71354E+00   -0.29695E+02    0.25775E+07    0.21956E+02
   186    0.52376E+04    0.70482E+00   -0.28809E+02    0.25636E+07    0.21748E+02
   187    0.52568E+04    0.69647E+00   -0.27897E+02    0.25499E+07    0.21226E+02
   188    0.52755E+04    0.68848E+00   -0.26961E+02    0.25363E+07    0.20422E+02
   189    0.52936E+04    0.68089E+00   -0.26000E+02    0.25228E+07    0.19366E+02
   190    0.53115E+04    0.67375E+00   -0.25015E+02    0.25094E+07    0.18090E+02
   191    0.53285E+04    0.66708E+00   -0.24004E+02    0.24961E+07    0.16624E+02
   192    0.53451E+04    0.66090E+00   -0.22969E+02    0.24829E+07    0.15000E+02
   193    0.53612E+04    0.65526E+00   -0.21911E+02    0.24698E+07    0.13247E+02
   194    0.53769E+04    0.65018E+00   -0.20829E+02    0.24569E+07    0.11398E+02
   195    0.53920E+04    0.64570E+00   -0.19724E+02    0.24440E+07    0.94830E+01
   196    0.54065E+04    0.64186E+00   -0.18595E+02    0.24313E+07    0.75327E+01
   197    0.54205E+04    0.63870E+00   -0.17445E+02    0.24186E+07    0.55784E+01
   198    0.54341E+04    0.63624E+00   -0.16272E+02    0.24061E+07    0.36508E+01
   199    0.54471E+04    0.63452E+00   -0.15078E+02    0.23937E+07    0.17811E+01
   200    0.54596E+04    0.63357E+00   -0.13862E+02    0.23814E+07    0.00000E+00
   201    0.54716E+04    0.63345E+00   -0.12625E+02    0.23691E+07   -0.16671E+01
   202    0.54830E+04    0.63415E+00   -0.11367E+02    0.23570E+07   -0.32177E+01
   203    0.54938E+04    0.63575E+00   -0.10088E+02    0.23450E+07   -0.46547E+01
   204    0.55040E+04    0.63827E+00   -0.87906E+01    0.23331E+07   -0.59812E+01
   205    0.55137E+04    0.64174E+00   -0.74732E+01    0.23212E+07   -0.72002E+01
   206    0.55227E+04    0.64620E+00   -0.61366E+01    0.23095E+07   -0.83148E+01
   207    0.55312E+04    0.65167E+00   -0.47813E+01    0.22978E+07   -0.93279E+01
   208    0.55389E+04    0.65821E+00   -0.34079E+01    0.22863E+07   -0.10243E+02
   209    0.55461E+04    0.66584E+00   -0.20166E+01    0.22749E+07   -0.11062E+02
   210    0.55527E+04    0.67461E+00   -0.60842E+00    0.22635E+07   -0.11789E+02
   211    0.55586E+04    0.68454E+00    0.81666E+00    0.22522E+07   -0.12427E+02
   212    0.55639E+04    0.69567E+00    0.22577E+01    0.22411E+07   -0.12979E+02
   213    0.55686E+04    0.70803E+00    0.37148E+01    0.22300E+07   -0.13447E+02
   214    0.55727E+04    0.72163E+00    0.51866E+01    0.22190E+07   -0.13835E+02
   215    0.55762E+04    0.73665E+00    0.66726E+01    0.22081E+07   -0.14146E+02
   216    0.55790E+04    0.75291E+00    0.81732E+01    0.21973E+07   -0.14383E+02
   217    0.55813E+04    0.77055E+00    0.96864E+01    0.21865E+07   -0.14549E+02
   218    0.55830E+04    0.78959E+00    0.11213E+02    0.21759E+07   -0.14647E+02
   219    0.55840E+04    0.81002E+00    0.12752E+02    0.21653E+07   -0.14680E+02
   220    0.55845E+04    0.83198E+00    0.14302E+02    0.21548E+07   -0.14651E+02
   221    0.55844E+04    0.85541E+00    0.15863E+02    0.21445E+07   -0.14563E+02
   222    0.55836E+04    0.88045E+00    0.17434E+02    0.21341E+07   -0.14419E+02
   223    0.55822E+04    0.90702E+00    0.19016E+02    0.21239E+07   -0.14222E+02
   224    0.55803E+04    0.93512E+00    0.20605E+02    0.21138E+07   -0.13975E+02
   225    0.55777E+04    0.96491E+00    0.22204E+02    0.21037E+07   -0.13681E+02
   226    0.55746E+04    0.99637E+00    0.23810E+02    0.20937E+07   -0.13344E+02
   227    0.55708E+04    0.10295E+01    0.25424E+02    0.20838E+07   -0.12966E+02
   228    0.55665E+04    0.10643E+01    0.27044E+02    0.20740E+07   -0.12550E+02
   229    0.55615E+04    0.11009E+01    0.28670E+02    0.20642E+07   -0.12100E+02
   230    0.55559E+04    0.11392E+01    0.30301E+02    0.20546E+07   -0.11618E+02
   231    0.55497E+04    0.11794E+01    0.31937E+02    0.20450E+07   -0.11107E+02
   232    0.55429E+04    0.12213E+01    0.33577E+02    0.20354E+07   -0.10570E+02
   233    0.55356E+04    0.12652E+01    0.35219E+02    0.20260E+07   -0.10012E+02
   234    0.55275E+04    0.13109E+01    0.36864E+02    0.20166E+07   -0.94332E+01
   235    0.55189E+04    0.13585E+01    0.38510E+02    0.20073E+07   -0.88383E+01
   236    0.55096E+04    0.14079E+01    0.40157E+02    0.19981E+07   -0.82300E+01
   237    0.54997E+04    0.14594E+01    0.41805E+02    0.19889E+07   -0.76113E+01
   238    0.54892E+04    0.15129E+01    0.43452E+02    0.19798E+07   -0.69851E+01
   239    0.54782E+04    0.15683E+01    0.45099E+02    0.19708E+07   -0.63547E+01
   240    0.54665E+04    0.16256E+01    0.46742E+02    0.19618E+07   -0.57229E+01
   241    0.54543E+04    0.16851E+01    0.48384E+02    0.19529E+07   -0.50928E+01
   242    0.54416E+04    0.17465E+01    0.50022E+02    0.19441E+07   -0.44675E+01
   243    0.54282E+04    0.18100E+01    0.51656E+02    0.19354E+07   -0.38500E+01
   244    0.54143E+04    0.18756E+01    0.53286E+02    0.19267E+07   -0.32433E+01
   245    0.53997E+04    0.19433E+01    0.54909E+02    0.19180E+07   -0.26504E+01
   246    0.53847E+04    0.20131E+01    0.56527E+02    0.19095E+07   -0.20744E+01
   247    0.53691E+04    0.20849E+01    0.58138E+02    0.19009E+07   -0.15184E+01
   248    0.53529E+04    0.21591E+01    0.59741E+02    0.18925E+07   -0.98524E+00
   249    0.53363E+04    0.22352E+01    0.61337E+02    0.18841E+07   -0.47811E+00
   250    0.53191E+04    0.23136E+01    0.62922E+02    0.18758E+07    0.00000E+00
   251    0.53014E+04    0.23941E+01    0.64499E+02    0.18675E+07    0.44671E+00
   252    0.52831E+04    0.24768E+01    0.66066E+02    0.18593E+07    0.86217E+00
   253    0.52645E+04    0.25615E+01    0.67620E+02    0.18511E+07    0.12472E+01
   254    0.52453E+04    0.26486E+01    0.69163E+02    0.18431E+07    0.16027E+01
   255    0.52255E+04    0.27377E+01    0.70694E+02    0.18350E+07    0.19293E+01
   256    0.52053E+04    0.28292E+01    0.72214E+02    0.18270E+07    0.22279E+01
   257    0.51847E+04    0.29227E+01    0.73713E+02    0.18191E+07    0.24994E+01
   258    0.51636E+04    0.30185E+01    0.75205E+02    0.18112E+07    0.27445E+01
   259    0.51420E+04    0.31165E+01    0.76675E+02    0.18034E+07    0.29641E+01
   260    0.51200E+04    0.32166E+01    0.78138E+02    0.17956E+07    0.31589E+01
   261    0.50975E+04    0.33189E+01    0.79571E+02    0.17879E+07    0.33298E+01
   262    0.50745E+04    0.34235E+01    0.80997E+02    0.17803E+07    0.34776E+01
   263    0.50514E+04    0.35302E+01    0.82409E+02    0.17727E+07    0.36031E+01
   264    0.50276E+04    0.36391E+01    0.83798E+02    0.17651E+07    0.37072E+01
   265    0.50033E+04    0.37501E+01    0.85158E+02    0.17576E+07    0.37905E+01
   266    0.49788E+04    0.38635E+01    0.86510E+02    0.17502E+07    0.38540E+01
   267    0.49537E+04    0.39788E+01    0.87834E+02    0.17428E+07    0.38985E+01
   268    0.49283E+04    0.40964E+01    0.89142E+02    0.17354E+07    0.39247E+01
   269    0.49023E+04    0.42161E+01    0.90429E+02    0.17281E+07    0.39335E+01
   270    0.48761E+04    0.43379E+01    0.91693E+02    0.17209E+07    0.39257E+01
   271    0.48494E+04    0.44618E+01    0.92936E+02    0.17137E+07    0.39020E+01
   272    0.48226E+04    0.45880E+01    0.94149E+02    0.17065E+07    0.38635E+01
   273    0.47953E+04    0.47159E+01    0.95348E+02    0.16994E+07    0.38107E+01
   274    0.47677E+04    0.48462E+01    0.96510E+02    0.16924E+07    0.37446E+01
   275    0.47397E+04    0.49783E+01    0.97657E+02    0.16854E+07    0.36659E+01
   276    0.47115E+04    0.51124E+01    0.98768E+02    0.16784E+07    0.35755E+01
   277    0.46829E+04    0.52486E+01    0.99864E+02    0.16715E+07    0.34742E+01
   278    0.46540E+04    0.53867E+01    0.10092E+03    0.16646E+07    0.33628E+01
   279    0.46249E+04    0.55268E+01    0.10195E+03    0.16578E+07    0.32421E+01
   280    0.45954E+04    0.56687E+01    0.10297E+03    0.16510E+07    0.31129E+01
   281    0.45658E+04    0.58127E+01    0.10395E+03    0.16443E+07    0.29761E+01
   282    0.45358E+04    0.59582E+01    0.10490E+03    0.16376E+07    0.28323E+01
   283    0.45056E+04    0.61057E+01    0.10582E+03    0.16310E+07    0.26826E+01
   284    0.44751E+04    0.62551E+01    0.10671E+03    0.16244E+07    0.25276E+01
   285    0.44445E+04    0.64062E+01    0.10757E+03    0.16178E+07    0.23682E+01
   286    0.44136E+04    0.65591E+01    0.10840E+03    0.16113E+07    0.22052E+01
   287    0.43824E+04    0.67136E+01    0.10920E+03    0.16048E+07    0.20394E+01
   288    0.43511E+04    0.68698E+01    0.10997E+03    0.15984E+07    0.18717E+01
   289    0.43196E+04    0.70276E+01    0.11070E+03    0.15920E+07    0.17027E+01
   290    0.42879E+04    0.71868E+01    0.11141E+03    0.15857E+07    0.15334E+01
   291    0.42561E+04    0.73483E+01    0.11208E+03    0.15794E+07    0.13646E+01
   292    0.42238E+04    0.75108E+01    0.11272E+03    0.15731E+07    0.11971E+01
   293    0.41917E+04    0.76741E+01    0.11332E+03    0.15668E+07    0.10316E+01
   294    0.41593E+04    0.78395E+01    0.11390E+03    0.15607E+07    0.86903E+00
   295    0.41270E+04    0.80057E+01    0.11443E+03    0.15545E+07    0.71017E+00
   296    0.40944E+04    0.81741E+01    0.11493E+03    0.15484E+07    0.55584E+00
   297    0.40617E+04    0.83425E+01    0.11541E+03    0.15423E+07    0.40684E+00
   298    0.40287E+04    0.85131E+01    0.11584E+03    0.15363E+07    0.26400E+00
   299    0.39958E+04    0.86851E+01    0.11623E+03    0.15302E+07    0.12811E+00
   300    0.39628E+04    0.88571E+01    0.11659E+03    0.15243E+07    0.00000E+00
   301    0.39296E+04    0.90306E+01    0.11692E+03    0.15183E+07   -0.11969E+00
   302    0.38965E+04    0.92048E+01    0.11722E+03    0.15124E+07   -0.23102E+00
   303    0.38633E+04    0.93805E+01    0.11747E+03    0.15066E+07   -0.33419E+00
   304    0.38300E+04    0.95577E+01    0.11769E+03    0.15007E+07   -0.42943E+00
   305    0.37967E+04    0.97348E+01    0.11787E+03    0.14949E+07   -0.51695E+00
   306    0.37633E+04    0.99127E+01    0.11802E+03    0.14892E+07   -0.59697E+00
   307    0.37300E+04    0.10091E+02    0.11812E+03    0.14834E+07   -0.66972E+00
   308    0.36966E+04    0.10272E+02    0.11820E+03    0.14777E+07   -0.73539E+00
   309    0.36633E+04    0.10452E+02    0.11823E+03    0.14721E+07   -0.79423E+00
   310    0.36300E+04    0.10632E+02    0.11823E+03    0.14664E+07   -0.84643E+00
   311    0.35967E+04    0.10814E+02    0.11818E+03    0.14608E+07   -0.89223E+00
   312    0.35635E+04    0.10996E+02    0.11811E+03    0.14553E+07   -0.93183E+00
   313    0.35303E+04    0.11178E+02    0.11799E+03    0.14497E+07   -0.96546E+00
   314    0.34971E+04    0.11361E+02    0.11785E+03    0.14442E+07   -0.99333E+00
   315    0.34641E+04    0.11544E+02    0.11766E+03    0.14388E+07   -0.10157E+01
   316    0.34311E+04    0.11727E+02    0.11743E+03    0.14333E+07   -0.10327E+01
   317    0.33982E+04    0.11909E+02    0.11717E+03    0.14279E+07   -0.10446E+01
   318    0.33653E+04    0.12093E+02    0.11687E+03    0.14226E+07   -0.10516E+01
   319    0.33326E+04    0.12276E+02    0.11653E+03    0.14172E+07   -0.10540E+01
   320    0.33001E+04    0.12459E+02    0.11616E+03    0.14119E+07   -0.10519E+01
   321    0.32676E+04    0.12643E+02    0.11575E+03    0.14066E+07   -0.10455E+01
   322    0.32353E+04    0.12825E+02    0.11531E+03    0.14014E+07   -0.10352E+01
   323    0.32031E+04    0.13007E+02    0.11482E+03    0.13961E+07   -0.10211E+01
   324    0.31710E+04    0.13190E+02    0.11429E+03    0.13909E+07   -0.10034E+01
   325    0.31392E+04    0.13370E+02    0.11374E+03    0.13858E+07   -0.98228E+00
   326    0.31075E+04    0.13552E+02    0.11314E+03    0.13806E+07   -0.95806E+00
   327    0.30759E+04    0.13733E+02    0.11251E+03    0.13755E+07   -0.93091E+00
   328    0.30446E+04    0.13912E+02    0.11185E+03    0.13704E+07   -0.90106E+00
   329    0.30135E+04    0.14092E+02    0.11115E+03    0.13654E+07   -0.86872E+00
   330    0.29825E+04    0.14270E+02    0.11041E+03    0.13604E+07   -0.83410E+00
   331    0.29519E+04    0.14447E+02    0.10964E+03    0.13554E+07   -0.79743E+00
   332    0.29214E+04    0.14625E+02    0.10884E+03    0.13504E+07   -0.75892E+00
   333    0.28911E+04    0.14800E+02    0.10800E+03    0.13455E+07   -0.71880E+00
   334    0.28611E+04    0.14976E+02    0.10713E+03    0.13406E+07   -0.67727E+00
   335    0.28312E+04    0.15149E+02    0.10622E+03    0.13357E+07   -0.63456E+00
   336    0.28017E+04    0.15321E+02    0.10528E+03    0.13308E+07   -0.59089E+00
   337    0.27724E+04    0.15492E+02    0.10429E+03    0.13260E+07   -0.54646E+00
   338    0.27433E+04    0.15662E+02    0.10329E+03    0.13212E+07   -0.50151E+00
   339    0.27147E+04    0.15831E+02    0.10224E+03    0.13164E+07   -0.45624E+00
   340    0.26862E+04    0.15998E+02    0.10118E+03    0.13116E+07   -0.41088E+00
   341    0.26579E+04    0.16163E+02    0.10007E+03    0.13069E+07   -0.36565E+00
   342    0.26301E+04    0.16328E+02    0.98929E+02    0.13022E+07   -0.32075E+00
   343    0.26025E+04    0.16490E+02    0.97761E+02    0.12975E+07   -0.27642E+00
   344    0.25752E+04    0.16651E+02    0.96563E+02    0.12928E+07   -0.23286E+00
   345    0.25482E+04    0.16810E+02    0.95336E+02    0.12882E+07   -0.19029E+00
   346    0.25216E+04    0.16967E+02    0.94086E+02    0.12836E+07   -0.14894E+00
   347    0.24952E+04    0.17122E+02    0.92800E+02    0.12790E+07   -0.10901E+00
   348    0.24692E+04    0.17275E+02    0.91484E+02    0.12745E+07   -0.70737E-01
   349    0.24435E+04    0.17426E+02    0.90138E+02    0.12699E+07   -0.34327E-01
   350    0.24182E+04    0.17575E+02    0.88770E+02    0.12654E+07    0.00000E+00
   351    0.23933E+04    0.17722E+02    0.87373E+02    0.12609E+07    0.32072E-01
   352    0.23687E+04    0.17866E+02    0.85946E+02    0.12564E+07    0.61901E-01
   353    0.23444E+04    0.18008E+02    0.84504E+02    0.12520E+07    0.89546E-01
   354    0.23204E+04    0.18148E+02    0.83026E+02    0.12476E+07    0.11507E+00
   355    0.22969E+04    0.18285E+02    0.81525E+02    0.12432E+07    0.13852E+00
   356    0.22738E+04    0.18421E+02    0.80009E+02    0.12388E+07    0.15996E+00
   357    0.22510E+04    0.18553E+02    0.78463E+02    0.12344E+07    0.17945E+00
   358    0.22286E+04    0.18682E+02    0.76903E+02    0.12301E+07    0.19705E+00
   359    0.22066E+04    0.18808E+02    0.75313E+02    0.12258E+07    0.21281E+00
   360    0.21849E+04    0.18933E+02    0.73705E+02    0.12215E+07    0.22680E+00
   361    0.21637E+04    0.19054E+02    0.72073E+02    0.12172E+07    0.23907E+00
   362    0.21429E+04    0.19173E+02    0.70421E+02    0.12129E+07    0.24968E+00
   363    0.21224E+04    0.19289E+02    0.68752E+02    0.12087E+07    0.25869E+00
   364    0.21024E+04    0.19402E+02    0.67061E+02    0.12045E+07    0.26616E+00
   365    0.20827E+04    0.19511E+02    0.65354E+02    0.12003E+07    0.27215E+00
   366    0.20635E+04    0.19618E+02    0.63629E+02    0.11961E+07    0.27671E+00
   367    0.20448E+04    0.19721E+02    0.61887E+02    0.11920E+07    0.27990E+00
   368    0.20263E+04    0.19821E+02    0.60130E+02    0.11879E+07    0.28178E+00
   369    0.20084E+04    0.19919E+02    0.58356E+02    0.11838E+07    0.28241E+00
   370    0.19909E+04    0.20013E+02    0.56570E+02    0.11797E+07    0.28185E+00
   371    0.19737E+04    0.20103E+02    0.54769E+02    0.11756E+07    0.28015E+00
   372    0.19570E+04    0.20190E+02    0.52956E+02    0.11716E+07    0.27738E+00
   373    0.19407E+04    0.20274E+02    0.51128E+02    0.11675E+07    0.27360E+00
   374    0.19249E+04    0.20355E+02    0.49291E+02    0.11635E+07    0.26885E+00
   375    0.19094E+04    0.20432E+02    0.47442E+02    0.11595E+07    0.26320E+00
   376    0.18945E+04    0.20506E+02    0.45583E+02    0.11556E+07    0.25671E+00
   377    0.18800E+04    0.20576E+02    0.43717E+02    0.11516E+07    0.24944E+00
   378    0.18658E+04    0.20642E+02    0.41839E+02    0.11477E+07    0.24144E+00
   379    0.18521E+04    0.20705E+02    0.39956E+02    0.11438E+07    0.23277E+00
   380    0.18389E+04    0.20766E+02    0.38064E+02    0.11399E+07    0.22350E+00
   381    0.18261E+04    0.20820E+02    0.36167E+02    0.11360E+07    0.21367E+00
   382    0.18137E+04    0.20872E+02    0.34265E+02    0.11322E+07    0.20335E+00
   383    0.18017E+04    0.20920E+02    0.32356E+02    0.11283E+07    0.19260E+00
   384    0.17903E+04    0.20964E+02    0.30445E+02    0.11245E+07    0.18147E+00
   385    0.17792E+04    0.21005E+02    0.28531E+02    0.11207E+07    0.17003E+00
   386    0.17686E+04    0.21042E+02    0.26614E+02    0.11169E+07    0.15833E+00
   387    0.17583E+04    0.21075E+02    0.24695E+02    0.11132E+07    0.14642E+00
   388    0.17485E+04    0.21104E+02    0.22777E+02    0.11094E+07    0.13438E+00
   389    0.17392E+04    0.21127E+02    0.20857E+02    0.11057E+07    0.12225E+00
   390    0.17303E+04    0.21150E+02    0.18940E+02    0.11020E+07    0.11010E+00
   391    0.17218E+04    0.21167E+02    0.17023E+02    0.10983E+07    0.97975E-01
   392    0.17137E+04    0.21182E+02    0.15109E+02    0.10946E+07    0.85945E-01
   393    0.17061E+04    0.21192E+02    0.13198E+02    0.10910E+07    0.74065E-01
   394    0.16989E+04    0.21199E+02    0.11292E+02    0.10873E+07    0.62394E-01
   395    0.16920E+04    0.21201E+02    0.93887E+01    0.10837E+07    0.50988E-01
   396    0.16857E+04    0.21199E+02    0.74924E+01    0.10801E+07    0.39907E-01
   397    0.16797E+04    0.21194E+02    0.56016E+01    0.10765E+07    0.29210E-01
   398    0.16742E+04    0.21185E+02    0.37176E+01    0.10729E+07    0.18954E-01
   399    0.16690E+04    0.21172E+02    0.18412E+01    0.10694E+07    0.91979E-02
   400    0.16642E+04    0.21155E+02   -0.26624E-01    0.10658E+07    0.00000E+00
   401    0.16599E+04    0.21134E+02   -0.18853E+01    0.10623E+07   -0.85937E-02
   402    0.16560E+04    0.21108E+02   -0.37340E+01    0.10588E+07   -0.16586E-01
   403    0.16525E+04    0.21080E+02   -0.55721E+01    0.10553E+07   -0.23994E-01
   404    0.16494E+04    0.21047E+02   -0.73980E+01    0.10518E+07   -0.30832E-01
   405    0.16466E+04    0.21010E+02   -0.92126E+01    0.10483E+07   -0.37115E-01
   406    0.16442E+04    0.20970E+02   -0.11014E+02    0.10449E+07   -0.42861E-01
   407    0.16423E+04    0.20925E+02   -0.12802E+02    0.10415E+07   -0.48083E-01
   408    0.16407E+04    0.20877E+02   -0.14575E+02    0.10381E+07   -0.52799E-01
   409    0.16395E+04    0.20826E+02   -0.16333E+02    0.10347E+07   -0.57023E-01
   410    0.16387E+04    0.20770E+02   -0.18076E+02    0.10313E+07   -0.60771E-01
   411    0.16383E+04    0.20711E+02   -0.19802E+02    0.10279E+07   -0.64059E-01
   412    0.16382E+04    0.20648E+02   -0.21511E+02    0.10245E+07   -0.66902E-01
   413    0.16384E+04    0.20582E+02   -0.23202E+02    0.10212E+07   -0.69317E-01
   414    0.16390E+04    0.20512E+02   -0.24875E+02    0.10179E+07   -0.71318E-01
   415    0.16400E+04    0.20439E+02   -0.26528E+02    0.10146E+07   -0.72922E-01
   416    0.16413E+04    0.20361E+02   -0.28162E+02    0.10113E+07   -0.74143E-01
   417    0.16429E+04    0.20281E+02   -0.29777E+02    0.10080E+07   -0.74998E-01
   418    0.16449E+04    0.20195E+02   -0.31370E+02    0.10047E+07   -0.75502E-01
   419    0.16473E+04    0.20108E+02   -0.32940E+02    0.10015E+07   -0.75672E-01
   420    0.16499E+04    0.20017E+02   -0.34489E+02    0.99824E+06   -0.75521E-01
   421    0.16529E+04    0.19923E+02   -0.36015E+02    0.99502E+06   -0.75067E-01
   422    0.16562E+04    0.19825E+02   -0.37518E+02    0.99181E+06   -0.74325E-01
   423    0.16598E+04    0.19723E+02   -0.38997E+02    0.98862E+06   -0.73310E-01
   424    0.16636E+04    0.19618E+02   -0.40452E+02    0.98544E+06   -0.72038E-01
   425    0.16678E+04    0.19510E+02   -0.41880E+02    0.98227E+06   -0.70524E-01
   426    0.16724E+04    0.19400E+02   -0.43283E+02    0.97912E+06   -0.68786E-01
   427    0.16771E+04    0.19285E+02   -0.44662E+02    0.97599E+06   -0.66837E-01
   428    0.16821E+04    0.19168E+02   -0.46012E+02    0.97286E+06   -0.64693E-01
   429    0.16874E+04    0.19048E+02   -0.47336E+02    0.96976E+06   -0.62371E-01
   430    0.16930E+04    0.18926E+02   -0.48632E+02    0.96666E+06   -0.59886E-01
   431    0.16989E+04    0.18800E+02   -0.49900E+02    0.96358E+06   -0.57253E-01
   432    0.17049E+04    0.18671E+02   -0.51141E+02    0.96051E+06   -0.54488E-01
   433    0.17113E+04    0.18540E+02   -0.52351E+02    0.95746E+06   -0.51607E-01
   434    0.17178E+04    0.18406E+02   -0.53534E+02    0.95442E+06   -0.48626E-01
   435    0.17246E+04    0.18270E+02   -0.54686E+02    0.95139E+06   -0.45560E-01
   436    0.17317E+04    0.18132E+02   -0.55809E+02    0.94838E+06   -0.42424E-01
   437    0.17390E+04    0.17990E+02   -0.56901E+02    0.94538E+06   -0.39234E-01
   438    0.17464E+04    0.17846E+02   -0.57961E+02    0.94239E+06   -0.36007E-01
   439    0.17541E+04    0.17701E+02   -0.58991E+02    0.93942E+06   -0.32757E-01
   440    0.17620E+04    0.17552E+02   -0.59989E+02    0.93646E+06   -0.29500E-01
   441    0.17702E+04    0.17402E+02   -0.60956E+02    0.93351E+06   -0.26252E-01
   442    0.17784E+04    0.17249E+02   -0.61891E+02    0.93057E+06   -0.23029E-01
   443    0.17869E+04    0.17094E+02   -0.62793E+02    0.92765E+06   -0.19846E-01
   444    0.17955E+04    0.16938E+02   -0.63662E+02    0.92474E+06   -0.16718E-01
   445    0.18043E+04    0.16779E+02   -0.64498E+02    0.92184E+06   -0.13662E-01
   446    0.18132E+04    0.16619E+02   -0.65300E+02    0.91896E+06   -0.10693E-01
   447    0.18224E+04    0.16458E+02   -0.66070E+02    0.91609E+06   -0.78268E-02
   448    0.18316E+04    0.16294E+02   -0.66807E+02    0.91323E+06   -0.50787E-02
   449    0.18410E+04    0.16129E+02   -0.67508E+02    0.91038E+06   -0.24646E-02
   450    0.18506E+04    0.15963E+02   -0.68177E+02    0.90754E+06    0.00000E+00
   451    0.18602E+04    0.15795E+02   -0.68811E+02    0.90472E+06    0.23027E-02
   452    0.18700E+04    0.15626E+02   -0.69412E+02    0.90191E+06    0.44443E-02
   453    0.18799E+04    0.15456E+02   -0.69978E+02    0.89911E+06    0.64291E-02
   454    0.18899E+04    0.15285E+02   -0.70511E+02    0.89633E+06    0.82613E-02
   455    0.19000E+04    0.15113E+02   -0.71010E+02    0.89355E+06    0.99450E-02
   456    0.19102E+04    0.14940E+02   -0.71469E+02    0.89079E+06    0.11485E-01
   457    0.19204E+04    0.14766E+02   -0.71902E+02    0.88804E+06    0.12884E-01
   458    0.19308E+04    0.14592E+02   -0.72290E+02    0.88530E+06    0.14147E-01
   459    0.19413E+04    0.14417E+02   -0.72648E+02    0.88257E+06    0.15279E-01
   460    0.19518E+04    0.14241E+02   -0.72972E+02    0.87985E+06    0.16284E-01
   461    0.19623E+04    0.14065E+02   -0.73261E+02    0.87715E+06    0.17165E-01
   462    0.19729E+04    0.13888E+02   -0.73510E+02    0.87446E+06    0.17926E-01
   463    0.19836E+04    0.13712E+02   -0.73737E+02    0.87178E+06    0.18573E-01
   464    0.19942E+04    0.13536E+02   -0.73912E+02    0.86911E+06    0.19110E-01
   465    0.20048E+04    0.13359E+02   -0.74066E+02    0.86645E+06    0.19539E-01
   466    0.20155E+04    0.13182E+02   -0.74175E+02    0.86380E+06    0.19867E-01
   467    0.20263E+04    0.13006E+02   -0.74255E+02    0.86117E+06    0.20096E-01
   468    0.20370E+04    0.12830E+02   -0.74298E+02    0.85854E+06    0.20231E-01
   469    0.20478E+04    0.12653E+02   -0.74312E+02    0.85593E+06    0.20276E-01
   470    0.20586E+04    0.12478E+02   -0.74289E+02    0.85333E+06    0.20236E-01
   471    0.20692E+04    0.12304E+02   -0.74229E+02    0.85074E+06    0.20114E-01
   472    0.20799E+04    0.12130E+02   -0.74139E+02    0.84816E+06    0.19915E-01
   473    0.20906E+04    0.11956E+02   -0.74013E+02    0.84559E+06    0.19643E-01
   474    0.21013E+04    0.11784E+02   -0.73857E+02    0.84303E+06    0.19302E-01
   475    0.21120E+04    0.11612E+02   -0.73665E+02    0.84049E+06    0.18897E-01
   476    0.21225E+04    0.11442E+02   -0.73437E+02    0.83795E+06    0.18431E-01
   477    0.21330E+04    0.11273E+02   -0.73185E+02    0.83543E+06    0.17909E-01
   478    0.21435E+04    0.11104E+02   -0.72888E+02    0.83291E+06    0.17334E-01
   479    0.21539E+04    0.10937E+02   -0.72573E+02    0.83041E+06    0.16712E-01
   480    0.21642E+04    0.10772E+02   -0.72219E+02    0.82792E+06    0.16046E-01
   481    0.21745E+04    0.10608E+02   -0.71830E+02    0.82544E+06    0.15341E-01
   482    0.21848E+04    0.10446E+02   -0.71412E+02    0.82297E+06    0.14600E-01
   483    0.21949E+04    0.10286E+02   -0.70968E+02    0.82051E+06    0.13828E-01
   484    0.22048E+04    0.10127E+02   -0.70491E+02    0.81805E+06    0.13029E-01
   485    0.22148E+04    0.99700E+01   -0.69983E+02    0.81562E+06    0.12208E-01
   486    0.22247E+04    0.98158E+01   -0.69445E+02    0.81319E+06    0.11367E-01
   487    0.22344E+04    0.96637E+01   -0.68879E+02    0.81077E+06    0.10513E-01
   488    0.22440E+04    0.95129E+01   -0.68283E+02    0.80836E+06    0.96480E-02
   489    0.22535E+04    0.93649E+01   -0.67658E+02    0.80596E+06    0.87772E-02
   490    0.22629E+04    0.92197E+01   -0.67004E+02    0.80357E+06    0.79046E-02
   491    0.22721E+04    0.90767E+01   -0.66325E+02    0.80119E+06    0.70343E-02
   492    0.22813E+04    0.89364E+01   -0.65618E+02    0.79882E+06    0.61706E-02
   493    0.22903E+04    0.87975E+01   -0.64883E+02    0.79647E+06    0.53177E-02
   494    0.22992E+04    0.86628E+01   -0.64123E+02    0.79412E+06    0.44797E-02
   495    0.23078E+04    0.85303E+01   -0.63337E+02    0.79178E+06    0.36608E-02
   496    0.23163E+04    0.84012E+01   -0.62526E+02    0.78945E+06    0.28652E-02
   497    0.23247E+04    0.82750E+01   -0.61690E+02    0.78713E+06    0.20972E-02
   498    0.23329E+04    0.81508E+01   -0.60831E+02    0.78482E+06    0.13608E-02
   499    0.23411E+04    0.80310E+01   -0.59947E+02    0.78252E+06    0.66038E-03
   500    0.23491E+04    0.79131E+01   -0.59041E+02    0.78023E+06    0.00000E+00
   501    0.23567E+04    0.77996E+01   -0.58113E+02    0.77795E+06   -0.61700E-03
   502    0.23644E+04    0.76896E+01   -0.57162E+02    0.77568E+06   -0.11909E-02
   503    0.23718E+04    0.75823E+01   -0.56191E+02    0.77342E+06   -0.17227E-02
   504    0.23789E+04    0.74786E+01   -0.55197E+02    0.77117E+06   -0.22136E-02
   505    0.23861E+04    0.73792E+01   -0.54186E+02    0.76893E+06   -0.26648E-02
   506    0.23929E+04    0.72835E+01   -0.53154E+02    0.76669E+06   -0.30773E-02
   507    0.23996E+04    0.71912E+01   -0.52103E+02    0.76447E+06   -0.34522E-02
   508    0.24061E+04    0.71033E+01   -0.51034E+02    0.76226E+06   -0.37908E-02
   509    0.24124E+04    0.70189E+01   -0.49948E+02    0.76005E+06   -0.40941E-02
   510    0.24184E+04    0.69386E+01   -0.48846E+02    0.75786E+06   -0.43632E-02
   511    0.24243E+04    0.68621E+01   -0.47727E+02    0.75567E+06   -0.45992E-02
   512    0.24300E+04    0.67900E+01   -0.46592E+02    0.75349E+06   -0.48034E-02
   513    0.24355E+04    0.67219E+01   -0.45443E+02    0.75132E+06   -0.49767E-02
   514    0.24407E+04    0.66582E+01   -0.44281E+02    0.74916E+06   -0.51204E-02
   515    0.24458E+04    0.65987E+01   -0.43104E+02    0.74701E+06   -0.52355E-02
   516    0.24507E+04    0.65437E+01   -0.41915E+02    0.74487E+06   -0.53232E-02
   517    0.24552E+04    0.64931E+01   -0.40714E+02    0.74274E+06   -0.53846E-02
   518    0.24596E+04    0.64470E+01   -0.39502E+02    0.74062E+06   -0.54208E-02
   519    0.24639E+04    0.64054E+01   -0.38278E+02    0.73850E+06   -0.54330E-02
   520    0.24679E+04    0.63683E+01   -0.37046E+02    0.73640E+06   -0.54222E-02
   521    0.24716E+04    0.63358E+01   -0.35804E+02    0.73430E+06   -0.53896E-02
   522    0.24750E+04    0.63082E+01   -0.34554E+02    0.73222E+06   -0.53363E-02
   523    0.24783E+04    0.62852E+01   -0.33296E+02    0.73014E+06   -0.52634E-02
   524    0.24814E+04    0.62669E+01   -0.32031E+02    0.72807E+06   -0.51721E-02
   525    0.24842E+04    0.62534E+01   -0.30759E+02    0.72600E+06   -0.50634E-02
   526    0.24868E+04    0.62448E+01   -0.29482E+02    0.72395E+06   -0.49386E-02
   527    0.24893E+04    0.62409E+01   -0.28200E+02    0.72191E+06   -0.47986E-02
   528    0.24914E+04    0.62419E+01   -0.26915E+02    0.71987E+06   -0.46448E-02
   529    0.24933E+04    0.62480E+01   -0.25625E+02    0.71784E+06   -0.44780E-02
   530    0.24950E+04    0.62591E+01   -0.24335E+02    0.71582E+06   -0.42996E-02
   531    0.24966E+04    0.62749E+01   -0.23040E+02    0.71381E+06   -0.41106E-02
   532    0.24978E+04    0.62959E+01   -0.21746E+02    0.71181E+06   -0.39121E-02
   533    0.24988E+04    0.63219E+01   -0.20451E+02    0.70982E+06   -0.37052E-02
   534    0.24995E+04    0.63529E+01   -0.19157E+02    0.70783E+06   -0.34912E-02
   535    0.25001E+04    0.63890E+01   -0.17864E+02    0.70585E+06   -0.32710E-02
   536    0.25004E+04    0.64301E+01   -0.16572E+02    0.70389E+06   -0.30459E-02
   537    0.25005E+04    0.64763E+01   -0.15283E+02    0.70192E+06   -0.28169E-02
   538    0.25003E+04    0.65277E+01   -0.13997E+02    0.69997E+06   -0.25852E-02
   539    0.25000E+04    0.65840E+01   -0.12716E+02    0.69803E+06   -0.23518E-02
   540    0.24994E+04    0.66457E+01   -0.11439E+02    0.69609E+06   -0.21180E-02
   541    0.24986E+04    0.67122E+01   -0.10167E+02    0.69416E+06   -0.18848E-02
   542    0.24975E+04    0.67840E+01   -0.89025E+01    0.69224E+06   -0.16534E-02
   543    0.24962E+04    0.68609E+01   -0.76444E+01    0.69033E+06   -0.14249E-02
   544    0.24948E+04    0.69429E+01   -0.63938E+01    0.68842E+06   -0.12003E-02
   545    0.24930E+04    0.70299E+01   -0.51513E+01    0.68653E+06   -0.98090E-03
   546    0.24911E+04    0.71218E+01   -0.39180E+01    0.68464E+06   -0.76774E-03
   547    0.24889E+04    0.72188E+01   -0.26941E+01    0.68276E+06   -0.56194E-03
   548    0.24866E+04    0.73209E+01   -0.14806E+01    0.68088E+06   -0.36464E-03
   549    0.24840E+04    0.74280E+01   -0.27831E+00    0.67902E+06   -0.17695E-03
   550    0.24812E+04    0.75402E+01    0.91234E+00    0.67716E+06    0.00000E+00
   551    0.24783E+04    0.76574E+01    0.20907E+01    0.67531E+06    0.16532E-03
   552    0.24750E+04    0.77798E+01    0.32557E+01    0.67347E+06    0.31909E-03
   553    0.24717E+04    0.79057E+01    0.44071E+01    0.67163E+06    0.46159E-03
   554    0.24681E+04    0.80382E+01    0.55441E+01    0.66981E+06    0.59314E-03
   555    0.24642E+04    0.81751E+01    0.66658E+01    0.66799E+06    0.71402E-03
   556    0.24602E+04    0.83170E+01    0.77722E+01    0.66617E+06    0.82455E-03
   557    0.24560E+04    0.84633E+01    0.88613E+01    0.66437E+06    0.92502E-03
   558    0.24516E+04    0.86155E+01    0.99338E+01    0.66257E+06    0.10157E-02
   559    0.24469E+04    0.87712E+01    0.10989E+02    0.66078E+06    0.10970E-02
   560    0.24422E+04    0.89314E+01    0.12025E+02    0.65900E+06    0.11691E-02
   561    0.24371E+04    0.90967E+01    0.13043E+02    0.65722E+06    0.12324E-02
   562    0.24320E+04    0.92671E+01    0.14040E+02    0.65545E+06    0.12871E-02
   563    0.24267E+04    0.94411E+01    0.15020E+02    0.65369E+06    0.13335E-02
   564    0.24212E+04    0.96210E+01    0.15976E+02    0.65194E+06    0.13720E-02
   565    0.24155E+04    0.98038E+01    0.16913E+02    0.65019E+06    0.14029E-02
   566    0.24097E+04    0.99918E+01    0.17827E+02    0.64845E+06    0.14264E-02
   567    0.24037E+04    0.10183E+02    0.18719E+02    0.64672E+06    0.14428E-02
   568    0.23975E+04    0.10380E+02    0.19588E+02    0.64499E+06    0.14525E-02
   569    0.23911E+04    0.10581E+02    0.20435E+02    0.64327E+06    0.14558E-02
   570    0.23847E+04    0.10786E+02    0.21257E+02    0.64156E+06    0.14529E-02
   571    0.23780E+04    0.10995E+02    0.22054E+02    0.63986E+06    0.14441E-02
   572    0.23712E+04    0.11208E+02    0.22827E+02    0.63816E+06    0.14298E-02
   573    0.23643E+04    0.11425E+02    0.23573E+02    0.63647E+06    0.14103E-02
   574    0.23572E+04    0.11646E+02    0.24295E+02    0.63479E+06    0.13859E-02
   575    0.23500E+04    0.11870E+02    0.24989E+02    0.63311E+06    0.13567E-02
   576    0.23427E+04    0.12099E+02    0.25658E+02    0.63144E+06    0.13233E-02
   577    0.23352E+04    0.12331E+02    0.26299E+02    0.62978E+06    0.12858E-02
   578    0.23276E+04    0.12566E+02    0.26913E+02    0.62812E+06    0.12446E-02
   579    0.23199E+04    0.12805E+02    0.27499E+02    0.62647E+06    0.11999E-02
   580    0.23122E+04    0.13048E+02    0.28056E+02    0.62483E+06    0.11521E-02
   581    0.23041E+04    0.13293E+02    0.28586E+02    0.62319E+06    0.11014E-02
   582    0.22961E+04    0.13543E+02    0.29086E+02    0.62157E+06    0.10482E-02
   583    0.22880E+04    0.13795E+02    0.29556E+02    0.61994E+06    0.99282E-03
   584    0.22797E+04    0.14050E+02    0.29997E+02    0.61833E+06    0.93546E-03
   585    0.22714E+04    0.14308E+02    0.30408E+02    0.61672E+06    0.87647E-03
   586    0.22630E+04    0.14569E+02    0.30789E+02    0.61511E+06    0.81614E-03
   587    0.22546E+04    0.14833E+02    0.31140E+02    0.61352E+06    0.75479E-03
   588    0.22459E+04    0.15100E+02    0.31459E+02    0.61193E+06    0.69270E-03
   589    0.22373E+04    0.15369E+02    0.31747E+02    0.61034E+06    0.63017E-03
   590    0.22285E+04    0.15640E+02    0.32005E+02    0.60877E+06    0.56752E-03
   591    0.22197E+04    0.15915E+02    0.32231E+02    0.60720E+06    0.50504E-03
   592    0.22109E+04    0.16191E+02    0.32424E+02    0.60563E+06    0.44303E-03
   593    0.22019E+04    0.16470E+02    0.32587E+02    0.60407E+06    0.38179E-03
   594    0.21929E+04    0.16751E+02    0.32717E+02    0.60252E+06    0.32162E-03
   595    0.21838E+04    0.17033E+02    0.32816E+02    0.60098E+06    0.26283E-03
   596    0.21747E+04    0.17318E+02    0.32881E+02    0.59944E+06    0.20571E-03
   597    0.21656E+04    0.17603E+02    0.32915E+02    0.59790E+06    0.15057E-03
   598    0.21567E+04    0.17891E+02    0.32916E+02    0.59638E+06    0.97704E-04
   599    0.21476E+04    0.18181E+02    0.32885E+02    0.59485E+06    0.47413E-04
   600    0.21384E+04    0.18472E+02    0.32821E+02    0.59334E+06    0.00000E+00
   601    0.21291E+04    0.18764E+02    0.32724E+02    0.59183E+06   -0.44298E-04
   602    0.21199E+04    0.19057E+02    0.32594E+02    0.59033E+06   -0.85499E-04
   603    0.21106E+04    0.19352E+02    0.32433E+02    0.58883E+06   -0.12368E-03
   604    0.21015E+04    0.19648E+02    0.32238E+02    0.58734E+06   -0.15893E-03
   605    0.20922E+04    0.19944E+02    0.32011E+02    0.58585E+06   -0.19132E-03
   606    0.20831E+04    0.20241E+02    0.31751E+02    0.58438E+06   -0.22094E-03
   607    0.20737E+04    0.20538E+02    0.31458E+02    0.58290E+06   -0.24786E-03
   608    0.20645E+04    0.20837E+02    0.31132E+02    0.58143E+06   -0.27217E-03
   609    0.20553E+04    0.21135E+02    0.30774E+02    0.57997E+06   -0.29394E-03
   610    0.20461E+04    0.21433E+02    0.30382E+02    0.57852E+06   -0.31326E-03
   611    0.20370E+04    0.21732E+02    0.29959E+02    0.57707E+06   -0.33021E-03
   612    0.20279E+04    0.22032E+02    0.29504E+02    0.57562E+06   -0.34487E-03
   613    0.20188E+04    0.22329E+02    0.29015E+02    0.57419E+06   -0.35731E-03
   614    0.20098E+04    0.22628E+02    0.28494E+02    0.57275E+06   -0.36763E-03
   615    0.20008E+04    0.22925E+02    0.27942E+02    0.57133E+06   -0.37589E-03
   616    0.19918E+04    0.23224E+02    0.27358E+02    0.56990E+06   -0.38219E-03
   617    0.19830E+04    0.23521E+02    0.26743E+02    0.56849E+06   -0.38660E-03
   618    0.19742E+04    0.23818E+02    0.26095E+02    0.56708E+06   -0.38920E-03
   619    0.19654E+04    0.24115E+02    0.25418E+02    0.56567E+06   -0.39007E-03
   620    0.19568E+04    0.24410E+02    0.24709E+02    0.56427E+06   -0.38929E-03
   621    0.19481E+04    0.24704E+02    0.23969E+02    0.56288E+06   -0.38695E-03
   622    0.19395E+04    0.24998E+02    0.23198E+02    0.56149E+06   -0.38313E-03
   623    0.19311E+04    0.25289E+02    0.22399E+02    0.56011E+06   -0.37789E-03
   624    0.19227E+04    0.25579E+02    0.21569E+02    0.55873E+06   -0.37134E-03
   625    0.19143E+04    0.25867E+02    0.20709E+02    0.55736E+06   -0.36354E-03
   626    0.19061E+04    0.26155E+02    0.19820E+02    0.55600E+06   -0.35457E-03
   627    0.18981E+04    0.26440E+02    0.18902E+02    0.55463E+06   -0.34453E-03
   628    0.18901E+04    0.26723E+02    0.17956E+02    0.55328E+06   -0.33348E-03
   629    0.18822E+04    0.27004E+02    0.16981E+02    0.55193E+06   -0.32151E-03
   630    0.18743E+04    0.27284E+02    0.15977E+02    0.55058E+06   -0.30870E-03
   631    0.18666E+04    0.27561E+02    0.14947E+02    0.54924E+06   -0.29513E-03
   632    0.18591E+04    0.27835E+02    0.13889E+02    0.54791E+06   -0.28088E-03
   633    0.18516E+04    0.28108E+02    0.12805E+02    0.54658E+06   -0.26602E-03
   634    0.18443E+04    0.28377E+02    0.11694E+02    0.54526E+06   -0.25066E-03
   635    0.18371E+04    0.28645E+02    0.10558E+02    0.54394E+06   -0.23485E-03
   636    0.18299E+04    0.28910E+02    0.93967E+01    0.54262E+06   -0.21869E-03
   637    0.18230E+04    0.29171E+02    0.82097E+01    0.54131E+06   -0.20224E-03
   638    0.18162E+04    0.29430E+02    0.69990E+01    0.54001E+06   -0.18561E-03
   639    0.18095E+04    0.29685E+02    0.57638E+01    0.53871E+06   -0.16885E-03
   640    0.18030E+04    0.29938E+02    0.45054E+01    0.53742E+06   -0.15207E-03
   641    0.17966E+04    0.30188E+02    0.32240E+01    0.53613E+06   -0.13533E-03
   642    0.17903E+04    0.30433E+02    0.19202E+01    0.53484E+06   -0.11871E-03
   643    0.17841E+04    0.30677E+02    0.59449E+00    0.53357E+06   -0.10230E-03
   644    0.17783E+04    0.30914E+02   -0.75249E+00    0.53229E+06   -0.86179E-04
   645    0.17724E+04    0.31149E+02   -0.21205E+01    0.53102E+06   -0.70426E-04
   646    0.17667E+04    0.31381E+02   -0.35088E+01    0.52976E+06   -0.55121E-04
   647    0.17613E+04    0.31608E+02   -0.49174E+01    0.52850E+06   -0.40345E-04
   648    0.17559E+04    0.31832E+02   -0.63443E+01    0.52725E+06   -0.26180E-04
   649    0.17508E+04    0.32051E+02   -0.77904E+01    0.52600E+06   -0.12704E-04
   650    0.17459E+04    0.32266E+02   -0.92541E+01    0.52475E+06    0.00000E+00
   651    0.17410E+04    0.32478E+02   -0.10735E+02    0.52351E+06    0.11870E-04
   652    0.17363E+04    0.32685E+02   -0.12234E+02    0.52227E+06    0.22909E-04
   653    0.17319E+04    0.32886E+02   -0.13748E+02    0.52104E+06    0.33141E-04
   654    0.17276E+04    0.33084E+02   -0.15276E+02    0.51982E+06    0.42585E-04
   655    0.17234E+04    0.33278E+02   -0.16820E+02    0.51860E+06    0.51264E-04
   656    0.17195E+04    0.33467E+02   -0.18379E+02    0.51738E+06    0.59200E-04
   657    0.17157E+04    0.33651E+02   -0.19950E+02    0.51617E+06    0.66414E-04
   658    0.17120E+04    0.33830E+02   -0.21534E+02    0.51496E+06    0.72927E-04
   659    0.17087E+04    0.34005E+02   -0.23130E+02    0.51376E+06    0.78761E-04
   660    0.17055E+04    0.34174E+02   -0.24738E+02    0.51256E+06    0.83938E-04
   661    0.17025E+04    0.34338E+02   -0.26355E+02    0.51136E+06    0.88480E-04
   662    0.16997E+04    0.34498E+02   -0.27983E+02    0.51017E+06    0.92407E-04
   663    0.16970E+04    0.34653E+02   -0.29621E+02    0.50899E+06    0.95742E-04
   664    0.16945E+04    0.34802E+02   -0.31267E+02    0.50781E+06    0.98506E-04
   665    0.16922E+04    0.34945E+02   -0.32921E+02    0.50663E+06    0.10072E-03
   666    0.16901E+04    0.35084E+02   -0.34583E+02    0.50546E+06    0.10241E-03
   667    0.16882E+04    0.35217E+02   -0.36251E+02    0.50429E+06    0.10359E-03
   668    0.16864E+04    0.35345E+02   -0.37925E+02    0.50313E+06    0.10429E-03
   669    0.16849E+04    0.35467E+02   -0.39604E+02    0.50197E+06    0.10452E-03
   670    0.16836E+04    0.35583E+02   -0.41286E+02    0.50082E+06    0.10431E-03
   671    0.16825E+04    0.35696E+02   -0.42973E+02    0.49967E+06    0.10368E-03
   672    0.16815E+04    0.35801E+02   -0.44663E+02    0.49852E+06    0.10266E-03
   673    0.16808E+04    0.35902E+02   -0.46355E+02    0.49738E+06    0.10126E-03
   674    0.16802E+04    0.35996E+02   -0.48048E+02    0.49624E+06    0.99500E-04
   675    0.16798E+04    0.36085E+02   -0.49743E+02    0.49511E+06    0.97410E-04
   676    0.16796E+04    0.36168E+02   -0.51436E+02    0.49398E+06    0.95008E-04
   677    0.16796E+04    0.36245E+02   -0.53130E+02    0.49285E+06    0.92316E-04
   678    0.16799E+04    0.36316E+02   -0.54822E+02    0.49173E+06    0.89355E-04
   679    0.16802E+04    0.36382E+02   -0.56512E+02    0.49062E+06    0.86148E-04
   680    0.16809E+04    0.36442E+02   -0.58199E+02    0.48950E+06    0.82715E-04
   681    0.16817E+04    0.36496E+02   -0.59882E+02    0.48840E+06    0.79079E-04
   682    0.16827E+04    0.36543E+02   -0.61561E+02    0.48729E+06    0.75260E-04
   683    0.16839E+04    0.36586E+02   -0.63237E+02    0.48619E+06    0.71281E-04
   684    0.16853E+04    0.36621E+02   -0.64907E+02    0.48510E+06    0.67163E-04
   685    0.16868E+04    0.36651E+02   -0.66571E+02    0.48400E+06    0.62928E-04
   686    0.16885E+04    0.36675E+02   -0.68220E+02    0.48292E+06    0.58596E-04
   687    0.16905E+04    0.36693E+02   -0.69865E+02    0.48183E+06    0.54191E-04
   688    0.16925E+04    0.36705E+02   -0.71504E+02    0.48075E+06    0.49733E-04
   689    0.16948E+04    0.36710E+02   -0.73130E+02    0.47967E+06    0.45244E-04
   690    0.16973E+04    0.36711E+02   -0.74750E+02    0.47860E+06    0.40746E-04
   691    0.16999E+04    0.36704E+02   -0.76356E+02    0.47753E+06    0.36260E-04
   692    0.17027E+04    0.36692E+02   -0.77949E+02    0.47647E+06    0.31808E-04
   693    0.17058E+04    0.36674E+02   -0.79537E+02    0.47541E+06    0.27411E-04
   694    0.17089E+04    0.36649E+02   -0.81104E+02    0.47435E+06    0.23092E-04
   695    0.17123E+04    0.36620E+02   -0.82657E+02    0.47330E+06    0.18871E-04
   696    0.17159E+04    0.36584E+02   -0.84213E+02    0.47225E+06    0.14770E-04
   697    0.17196E+04    0.36543E+02   -0.85740E+02    0.47120E+06    0.10811E-04
   698    0.17234E+04    0.36494E+02   -0.87254E+02    0.47016E+06    0.70148E-05
   699    0.17274E+04    0.36441E+02   -0.88748E+02    0.46912E+06    0.34041E-05
   700    0.17317E+04    0.36381E+02   -0.90228E+02    0.46809E+06    0.00000E+00
   701    0.17361E+04    0.36316E+02   -0.91696E+02    0.46706E+06   -0.31805E-05
   702    0.17406E+04    0.36245E+02   -0.93135E+02    0.46603E+06   -0.61386E-05
   703    0.17453E+04    0.36168E+02   -0.94577E+02    0.46501E+06   -0.88800E-05
   704    0.17501E+04    0.36086E+02   -0.95983E+02    0.46399E+06   -0.11411E-04
   705    0.17550E+04    0.35997E+02   -0.97368E+02    0.46297E+06   -0.13736E-04
   706    0.17601E+04    0.35903E+02   -0.98740E+02    0.46196E+06   -0.15863E-04
   707    0.17654E+04    0.35804E+02   -0.10009E+03    0.46095E+06   -0.17795E-04
   708    0.17709E+04    0.35699E+02   -0.10141E+03    0.45994E+06   -0.19541E-04
   709    0.17764E+04    0.35589E+02   -0.10272E+03    0.45894E+06   -0.21104E-04
   710    0.17821E+04    0.35473E+02   -0.10400E+03    0.45794E+06   -0.22491E-04
   711    0.17880E+04    0.35352E+02   -0.10526E+03    0.45695E+06   -0.23708E-04
   712    0.17939E+04    0.35225E+02   -0.10650E+03    0.45595E+06   -0.24760E-04
   713    0.18001E+04    0.35093E+02   -0.10770E+03    0.45497E+06   -0.25654E-04
   714    0.18063E+04    0.34957E+02   -0.10889E+03    0.45398E+06   -0.26395E-04
   715    0.18126E+04    0.34814E+02   -0.11006E+03    0.45300E+06   -0.26988E-04
   716    0.18191E+04    0.34667E+02   -0.11119E+03    0.45202E+06   -0.27440E-04
   717    0.18257E+04    0.34515E+02   -0.11229E+03    0.45105E+06   -0.27757E-04
   718    0.18324E+04    0.34358E+02   -0.11338E+03    0.45008E+06   -0.27943E-04
   719    0.18392E+04    0.34195E+02   -0.11443E+03    0.44911E+06   -0.28006E-04
   720    0.18460E+04    0.34028E+02   -0.11546E+03    0.44814E+06   -0.27950E-04
   721    0.18531E+04    0.33857E+02   -0.11645E+03    0.44718E+06   -0.27782E-04
   722    0.18602E+04    0.33680E+02   -0.11741E+03    0.44623E+06   -0.27507E-04
   723    0.18674E+04    0.33500E+02   -0.11835E+03    0.44527E+06   -0.27132E-04
   724    0.18747E+04    0.33314E+02   -0.11926E+03    0.44432E+06   -0.26661E-04
   725    0.18821E+04    0.33125E+02   -0.12014E+03    0.44337E+06   -0.26101E-04
   726    0.18896E+04    0.32933E+02   -0.12098E+03    0.44243E+06   -0.25457E-04
   727    0.18971E+04    0.32735E+02   -0.12180E+03    0.44149E+06   -0.24736E-04
   728    0.19047E+04    0.32531E+02   -0.12259E+03    0.44055E+06   -0.23943E-04
   729    0.19124E+04    0.32325E+02   -0.12335E+03    0.43961E+06   -0.23083E-04
   730    0.19201E+04    0.32115E+02   -0.12407E+03    0.43868E+06   -0.22164E-04
   731    0.19281E+04    0.31900E+02   -0.12475E+03    0.43775E+06   -0.21189E-04
   732    0.19359E+04    0.31684E+02   -0.12540E+03    0.43683E+06   -0.20166E-04
   733    0.19439E+04    0.31462E+02   -0.12603E+03    0.43591E+06   -0.19100E-04
   734    0.19520E+04    0.31237E+02   -0.12661E+03    0.43499E+06   -0.17996E-04
   735    0.19601E+04    0.31008E+02   -0.12718E+03    0.43407E+06   -0.16861E-04
   736    0.19681E+04    0.30776E+02   -0.12769E+03    0.43316E+06   -0.15701E-04
   737    0.19763E+04    0.30541E+02   -0.12819E+03    0.43225E+06   -0.14520E-04
   738    0.19845E+04    0.30304E+02   -0.12863E+03    0.43134E+06   -0.13326E-04
   739    0.19927E+04    0.30062E+02   -0.12905E+03    0.43044E+06   -0.12123E-04
   740    0.20009E+04    0.29818E+02   -0.12944E+03    0.42954E+06   -0.10918E-04
   741    0.20092E+04    0.29570E+02   -0.12979E+03    0.42864E+06   -0.97159E-05
   742    0.20175E+04    0.29322E+02   -0.13010E+03    0.42774E+06   -0.85230E-05
   743    0.20258E+04    0.29072E+02   -0.13038E+03    0.42685E+06   -0.73449E-05
   744    0.20342E+04    0.28817E+02   -0.13062E+03    0.42596E+06   -0.61874E-05
   745    0.20426E+04    0.28561E+02   -0.13084E+03    0.42508E+06   -0.50563E-05
   746    0.20509E+04    0.28303E+02   -0.13099E+03    0.42419E+06   -0.39575E-05
   747    0.20591E+04    0.28042E+02   -0.13113E+03    0.42331E+06   -0.28967E-05
   748    0.20675E+04    0.27780E+02   -0.13124E+03    0.42244E+06   -0.18796E-05
   749    0.20759E+04    0.27514E+02   -0.13131E+03    0.42156E+06   -0.91213E-06
   750    0.20842E+04    0.27248E+02   -0.13134E+03    0.42069E+06    0.00000E+00
   751    0.20925E+04    0.26979E+02   -0.13134E+03    0.41982E+06    0.85221E-06
   752    0.21009E+04    0.26711E+02   -0.13129E+03    0.41896E+06    0.16448E-05
   753    0.21092E+04    0.26440E+02   -0.13121E+03    0.41809E+06    0.23794E-05
   754    0.21174E+04    0.26168E+02   -0.13109E+03    0.41723E+06    0.30575E-05
   755    0.21257E+04    0.25895E+02   -0.13095E+03    0.41638E+06    0.36806E-05
   756    0.21337E+04    0.25621E+02   -0.13076E+03    0.41552E+06    0.42504E-05
   757    0.21420E+04    0.25346E+02   -0.13054E+03    0.41467E+06    0.47683E-05
   758    0.21500E+04    0.25070E+02   -0.13027E+03    0.41382E+06    0.52359E-05
   759    0.21581E+04    0.24794E+02   -0.12998E+03    0.41297E+06    0.56548E-05
   760    0.21661E+04    0.24517E+02   -0.12966E+03    0.41213E+06    0.60265E-05
   761    0.21740E+04    0.24239E+02   -0.12929E+03    0.41129E+06    0.63526E-05
   762    0.21820E+04    0.23962E+02   -0.12889E+03    0.41045E+06    0.66345E-05
   763    0.21898E+04    0.23685E+02   -0.12846E+03    0.40962E+06    0.68740E-05
   764    0.21976E+04    0.23408E+02   -0.12799E+03    0.40878E+06    0.70724E-05
   765    0.22052E+04    0.23130E+02   -0.12749E+03    0.40795E+06    0.72314E-05
   766    0.22129E+04    0.22854E+02   -0.12695E+03    0.40713E+06    0.73526E-05
   767    0.22204E+04    0.22578E+02   -0.12638E+03    0.40630E+06    0.74374E-05
   768    0.22279E+04    0.22302E+02   -0.12576E+03    0.40548E+06    0.74874E-05
   769    0.22353E+04    0.22025E+02   -0.12512E+03    0.40466E+06    0.75042E-05
   770    0.22425E+04    0.21751E+02   -0.12445E+03    0.40384E+06    0.74893E-05
   771    0.22497E+04    0.21477E+02   -0.12373E+03    0.40303E+06    0.74442E-05
   772    0.22568E+04    0.21205E+02   -0.12298E+03    0.40222E+06    0.73706E-05
   773    0.22638E+04    0.20934E+02   -0.12220E+03    0.40141E+06    0.72699E-05
   774    0.22706E+04    0.20664E+02   -0.12140E+03    0.40060E+06    0.71438E-05
   775    0.22775E+04    0.20395E+02   -0.12055E+03    0.39980E+06    0.69937E-05
   776    0.22841E+04    0.20129E+02   -0.11968E+03    0.39900E+06    0.68213E-05
   777    0.22906E+04    0.19863E+02   -0.11877E+03    0.39820E+06    0.66280E-05
   778    0.22972E+04    0.19600E+02   -0.11783E+03    0.39740E+06    0.64155E-05
   779    0.23035E+04    0.19339E+02   -0.11686E+03    0.39661E+06    0.61852E-05
   780    0.23096E+04    0.19078E+02   -0.11586E+03    0.39581E+06    0.59387E-05
   781    0.23157E+04    0.18821E+02   -0.11483E+03    0.39503E+06    0.56777E-05
   782    0.23216E+04    0.18566E+02   -0.11379E+03    0.39424E+06    0.54035E-05
   783    0.23275E+04    0.18313E+02   -0.11269E+03    0.39346E+06    0.51178E-05
   784    0.23332E+04    0.18063E+02   -0.11157E+03    0.39267E+06    0.48221E-05
   785    0.23387E+04    0.17815E+02   -0.11043E+03    0.39189E+06    0.45181E-05
   786    0.23441E+04    0.17570E+02   -0.10923E+03    0.39112E+06    0.42071E-05
   787    0.23493E+04    0.17328E+02   -0.10802E+03    0.39034E+06    0.38908E-05
   788    0.23544E+04    0.17089E+02   -0.10679E+03    0.38957E+06    0.35707E-05
   789    0.23593E+04    0.16851E+02   -0.10554E+03    0.38880E+06    0.32484E-05
   790    0.23642E+04    0.16618E+02   -0.10425E+03    0.38803E+06    0.29255E-05
   791    0.23688E+04    0.16388E+02   -0.10292E+03    0.38727E+06    0.26034E-05
   792    0.23733E+04    0.16162E+02   -0.10159E+03    0.38651E+06    0.22838E-05
   793    0.23776E+04    0.15940E+02   -0.10021E+03    0.38575E+06    0.19681E-05
   794    0.23817E+04    0.15722E+02   -0.98825E+02    0.38499E+06    0.16579E-05
   795    0.23857E+04    0.15506E+02   -0.97407E+02    0.38423E+06    0.13549E-05
   796    0.23896E+04    0.15295E+02   -0.95973E+02    0.38348E+06    0.10604E-05
   797    0.23932E+04    0.15087E+02   -0.94510E+02    0.38273E+06    0.77618E-06
   798    0.23967E+04    0.14884E+02   -0.93031E+02    0.38198E+06    0.50365E-06
   799    0.24000E+04    0.14684E+02   -0.91530E+02    0.38123E+06    0.24441E-06
   800    0.24032E+04    0.14489E+02   -0.90006E+02    0.38049E+06    0.00000E+00
   801    0.24062E+04    0.14298E+02   -0.88467E+02    0.37975E+06   -0.22835E-06
   802    0.24089E+04    0.14111E+02   -0.86890E+02    0.37901E+06   -0.44074E-06
   803    0.24116E+04    0.13928E+02   -0.85313E+02    0.37827E+06   -0.63758E-06
   804    0.24140E+04    0.13750E+02   -0.83706E+02    0.37753E+06   -0.81928E-06
   805    0.24164E+04    0.13576E+02   -0.82083E+02    0.37680E+06   -0.98626E-06
   806    0.24184E+04    0.13407E+02   -0.80445E+02    0.37607E+06   -0.11389E-05
   807    0.24203E+04    0.13243E+02   -0.78792E+02    0.37534E+06   -0.12777E-05
   808    0.24219E+04    0.13084E+02   -0.77115E+02    0.37461E+06   -0.14030E-05
   809    0.24235E+04    0.12930E+02   -0.75431E+02    0.37389E+06   -0.15153E-05
   810    0.24247E+04    0.12781E+02   -0.73724E+02    0.37317E+06   -0.16149E-05
   811    0.24258E+04    0.12637E+02   -0.72001E+02    0.37245E+06   -0.17022E-05
   812    0.24267E+04    0.12500E+02   -0.70269E+02    0.37173E+06   -0.17778E-05
   813    0.24274E+04    0.12365E+02   -0.68525E+02    0.37101E+06   -0.18420E-05
   814    0.24281E+04    0.12237E+02   -0.66769E+02    0.37030E+06   -0.18952E-05
   815    0.24284E+04    0.12114E+02   -0.65000E+02    0.36959E+06   -0.19378E-05
   816    0.24285E+04    0.11997E+02   -0.63221E+02    0.36888E+06   -0.19702E-05
   817    0.24284E+04    0.11884E+02   -0.61431E+02    0.36817E+06   -0.19930E-05
   818    0.24283E+04    0.11778E+02   -0.59632E+02    0.36746E+06   -0.20064E-05
   819    0.24279E+04    0.11677E+02   -0.57823E+02    0.36676E+06   -0.20109E-05
   820    0.24273E+04    0.11582E+02   -0.56006E+02    0.36606E+06   -0.20069E-05
   821    0.24264E+04    0.11491E+02   -0.54182E+02    0.36536E+06   -0.19948E-05
   822    0.24254E+04    0.11408E+02   -0.52350E+02    0.36466E+06   -0.19751E-05
   823    0.24242E+04    0.11330E+02   -0.50512E+02    0.36397E+06   -0.19481E-05
   824    0.24227E+04    0.11258E+02   -0.48667E+02    0.36327E+06   -0.19143E-05
   825    0.24211E+04    0.11191E+02   -0.46819E+02    0.36258E+06   -0.18741E-05
   826    0.24193E+04    0.11131E+02   -0.44966E+02    0.36189E+06   -0.18279E-05
   827    0.24172E+04    0.11076E+02   -0.43110E+02    0.36121E+06   -0.17762E-05
   828    0.24150E+04    0.11027E+02   -0.41250E+02    0.36052E+06   -0.17192E-05
   829    0.24126E+04    0.10985E+02   -0.39389E+02    0.35984E+06   -0.16575E-05
   830    0.24100E+04    0.10949E+02   -0.37529E+02    0.35916E+06   -0.15915E-05
   831    0.24072E+04    0.10918E+02   -0.35667E+02    0.35848E+06   -0.15215E-05
   832    0.24042E+04    0.10893E+02   -0.33805E+02    0.35780E+06   -0.14480E-05
   833    0.24010E+04    0.10875E+02   -0.31944E+02    0.35712E+06   -0.13715E-05
   834    0.23976E+04    0.10862E+02   -0.30084E+02    0.35645E+06   -0.12923E-05
   835    0.23940E+04    0.10857E+02   -0.28227E+02    0.35578E+06   -0.12108E-05
   836    0.23901E+04    0.10856E+02   -0.26372E+02    0.35511E+06   -0.11275E-05
   837    0.23862E+04    0.10862E+02   -0.24521E+02    0.35444E+06   -0.10427E-05
   838    0.23820E+04    0.10874E+02   -0.22674E+02    0.35378E+06   -0.95694E-06
   839    0.23775E+04    0.10892E+02   -0.20830E+02    0.35311E+06   -0.87058E-06
   840    0.23730E+04    0.10917E+02   -0.18993E+02    0.35245E+06   -0.78403E-06
   841    0.23682E+04    0.10947E+02   -0.17163E+02    0.35179E+06   -0.69772E-06
   842    0.23632E+04    0.10983E+02   -0.15337E+02    0.35113E+06   -0.61206E-06
   843    0.23581E+04    0.11026E+02   -0.13522E+02    0.35048E+06   -0.52746E-06
   844    0.23527E+04    0.11075E+02   -0.11713E+02    0.34982E+06   -0.44435E-06
   845    0.23472E+04    0.11128E+02   -0.99142E+01    0.34917E+06   -0.36313E-06
   846    0.23416E+04    0.11190E+02   -0.81253E+01    0.34852E+06   -0.28422E-06
   847    0.23358E+04    0.11256E+02   -0.63461E+01    0.34787E+06   -0.20803E-06
   848    0.23298E+04    0.11329E+02   -0.45786E+01    0.34723E+06   -0.13499E-06
   849    0.23235E+04    0.11407E+02   -0.28221E+01    0.34658E+06   -0.65510E-07
   850    0.23172E+04    0.11492E+02   -0.10777E+01    0.34594E+06    0.00000E+00
   851    0.23106E+04    0.11583E+02    0.65399E+00    0.34530E+06    0.61210E-07
   852    0.23039E+04    0.11680E+02    0.23726E+01    0.34466E+06    0.11814E-06
   853    0.22970E+04    0.11782E+02    0.40775E+01    0.34402E+06    0.17091E-06
   854    0.22899E+04    0.11890E+02    0.57671E+01    0.34338E+06    0.21962E-06
   855    0.22826E+04    0.12005E+02    0.74425E+01    0.34275E+06    0.26439E-06
   856    0.22752E+04    0.12123E+02    0.91017E+01    0.34212E+06    0.30533E-06
   857    0.22676E+04    0.12248E+02    0.10744E+02    0.34149E+06    0.34254E-06
   858    0.22599E+04    0.12381E+02    0.12370E+02    0.34086E+06    0.37615E-06
   859    0.22519E+04    0.12516E+02    0.13979E+02    0.34023E+06    0.40625E-06
   860    0.22440E+04    0.12658E+02    0.15569E+02    0.33960E+06    0.43297E-06
   861    0.22358E+04    0.12805E+02    0.17140E+02    0.33898E+06    0.45641E-06
   862    0.22274E+04    0.12958E+02    0.18693E+02    0.33836E+06    0.47669E-06
   863    0.22189E+04    0.13117E+02    0.20225E+02    0.33774E+06    0.49391E-06
   864    0.22102E+04    0.13279E+02    0.21738E+02    0.33712E+06    0.50819E-06
   865    0.22013E+04    0.13448E+02    0.23228E+02    0.33650E+06    0.51964E-06
   866    0.21926E+04    0.13622E+02    0.24697E+02    0.33589E+06    0.52837E-06
   867    0.21835E+04    0.13801E+02    0.26143E+02    0.33527E+06    0.53448E-06
   868    0.21743E+04    0.13985E+02    0.27568E+02    0.33466E+06    0.53810E-06
   869    0.21650E+04    0.14175E+02    0.28970E+02    0.33405E+06    0.53933E-06
   870    0.21555E+04    0.14368E+02    0.30348E+02    0.33344E+06    0.53829E-06
   871    0.21459E+04    0.14567E+02    0.31702E+02    0.33284E+06    0.53508E-06
   872    0.21362E+04    0.14770E+02    0.33032E+02    0.33223E+06    0.52982E-06
   873    0.21264E+04    0.14979E+02    0.34338E+02    0.33163E+06    0.52261E-06
   874    0.21164E+04    0.15192E+02    0.35617E+02    0.33103E+06    0.51358E-06
   875    0.21064E+04    0.15408E+02    0.36872E+02    0.33043E+06    0.50282E-06
   876    0.20961E+04    0.15630E+02    0.38101E+02    0.32983E+06    0.49045E-06
   877    0.20860E+04    0.15856E+02    0.39303E+02    0.32923E+06    0.47659E-06
   878    0.20755E+04    0.16086E+02    0.40479E+02    0.32864E+06    0.46134E-06
   879    0.20651E+04    0.16320E+02    0.41627E+02    0.32804E+06    0.44481E-06
   880    0.20545E+04    0.16559E+02    0.42749E+02    0.32745E+06    0.42712E-06
   881    0.20438E+04    0.16800E+02    0.43841E+02    0.32686E+06    0.40838E-06
   882    0.20331E+04    0.17046E+02    0.44906E+02    0.32627E+06    0.38869E-06
   883    0.20223E+04    0.17296E+02    0.45941E+02    0.32568E+06    0.36818E-06
   884    0.20113E+04    0.17549E+02    0.46948E+02    0.32509E+06    0.34694E-06
   885    0.20002E+04    0.17805E+02    0.47925E+02    0.32451E+06    0.32510E-06
   886    0.19892E+04    0.18066E+02    0.48873E+02    0.32393E+06    0.30275E-06
   887    0.19779E+04    0.18329E+02    0.49791E+02    0.32335E+06    0.28002E-06
   888    0.19668E+04    0.18597E+02    0.50679E+02    0.32277E+06    0.25702E-06
   889    0.19553E+04    0.18866E+02    0.51536E+02    0.32219E+06    0.23385E-06
   890    0.19439E+04    0.19139E+02    0.52362E+02    0.32161E+06    0.21064E-06
   891    0.19325E+04    0.19415E+02    0.53158E+02    0.32103E+06    0.18747E-06
   892    0.19210E+04    0.19693E+02    0.53924E+02    0.32046E+06    0.16448E-06
   893    0.19094E+04    0.19975E+02    0.54658E+02    0.31989E+06    0.14177E-06
   894    0.18978E+04    0.20258E+02    0.55360E+02    0.31932E+06    0.11945E-06
   895    0.18861E+04    0.20544E+02    0.56032E+02    0.31875E+06    0.97638E-07
   896    0.18744E+04    0.20833E+02    0.56672E+02    0.31818E+06    0.76437E-07
   897    0.18626E+04    0.21124E+02    0.57281E+02    0.31761E+06    0.55962E-07
   898    0.18508E+04    0.21416E+02    0.57858E+02    0.31705E+06    0.36323E-07
   899    0.18390E+04    0.21711E+02    0.58402E+02    0.31648E+06    0.17632E-07
   900    0.18271E+04    0.22008E+02    0.58915E+02    0.31592E+06    0.00000E+00
   901    0.18153E+04    0.22306E+02    0.59396E+02    0.31536E+06   -0.16485E-07
   902    0.18034E+04    0.22606E+02    0.59845E+02    0.31480E+06   -0.31829E-07
   903    0.17913E+04    0.22907E+02    0.60261E+02    0.31424E+06   -0.46062E-07
   904    0.17794E+04    0.23209E+02    0.60644E+02    0.31368E+06   -0.59212E-07
   905    0.17674E+04    0.23514E+02    0.60995E+02    0.31313E+06   -0.71309E-07
   906    0.17554E+04    0.23819E+02    0.61313E+02    0.31257E+06   -0.82382E-07
   907    0.17435E+04    0.24125E+02    0.61598E+02    0.31202E+06   -0.92460E-07
   908    0.17316E+04    0.24431E+02    0.61850E+02    0.31147E+06   -0.10157E-06
   909    0.17196E+04    0.24739E+02    0.62070E+02    0.31092E+06   -0.10975E-06
   910    0.17076E+04    0.25048E+02    0.62257E+02    0.31037E+06   -0.11702E-06
   911    0.16956E+04    0.25356E+02    0.62411E+02    0.30982E+06   -0.12341E-06
   912    0.16836E+04    0.25665E+02    0.62533E+02    0.30928E+06   -0.12896E-06
   913    0.16714E+04    0.25974E+02    0.62622E+02    0.30873E+06   -0.13368E-06
   914    0.16595E+04    0.26283E+02    0.62679E+02    0.30819E+06   -0.13762E-06
   915    0.16475E+04    0.26592E+02    0.62703E+02    0.30765E+06   -0.14079E-06
   916    0.16357E+04    0.26901E+02    0.62695E+02    0.30711E+06   -0.14323E-06
   917    0.16237E+04    0.27211E+02    0.62655E+02    0.30657E+06   -0.14497E-06
   918    0.16119E+04    0.27519E+02    0.62582E+02    0.30603E+06   -0.14604E-06
   919    0.16001E+04    0.27827E+02    0.62478E+02    0.30550E+06   -0.14646E-06
   920    0.15883E+04    0.28135E+02    0.62340E+02    0.30496E+06   -0.14627E-06
   921    0.15766E+04    0.28442E+02    0.62171E+02    0.30443E+06   -0.14550E-06
   922    0.15648E+04    0.28747E+02    0.61971E+02    0.30390E+06   -0.14417E-06
   923    0.15531E+04    0.29052E+02    0.61739E+02    0.30337E+06   -0.14231E-06
   924    0.15415E+04    0.29356E+02    0.61475E+02    0.30284E+06   -0.13996E-06
   925    0.15300E+04    0.29657E+02    0.61180E+02    0.30231E+06   -0.13713E-06
   926    0.15184E+04    0.29959E+02    0.60855E+02    0.30179E+06   -0.13387E-06
   927    0.15070E+04    0.30258E+02    0.60499E+02    0.30126E+06   -0.13020E-06
   928    0.14956E+04    0.30557E+02    0.60112E+02    0.30074E+06   -0.12615E-06
   929    0.14842E+04    0.30853E+02    0.59696E+02    0.30022E+06   -0.12174E-06
   930    0.14730E+04    0.31147E+02    0.59249E+02    0.29970E+06   -0.11702E-06
   931    0.14617E+04    0.31440E+02    0.58772E+02    0.29918E+06   -0.11200E-06
   932    0.14506E+04    0.31729E+02    0.58266E+02    0.29866E+06   -0.10672E-06
   933    0.14396E+04    0.32017E+02    0.57732E+02    0.29815E+06   -0.10121E-06
   934    0.14286E+04    0.32304E+02    0.57169E+02    0.29764E+06   -0.95488E-07
   935    0.14177E+04    0.32587E+02    0.56577E+02    0.29712E+06   -0.89593E-07
   936    0.14069E+04    0.32868E+02    0.55957E+02    0.29661E+06   -0.83552E-07
   937    0.13962E+04    0.33146E+02    0.55309E+02    0.29610E+06   -0.77394E-07
   938    0.13855E+04    0.33422E+02    0.54633E+02    0.29560E+06   -0.71148E-07
   939    0.13750E+04    0.33694E+02    0.53930E+02    0.29509E+06   -0.64843E-07
   940    0.13645E+04    0.33964E+02    0.53200E+02    0.29458E+06   -0.58510E-07
   941    0.13542E+04    0.34231E+02    0.52444E+02    0.29408E+06   -0.52176E-07
   942    0.13438E+04    0.34494E+02    0.51661E+02    0.29358E+06   -0.45872E-07
   943    0.13338E+04    0.34754E+02    0.50854E+02    0.29308E+06   -0.39626E-07
   944    0.13237E+04    0.35011E+02    0.50020E+02    0.29258E+06   -0.33468E-07
   945    0.13138E+04    0.35263E+02    0.49161E+02    0.29208E+06   -0.27426E-07
   946    0.13040E+04    0.35513E+02    0.48277E+02    0.29159E+06   -0.21532E-07
   947    0.12942E+04    0.35759E+02    0.47371E+02    0.29109E+06   -0.15812E-07
   948    0.12844E+04    0.36002E+02    0.46440E+02    0.29060E+06   -0.10298E-07
   949    0.12750E+04    0.36239E+02    0.45486E+02    0.29011E+06   -0.50172E-08
   950    0.12656E+04    0.36474E+02    0.44509E+02    0.28962E+06    0.00000E+00
   951    0.12563E+04    0.36705E+02    0.43510E+02    0.28913E+06    0.47305E-08
   952    0.12471E+04    0.36932E+02    0.42490E+02    0.28864E+06    0.91743E-08
   953    0.12381E+04    0.37153E+02    0.41448E+02    0.28816E+06    0.13337E-07
   954    0.12292E+04    0.37371E+02    0.40386E+02    0.28768E+06    0.17225E-07
   955    0.12203E+04    0.37584E+02    0.39303E+02    0.28719E+06    0.20844E-07
   956    0.12116E+04    0.37794E+02    0.38199E+02    0.28671E+06    0.24200E-07
   957    0.12031E+04    0.37997E+02    0.37078E+02    0.28623E+06    0.27298E-07
   958    0.11945E+04    0.38196E+02    0.35936E+02    0.28575E+06    0.30144E-07
   959    0.11863E+04    0.38391E+02    0.34777E+02    0.28528E+06    0.32745E-07
   960    0.11782E+04    0.38581E+02    0.33601E+02    0.28480E+06    0.35106E-07
   961    0.11701E+04    0.38766E+02    0.32408E+02    0.28433E+06    0.37233E-07
   962    0.11622E+04    0.38945E+02    0.31198E+02    0.28385E+06    0.39131E-07
   963    0.11545E+04    0.39120E+02    0.29973E+02    0.28338E+06    0.40808E-07
   964    0.11469E+04    0.39290E+02    0.28733E+02    0.28291E+06    0.42267E-07
   965    0.11393E+04    0.39454E+02    0.27478E+02    0.28244E+06    0.43517E-07
   966    0.11320E+04    0.39614E+02    0.26209E+02    0.28197E+06    0.44561E-07
   967    0.11248E+04    0.39768E+02    0.24926E+02    0.28150E+06    0.45407E-07
   968    0.11177E+04    0.39916E+02    0.23631E+02    0.28104E+06    0.46059E-07
   969    0.11108E+04    0.40058E+02    0.22324E+02    0.28057E+06    0.46524E-07
   970    0.11041E+04    0.40196E+02    0.21005E+02    0.28011E+06    0.46808E-07
   971    0.10974E+04    0.40328E+02    0.19674E+02    0.27964E+06    0.46916E-07
   972    0.10909E+04    0.40453E+02    0.18334E+02    0.27918E+06    0.46855E-07
   973    0.10845E+04    0.40573E+02    0.16983E+02    0.27872E+06    0.46629E-07
   974    0.10783E+04    0.40688E+02    0.15622E+02    0.27825E+06    0.46246E-07
   975    0.10723E+04    0.40797E+02    0.14254E+02    0.27779E+06    0.45711E-07
   976    0.10664E+04    0.40898E+02    0.12877E+02    0.27733E+06    0.45029E-07
   977    0.10607E+04    0.40995E+02    0.11494E+02    0.27687E+06    0.44207E-07
   978    0.10550E+04    0.41086E+02    0.10103E+02    0.27642E+06    0.43250E-07
   979    0.10496E+04    0.41171E+02    0.87064E+01    0.27596E+06    0.42165E-07
   980    0.10443E+04    0.41250E+02    0.73042E+01    0.27550E+06    0.40957E-07
   981    0.10392E+04    0.41321E+02    0.58968E+01    0.27504E+06    0.39632E-07
   982    0.10341E+04    0.41389E+02    0.44855E+01    0.27459E+06    0.38195E-07
   983    0.10293E+04    0.41449E+02    0.30702E+01    0.27413E+06    0.36653E-07
   984    0.10246E+04    0.41502E+02    0.16518E+01    0.27368E+06    0.35012E-07
   985    0.10201E+04    0.41550E+02    0.23064E+00    0.27322E+06    0.33277E-07
   986    0.10157E+04    0.41592E+02   -0.11922E+01    0.27277E+06    0.31455E-07
   987    0.10114E+04    0.41627E+02   -0.26168E+01    0.27232E+06    0.29550E-07
   988    0.10073E+04    0.41657E+02   -0.40419E+01    0.27186E+06    0.27570E-07
   989    0.10034E+04    0.41679E+02   -0.54663E+01    0.27141E+06    0.25519E-07
   990    0.99964E+03    0.41699E+02   -0.68913E+01    0.27096E+06    0.23404E-07
   991    0.99602E+03    0.41709E+02   -0.83149E+01    0.27050E+06    0.21230E-07
   992    0.99254E+03    0.41714E+02   -0.97370E+01    0.27005E+06    0.19004E-07
   993    0.98913E+03    0.41711E+02   -0.11157E+02    0.26960E+06    0.16731E-07
   994    0.98595E+03    0.41704E+02   -0.12573E+02    0.26915E+06    0.14417E-07
   995    0.98298E+03    0.41690E+02   -0.13987E+02    0.26870E+06    0.12068E-07
   996    0.98009E+03    0.41668E+02   -0.15396E+02    0.26825E+06    0.96892E-08
   997    0.97735E+03    0.41642E+02   -0.16801E+02    0.26780E+06    0.72874E-08
   998    0.97476E+03    0.41608E+02   -0.18200E+02    0.26735E+06    0.48680E-08
   999    0.97231E+03    0.41569E+02   -0.19593E+02    0.26689E+06    0.24369E-08
  1000    0.97001E+03    0.41524E+02   -0.20981E+02    0.26644E+06    0.00000E+00
