  0.109722E-04  0.167763E+08  0.167763E+08  0.223569E+08  0.223565E+08  0.167782E+08  0.167763E+08  0.167763E+08  0.167810E+08 -0.485397E+00  0.943712E+07  0.943712E+07  0.459642E+01
  0.121250E-04  0.167763E+08  0.167763E+08  0.223543E+08  0.223539E+08  0.167782E+08  0.167763E+08  0.167763E+08  0.167810E+08 -0.485397E+00  0.943711E+07  0.943711E+07  0.507922E+01
  0.133990E-04  0.167763E+08  0.167763E+08  0.223512E+08  0.223507E+08  0.167782E+08  0.167763E+08  0.167763E+08  0.167810E+08 -0.485397E+00  0.943711E+07  0.943711E+07  0.561269E+01
  0.148068E-04  0.167763E+08  0.167763E+08  0.223474E+08  0.223468E+08  0.167782E+08  0.167763E+08  0.167763E+08  0.167810E+08 -0.485397E+00  0.943711E+07  0.943711E+07  0.620215E+01
  0.163626E-04  0.167763E+08  0.167763E+08  0.223427E+08  0.223420E+08  0.167782E+08  0.167763E+08  0.167763E+08  0.167810E+08 -0.485397E+00  0.943710E+07  0.943710E+07  0.685344E+01
  0.180818E-04  0.167763E+08  0.167763E+08  0.223370E+08  0.223361E+08  0.167781E+08  0.167763E+08  0.167763E+08  0.167810E+08 -0.485396E+00  0.943710E+07  0.943710E+07  0.757304E+01
  0.199817E-04  0.167763E+08  0.167763E+08  0.223300E+08  0.223289E+08  0.167781E+08  0.167763E+08  0.167763E+08  0.167810E+08 -0.485396E+00  0.943709E+07  0.943709E+07  0.836807E+01
  0.220812E-04  0.167763E+08  0.167763E+08  0.223215E+08  0.223202E+08  0.167781E+08  0.167763E+08  0.167763E+08  0.167809E+08 -0.485395E+00  0.943708E+07  0.943708E+07  0.924640E+01
  0.244013E-04  0.167763E+08  0.167763E+08  0.223112E+08  0.223096E+08  0.167780E+08  0.167763E+08  0.167763E+08  0.167809E+08 -0.485395E+00  0.943708E+07  0.943707E+07  0.102167E+02
  0.269651E-04  0.167762E+08  0.167762E+08  0.222985E+08  0.222965E+08  0.167780E+08  0.167762E+08  0.167762E+08  0.167809E+08 -0.485394E+00  0.943706E+07  0.943706E+07  0.112885E+02
  0.297984E-04  0.167762E+08  0.167762E+08  0.222831E+08  0.222807E+08  0.167779E+08  0.167762E+08  0.167762E+08  0.167809E+08 -0.485393E+00  0.943705E+07  0.943705E+07  0.124724E+02
  0.329293E-04  0.167762E+08  0.167762E+08  0.222642E+08  0.222613E+08  0.167778E+08  0.167762E+08  0.167762E+08  0.167808E+08 -0.485392E+00  0.943703E+07  0.943703E+07  0.137799E+02
  0.363892E-04  0.167762E+08  0.167761E+08  0.222412E+08  0.222377E+08  0.167777E+08  0.167762E+08  0.167762E+08  0.167808E+08 -0.485391E+00  0.943701E+07  0.943701E+07  0.152237E+02
  0.402127E-04  0.167761E+08  0.167761E+08  0.222132E+08  0.222088E+08  0.167776E+08  0.167761E+08  0.167761E+08  0.167807E+08 -0.485389E+00  0.943699E+07  0.943699E+07  0.168177E+02
  0.444379E-04  0.167761E+08  0.167760E+08  0.221790E+08  0.221736E+08  0.167774E+08  0.167761E+08  0.167761E+08  0.167807E+08 -0.485387E+00  0.943696E+07  0.943696E+07  0.185774E+02
  0.491070E-04  0.167760E+08  0.167760E+08  0.221373E+08  0.221308E+08  0.167773E+08  0.167760E+08  0.167760E+08  0.167806E+08 -0.485385E+00  0.943692E+07  0.943692E+07  0.205194E+02
  0.542667E-04  0.167759E+08  0.167759E+08  0.220864E+08  0.220785E+08  0.167770E+08  0.167759E+08  0.167759E+08  0.167805E+08 -0.485382E+00  0.943687E+07  0.943687E+07  0.226619E+02
  0.599685E-04  0.167758E+08  0.167758E+08  0.220245E+08  0.220148E+08  0.167768E+08  0.167758E+08  0.167758E+08  0.167804E+08 -0.485379E+00  0.943682E+07  0.943682E+07  0.250249E+02
  0.662695E-04  0.167757E+08  0.167757E+08  0.219491E+08  0.219373E+08  0.167765E+08  0.167757E+08  0.167757E+08  0.167803E+08 -0.485375E+00  0.943675E+07  0.943674E+07  0.276299E+02
  0.732324E-04  0.167755E+08  0.167755E+08  0.218573E+08  0.218430E+08  0.167760E+08  0.167755E+08  0.167755E+08  0.167801E+08 -0.485369E+00  0.943667E+07  0.943666E+07  0.305000E+02
  0.809270E-04  0.167754E+08  0.167753E+08  0.217457E+08  0.217283E+08  0.167756E+08  0.167754E+08  0.167754E+08  0.167799E+08 -0.485363E+00  0.943657E+07  0.943656E+07  0.336604E+02
  0.894301E-04  0.167752E+08  0.167751E+08  0.216101E+08  0.215890E+08  0.167750E+08  0.167752E+08  0.167752E+08  0.167797E+08 -0.485355E+00  0.943644E+07  0.943643E+07  0.371374E+02
  0.988266E-04  0.167749E+08  0.167749E+08  0.214456E+08  0.214200E+08  0.167742E+08  0.167749E+08  0.167749E+08  0.167794E+08 -0.485346E+00  0.943629E+07  0.943628E+07  0.409591E+02
  0.109210E-03  0.167746E+08  0.167745E+08  0.212463E+08  0.212153E+08  0.167733E+08  0.167746E+08  0.167746E+08  0.167790E+08 -0.485334E+00  0.943611E+07  0.943610E+07  0.451546E+02
  0.120685E-03  0.167742E+08  0.167741E+08  0.210053E+08  0.209678E+08  0.167722E+08  0.167742E+08  0.167742E+08  0.167785E+08 -0.485320E+00  0.943589E+07  0.943587E+07  0.497537E+02
  0.133366E-03  0.167737E+08  0.167736E+08  0.207143E+08  0.206691E+08  0.167709E+08  0.167737E+08  0.167737E+08  0.167780E+08 -0.485303E+00  0.943561E+07  0.943559E+07  0.547862E+02
  0.147378E-03  0.167731E+08  0.167730E+08  0.203641E+08  0.203096E+08  0.167693E+08  0.167731E+08  0.167731E+08  0.167773E+08 -0.485282E+00  0.943528E+07  0.943525E+07  0.602809E+02
  0.162864E-03  0.167724E+08  0.167723E+08  0.199439E+08  0.198785E+08  0.167673E+08  0.167724E+08  0.167724E+08  0.167765E+08 -0.485257E+00  0.943487E+07  0.943484E+07  0.662639E+02
  0.179976E-03  0.167716E+08  0.167714E+08  0.194416E+08  0.193634E+08  0.167649E+08  0.167715E+08  0.167715E+08  0.167756E+08 -0.485227E+00  0.943438E+07  0.943434E+07  0.727570E+02
  0.198886E-03  0.167705E+08  0.167703E+08  0.188441E+08  0.187511E+08  0.167620E+08  0.167704E+08  0.167705E+08  0.167744E+08 -0.485189E+00  0.943378E+07  0.943373E+07  0.797750E+02
  0.219783E-03  0.167692E+08  0.167690E+08  0.181377E+08  0.180277E+08  0.167584E+08  0.167692E+08  0.167692E+08  0.167729E+08 -0.485144E+00  0.943304E+07  0.943299E+07  0.873224E+02
  0.242876E-03  0.167677E+08  0.167674E+08  0.173085E+08  0.171794E+08  0.167540E+08  0.167676E+08  0.167676E+08  0.167712E+08 -0.485090E+00  0.943216E+07  0.943208E+07  0.953887E+02
  0.268395E-03  0.167658E+08  0.167655E+08  0.163439E+08  0.161937E+08  0.167487E+08  0.167657E+08  0.167657E+08  0.167691E+08 -0.485023E+00  0.943107E+07  0.943099E+07  0.103944E+03
  0.296596E-03  0.167635E+08  0.167631E+08  0.152343E+08  0.150615E+08  0.167422E+08  0.167634E+08  0.167634E+08  0.167665E+08 -0.484944E+00  0.942976E+07  0.942966E+07  0.112930E+03
  0.327759E-03  0.167607E+08  0.167603E+08  0.139754E+08  0.137794E+08  0.167344E+08  0.167606E+08  0.167607E+08  0.167635E+08 -0.484848E+00  0.942817E+07  0.942805E+07  0.122258E+03
  0.362197E-03  0.167574E+08  0.167569E+08  0.125715E+08  0.123530E+08  0.167248E+08  0.167572E+08  0.167573E+08  0.167598E+08 -0.484734E+00  0.942624E+07  0.942610E+07  0.131795E+03
  0.400253E-03  0.167533E+08  0.167527E+08  0.110393E+08  0.108010E+08  0.167132E+08  0.167531E+08  0.167532E+08  0.167554E+08 -0.484597E+00  0.942392E+07  0.942375E+07  0.141362E+03
  0.442308E-03  0.167484E+08  0.167477E+08  0.941179E+07  0.915897E+07  0.166991E+08  0.167482E+08  0.167483E+08  0.167501E+08 -0.484433E+00  0.942111E+07  0.942091E+07  0.150723E+03
  0.488782E-03  0.167426E+08  0.167417E+08  0.774138E+07  0.748258E+07  0.166821E+08  0.167422E+08  0.167424E+08  0.167438E+08 -0.484240E+00  0.941774E+07  0.941751E+07  0.159591E+03
  0.540138E-03  0.167355E+08  0.167345E+08  0.610081E+07  0.584796E+07  0.166615E+08  0.167351E+08  0.167354E+08  0.167364E+08 -0.484012E+00  0.941370E+07  0.941343E+07  0.167626E+03
  0.596891E-03  0.167271E+08  0.167259E+08  0.457901E+07  0.434692E+07  0.166367E+08  0.167266E+08  0.167270E+08  0.167276E+08 -0.483743E+00  0.940888E+07  0.940857E+07  0.174455E+03
  0.659607E-03  0.167171E+08  0.167157E+08  0.326983E+07  0.307452E+07  0.166068E+08  0.167165E+08  0.167170E+08  0.167172E+08 -0.483429E+00  0.940314E+07  0.940278E+07  0.179698E+03
  0.728912E-03  0.167053E+08  0.167036E+08  0.225203E+07  0.210767E+07  0.165708E+08  0.167046E+08  0.167051E+08  0.167050E+08 -0.483063E+00  0.939633E+07  0.939593E+07  0.183010E+03
  0.805500E-03  0.166913E+08  0.166894E+08  0.156287E+07  0.147740E+07  0.165279E+08  0.166904E+08  0.166910E+08  0.166907E+08 -0.482636E+00  0.938829E+07  0.938785E+07  0.184122E+03
  0.890134E-03  0.166748E+08  0.166727E+08  0.117412E+07  0.114484E+07  0.164765E+08  0.166738E+08  0.166745E+08  0.166740E+08 -0.482142E+00  0.937885E+07  0.937836E+07  0.182889E+03
  0.983661E-03  0.166554E+08  0.166531E+08  0.987053E+06  0.998489E+06  0.164155E+08  0.166542E+08  0.166551E+08  0.166545E+08 -0.481567E+00  0.936779E+07  0.936726E+07  0.179305E+03
  0.108702E-02  0.166328E+08  0.166302E+08  0.864223E+06  0.891327E+06  0.163431E+08  0.166314E+08  0.166325E+08  0.166316E+08 -0.480901E+00  0.935489E+07  0.935432E+07  0.173492E+03
  0.120123E-02  0.166065E+08  0.166036E+08  0.699124E+06  0.716972E+06  0.162576E+08  0.166049E+08  0.166061E+08  0.166050E+08 -0.480127E+00  0.933989E+07  0.933929E+07  0.165655E+03
  0.132744E-02  0.165759E+08  0.165728E+08  0.484841E+06  0.481124E+06  0.161573E+08  0.165740E+08  0.165755E+08  0.165741E+08 -0.479230E+00  0.932248E+07  0.932186E+07  0.156039E+03
  0.146692E-02  0.165405E+08  0.165372E+08  0.308248E+06  0.289122E+06  0.160406E+08  0.165382E+08  0.165400E+08  0.165383E+08 -0.478191E+00  0.930235E+07  0.930171E+07  0.144935E+03
  0.162105E-02  0.164995E+08  0.164961E+08  0.237319E+06  0.218967E+06  0.159059E+08  0.164969E+08  0.164991E+08  0.164969E+08 -0.476993E+00  0.927909E+07  0.927845E+07  0.132744E+03
  0.179137E-02  0.164523E+08  0.164489E+08  0.215626E+06 -0.734688E+05  0.157515E+08  0.164493E+08  0.164518E+08  0.164493E+08 -0.475613E+00  0.925233E+07  0.925169E+07  0.120028E+03
  0.197959E-02  0.163981E+08  0.163946E+08  0.147779E+06 -0.599605E+05  0.155762E+08  0.163946E+08  0.163976E+08  0.163946E+08 -0.474030E+00  0.922159E+07  0.922095E+07  0.107440E+03
  0.218759E-02  0.163359E+08  0.163324E+08  0.763088E+05 -0.489131E+05  0.153789E+08  0.163319E+08  0.163355E+08  0.163319E+08 -0.472218E+00  0.918639E+07  0.918577E+07  0.955731E+02
  0.241744E-02  0.162650E+08  0.162615E+08  0.751331E+05 -0.398804E+05  0.151591E+08  0.162604E+08  0.162645E+08  0.162604E+08 -0.470149E+00  0.914622E+07  0.914560E+07  0.849049E+02
  0.267144E-02  0.161842E+08  0.161807E+08  0.602041E+05 -0.324964E+05  0.149165E+08  0.161791E+08  0.161838E+08  0.161791E+08 -0.467796E+00  0.910052E+07  0.909991E+07  0.757600E+02
  0.295214E-02  0.160927E+08  0.160890E+08  0.287125E+05 -0.264618E+05  0.146509E+08  0.160869E+08  0.160922E+08  0.160869E+08 -0.465129E+00  0.904871E+07  0.904811E+07  0.681547E+02
  0.326232E-02  0.159892E+08  0.159854E+08  0.325827E+05 -0.215318E+05  0.143621E+08  0.159827E+08  0.159887E+08  0.159827E+08 -0.462116E+00  0.899020E+07  0.898960E+07  0.617806E+02
  0.360509E-02  0.158727E+08  0.158687E+08  0.127418E+05 -0.175057E+05  0.140494E+08  0.158655E+08  0.158722E+08  0.158655E+08 -0.458727E+00  0.892437E+07  0.892376E+07  0.561730E+02
  0.398388E-02  0.157422E+08  0.157379E+08  0.115307E+05 -0.142194E+05  0.137119E+08  0.157341E+08  0.157416E+08  0.157341E+08 -0.454928E+00  0.885059E+07  0.884998E+07  0.508993E+02
  0.440247E-02  0.155963E+08  0.155918E+08  0.619716E+04 -0.115382E+05  0.133483E+08  0.155874E+08  0.155957E+08  0.155874E+08 -0.450687E+00  0.876822E+07  0.876761E+07  0.458259E+02
  0.486504E-02  0.154340E+08  0.154292E+08  0.576250E+04 -0.935217E+04  0.129579E+08  0.154243E+08  0.154334E+08  0.154243E+08 -0.445969E+00  0.867658E+07  0.867598E+07  0.411171E+02
  0.537622E-02  0.152541E+08  0.152488E+08  0.632867E+04 -0.757092E+04  0.125404E+08  0.152434E+08  0.152534E+08  0.152434E+08 -0.440739E+00  0.857499E+07  0.857440E+07  0.369892E+02
  0.594110E-02  0.150552E+08  0.150495E+08  0.348848E+04 -0.612058E+04  0.120956E+08  0.150436E+08  0.150545E+08  0.150436E+08 -0.434961E+00  0.846275E+07  0.846216E+07  0.334193E+02
  0.656533E-02  0.148365E+08  0.148301E+08  0.219395E+04 -0.494083E+04  0.116008E+08  0.148237E+08  0.148356E+08  0.148237E+08 -0.428603E+00  0.833927E+07  0.833867E+07  0.301791E+02
  0.725516E-02  0.145958E+08  0.145888E+08  0.465870E+03 -0.398176E+04  0.110886E+08  0.145820E+08  0.145949E+08  0.145820E+08 -0.421614E+00  0.820350E+07  0.820291E+07  0.271727E+02
  0.801746E-02  0.143321E+08  0.143242E+08 -0.739663E+02 -0.320292E+04  0.105482E+08  0.143171E+08  0.143311E+08  0.143171E+08 -0.413957E+00  0.805474E+07  0.805415E+07  0.245059E+02
  0.885987E-02  0.140443E+08  0.140354E+08  0.251970E+03 -0.257120E+04  0.998774E+07  0.140281E+08  0.140431E+08  0.140281E+08 -0.405601E+00  0.789240E+07  0.789181E+07  0.221619E+02
  0.979078E-02  0.137309E+08  0.137208E+08 -0.819151E+03 -0.205945E+04  0.941048E+07  0.137136E+08  0.137296E+08  0.137136E+08 -0.396508E+00  0.771570E+07  0.771511E+07  0.200253E+02
  0.108195E-01  0.133906E+08  0.133791E+08 -0.248873E+03 -0.164545E+04  0.881609E+07  0.133722E+08  0.133891E+08  0.133722E+08 -0.386636E+00  0.752386E+07  0.752327E+07  0.181329E+02
  0.119563E-01  0.130220E+08  0.130089E+08 -0.759626E+03 -0.131102E+04  0.820640E+07  0.130025E+08  0.130203E+08  0.130025E+08 -0.375947E+00  0.731614E+07  0.731554E+07  0.164461E+02
  0.132126E-01  0.126239E+08  0.126088E+08 -0.184880E+03 -0.104131E+04  0.758809E+07  0.126034E+08  0.126220E+08  0.126034E+08 -0.364406E+00  0.709182E+07  0.709123E+07  0.149399E+02
  0.146008E-01  0.121952E+08  0.121779E+08 -0.342933E+03 -0.824222E+03  0.696742E+07  0.121736E+08  0.121930E+08  0.121736E+08 -0.351981E+00  0.685030E+07  0.684970E+07  0.135992E+02
  0.161349E-01  0.117350E+08  0.117152E+08 -0.352446E+03 -0.649857E+03  0.634696E+07  0.117125E+08  0.117324E+08  0.117125E+08 -0.338647E+00  0.659109E+07  0.659049E+07  0.124006E+02
  0.178303E-01  0.112428E+08  0.112202E+08 -0.290281E+03 -0.510153E+03  0.573315E+07  0.112195E+08  0.112399E+08  0.112195E+08 -0.324394E+00  0.631396E+07  0.631336E+07  0.113224E+02
  0.197037E-01  0.107191E+08  0.106935E+08 -0.320166E+03 -0.398546E+03  0.513275E+07  0.106951E+08  0.107158E+08  0.106951E+08 -0.309232E+00  0.601912E+07  0.601851E+07  0.103452E+02
  0.217740E-01  0.101652E+08  0.101364E+08 -0.162244E+03 -0.309696E+03  0.455090E+07  0.101407E+08  0.101614E+08  0.101407E+08 -0.293201E+00  0.570736E+07  0.570675E+07  0.944605E+01
  0.240618E-01  0.958406E+07  0.955203E+07 -0.928764E+02 -0.239261E+03  0.399454E+07  0.955924E+07  0.957987E+07  0.955924E+07 -0.276389E+00  0.538037E+07  0.537975E+07  0.860348E+01
  0.265900E-01  0.898076E+07  0.894567E+07 -0.140160E+03 -0.183712E+03  0.346935E+07  0.895582E+07  0.897616E+07  0.895582E+07 -0.258943E+00  0.504098E+07  0.504036E+07  0.779627E+01
  0.293838E-01  0.836291E+07  0.832519E+07 -0.587933E+02 -0.140178E+03  0.298114E+07  0.833811E+07  0.835797E+07  0.833811E+07 -0.241083E+00  0.469352E+07  0.469290E+07  0.700328E+01
  0.324712E-01  0.774111E+07  0.770153E+07 -0.449715E+02 -0.106322E+03  0.253501E+07  0.771671E+07  0.773593E+07  0.771671E+07 -0.223116E+00  0.434394E+07  0.434334E+07  0.620909E+01
  0.358829E-01  0.712876E+07  0.708846E+07 -0.256061E+02 -0.802279E+02  0.213496E+07  0.710505E+07  0.712348E+07  0.710505E+07 -0.205431E+00  0.399981E+07  0.399922E+07  0.540393E+01
  0.396532E-01  0.654121E+07  0.650170E+07 -0.418980E+02 -0.603200E+02  0.178354E+07  0.651848E+07  0.653604E+07  0.651848E+07 -0.188471E+00  0.366976E+07  0.366921E+07  0.458736E+01
  0.438196E-01  0.599220E+07  0.595522E+07  0.139703E+03 -0.452774E+02  0.148088E+07  0.597071E+07  0.598735E+07  0.597071E+07 -0.172633E+00  0.336152E+07  0.336102E+07  0.377199E+01
  0.482015E-01  0.551812E+07  0.548516E+07  0.106299E+03 -0.344798E+02  0.123656E+07  0.549800E+07  0.551380E+07  0.549800E+07 -0.158965E+00  0.309550E+07  0.309507E+07  0.302141E+01
  0.525835E-01  0.513149E+07  0.510329E+07  0.830512E+02 -0.269577E+02  0.104799E+07  0.511272E+07  0.512779E+07  0.511272E+07 -0.147826E+00  0.287868E+07  0.287830E+07  0.239030E+01
  0.569655E-01  0.480911E+07  0.478571E+07  0.663139E+02 -0.215379E+02  0.899171E+06  0.479161E+07  0.480605E+07  0.479161E+07 -0.138541E+00  0.269796E+07  0.269764E+07  0.188349E+01
  0.613474E-01  0.453074E+07  0.451156E+07  0.538654E+02 -0.175041E+02  0.778745E+06  0.451437E+07  0.452822E+07  0.451437E+07 -0.130526E+00  0.254192E+07  0.254165E+07  0.149835E+01
  0.657294E-01  0.428077E+07  0.426486E+07  0.443310E+02 -0.144126E+02  0.678915E+06  0.426539E+07  0.427869E+07  0.426539E+07 -0.123327E+00  0.240178E+07  0.240154E+07  0.122416E+01
  0.701113E-01  0.404739E+07  0.403357E+07  0.368354E+02 -0.119810E+02  0.594301E+06  0.403283E+07  0.404558E+07  0.403283E+07 -0.116603E+00  0.227088E+07  0.227066E+07  0.104340E+01
  0.744933E-01  0.382265E+07  0.380978E+07  0.308139E+02 -0.100266E+02  0.521292E+06  0.380878E+07  0.382097E+07  0.380878E+07 -0.110124E+00  0.214475E+07  0.214455E+07  0.934280E+00
  0.788753E-01  0.360313E+07  0.359025E+07  0.259032E+02 -0.843191E+01  0.457636E+06  0.358983E+07  0.360145E+07  0.358983E+07 -0.103794E+00  0.202150E+07  0.202129E+07  0.873835E+00
  0.832572E-01  0.338860E+07  0.337507E+07  0.218604E+02 -0.711853E+01  0.401910E+06  0.337580E+07  0.338683E+07  0.337580E+07 -0.976057E-01  0.190101E+07  0.190080E+07  0.840423E+00
  0.876392E-01  0.318278E+07  0.316835E+07  0.185274E+02 -0.603524E+01  0.353387E+06  0.317045E+07  0.318089E+07  0.317045E+07 -0.916682E-01  0.178539E+07  0.178518E+07  0.816322E+00
  0.920211E-01  0.299049E+07  0.297523E+07  0.157869E+02 -0.514413E+01  0.311540E+06  0.297860E+07  0.298849E+07  0.297860E+07 -0.861212E-01  0.167738E+07  0.167716E+07  0.788829E+00
  0.974621E-01  0.277647E+07  0.276070E+07  0.130639E+02 -0.425831E+01  0.268039E+06  0.276515E+07  0.277441E+07  0.276515E+07 -0.799496E-01  0.155720E+07  0.155698E+07  0.739423E+00
  0.102903E+00  0.259396E+07  0.257849E+07  0.109472E+02 -0.356939E+01  0.232772E+06  0.258322E+07  0.259193E+07  0.258322E+07 -0.746894E-01  0.145477E+07  0.145456E+07  0.670343E+00
  0.108344E+00  0.244332E+07  0.242895E+07  0.930132E+01 -0.303344E+01  0.204381E+06  0.243318E+07  0.244144E+07  0.243318E+07 -0.703512E-01  0.137028E+07  0.137009E+07  0.586903E+00
  0.113785E+00  0.232024E+07  0.230755E+07  0.800828E+01 -0.261224E+01  0.181394E+06  0.231068E+07  0.231858E+07  0.231068E+07 -0.668096E-01  0.130131E+07  0.130114E+07  0.499108E+00
  0.119226E+00  0.221677E+07  0.220595E+07  0.696902E+01 -0.227360E+01  0.162363E+06  0.220776E+07  0.221535E+07  0.220776E+07 -0.638338E-01  0.124336E+07  0.124321E+07  0.417612E+00
  0.124667E+00  0.212411E+07  0.211499E+07  0.610783E+01 -0.199292E+01  0.146077E+06  0.211561E+07  0.212292E+07  0.211561E+07 -0.611694E-01  0.119147E+07  0.119134E+07  0.350648E+00
  0.130108E+00  0.203517E+07  0.202731E+07  0.537298E+01 -0.175339E+01  0.131685E+06  0.202711E+07  0.203414E+07  0.202711E+07 -0.586106E-01  0.114164E+07  0.114152E+07  0.302329E+00
  0.135549E+00  0.194558E+07  0.193839E+07  0.473228E+01 -0.154454E+01  0.118669E+06  0.193789E+07  0.194464E+07  0.193789E+07 -0.560309E-01  0.109140E+07  0.109129E+07  0.272348E+00
  0.140990E+00  0.185386E+07  0.184680E+07  0.416762E+01 -0.136045E+01  0.106779E+06  0.184649E+07  0.185294E+07  0.184649E+07 -0.533881E-01  0.103993E+07  0.103982E+07  0.256876E+00
  0.146430E+00  0.176120E+07  0.175387E+07  0.367018E+01 -0.119826E+01  0.959535E+05  0.175409E+07  0.176024E+07  0.175409E+07 -0.507165E-01  0.987896E+06  0.987786E+06  0.250172E+00
  0.151871E+00  0.167048E+07  0.166274E+07  0.323582E+01 -0.105661E+01  0.862233E+05  0.166362E+07  0.166947E+07  0.166362E+07 -0.481008E-01  0.936950E+06  0.936838E+06  0.246313E+00
  0.157312E+00  0.158517E+07  0.157708E+07  0.286152E+01 -0.934522E+00  0.776318E+05  0.157854E+07  0.158411E+07  0.157854E+07 -0.456410E-01  0.889042E+06  0.888928E+06  0.240594E+00
  0.162753E+00  0.150830E+07  0.150009E+07  0.254354E+01 -0.830777E+00  0.701868E+05  0.150191E+07  0.150722E+07  0.150191E+07 -0.434253E-01  0.845887E+06  0.845775E+06  0.230343E+00
  0.168194E+00  0.144169E+07  0.143367E+07  0.227636E+01 -0.743584E+00  0.638318E+05  0.143555E+07  0.144064E+07  0.143555E+07 -0.415066E-01  0.808516E+06  0.808407E+06  0.215054E+00
  0.173635E+00  0.138526E+07  0.137772E+07  0.205232E+01 -0.670453E+00  0.584330E+05  0.137937E+07  0.138427E+07  0.137937E+07 -0.398823E-01  0.776879E+06  0.776777E+06  0.195979E+00
  0.179076E+00  0.133707E+07  0.133019E+07  0.186243E+01 -0.608454E+00  0.537990E+05  0.133143E+07  0.133617E+07  0.133143E+07 -0.384961E-01  0.749878E+06  0.749784E+06  0.175381E+00
  0.184517E+00  0.129427E+07  0.128811E+07  0.169813E+01 -0.554806E+00  0.497324E+05  0.128887E+07  0.129347E+07  0.128887E+07 -0.372655E-01  0.725911E+06  0.725824E+06  0.155738E+00
  0.189958E+00  0.125420E+07  0.124868E+07  0.155270E+01 -0.507313E+00  0.460726E+05  0.124901E+07  0.125348E+07  0.124901E+07 -0.361132E-01  0.703465E+06  0.703386E+06  0.139060E+00
  0.195399E+00  0.121474E+07  0.120970E+07  0.142129E+01 -0.464403E+00  0.427035E+05  0.120975E+07  0.121408E+07  0.120975E+07 -0.349779E-01  0.681353E+06  0.681279E+06  0.126450E+00
  0.200840E+00  0.117446E+07  0.116968E+07  0.130071E+01 -0.425027E+00  0.395493E+05  0.116964E+07  0.117383E+07  0.116964E+07 -0.338182E-01  0.658764E+06  0.658693E+06  0.117983E+00
  0.206281E+00  0.113286E+07  0.112816E+07  0.118928E+01 -0.388645E+00  0.365761E+05  0.112819E+07  0.113224E+07  0.112819E+07 -0.326198E-01  0.635422E+06  0.635352E+06  0.112881E+00
  0.211722E+00  0.109060E+07  0.108584E+07  0.108678E+01 -0.355174E+00  0.337902E+05  0.108608E+07  0.108998E+07  0.108608E+07 -0.314021E-01  0.611704E+06  0.611634E+06  0.109873E+00
  0.217163E+00  0.104910E+07  0.104422E+07  0.993629E+00 -0.324754E+00  0.312184E+05  0.104470E+07  0.104846E+07  0.104470E+07 -0.302058E-01  0.588401E+06  0.588331E+06  0.107587E+00
  0.222604E+00  0.100978E+07  0.100481E+07  0.910157E+00 -0.297493E+00  0.288835E+05  0.100551E+07  0.100913E+07  0.100551E+07 -0.290726E-01  0.566329E+06  0.566259E+06  0.104883E+00
  0.228044E+00  0.973678E+06  0.968704E+06  0.836201E+00 -0.273336E+00  0.267924E+05  0.969531E+06  0.973027E+06  0.969531E+06 -0.280324E-01  0.546067E+06  0.545998E+06  0.101072E+00
  0.233485E+00  0.941292E+06  0.936420E+06  0.771133E+00 -0.252078E+00  0.249361E+05  0.937271E+06  0.940654E+06  0.937271E+06 -0.270996E-01  0.527898E+06  0.527831E+06  0.959781E-01
  0.238926E+00  0.912582E+06  0.907915E+06  0.713950E+00 -0.233394E+00  0.232920E+05  0.908688E+06  0.911971E+06  0.908688E+06 -0.262732E-01  0.511800E+06  0.511735E+06  0.898779E-01
  0.244367E+00  0.886984E+06  0.882591E+06  0.663377E+00 -0.216867E+00  0.218268E+05  0.883214E+06  0.886408E+06  0.883214E+06 -0.255367E-01  0.497453E+06  0.497392E+06  0.833276E-01
  0.249808E+00  0.863585E+06  0.859488E+06  0.618063E+00 -0.202058E+00  0.205027E+05  0.859936E+06  0.863048E+06  0.859936E+06 -0.248636E-01  0.484342E+06  0.484285E+06  0.769654E-01
  0.255249E+00  0.841405E+06  0.837580E+06  0.576802E+00 -0.188573E+00  0.192851E+05  0.837868E+06  0.840904E+06  0.837868E+06 -0.242256E-01  0.471914E+06  0.471860E+06  0.713322E-01
  0.260690E+00  0.819608E+06  0.815997E+06  0.538658E+00 -0.176107E+00  0.181468E+05  0.816176E+06  0.819135E+06  0.816176E+06 -0.235984E-01  0.459697E+06  0.459645E+06  0.667515E-01
  0.266131E+00  0.797633E+06  0.794161E+06  0.503000E+00 -0.164454E+00  0.170698E+05  0.794296E+06  0.797178E+06  0.794296E+06 -0.229657E-01  0.447374E+06  0.447324E+06  0.632870E-01
  0.271572E+00  0.775304E+06  0.771901E+06  0.469517E+00 -0.153512E+00  0.160464E+05  0.772055E+06  0.774859E+06  0.772055E+06 -0.223227E-01  0.434848E+06  0.434798E+06  0.607752E-01
  0.277013E+00  0.752861E+06  0.749476E+06  0.438180E+00 -0.143272E+00  0.150777E+05  0.749694E+06  0.752418E+06  0.749694E+06 -0.216761E-01  0.422254E+06  0.422205E+06  0.589063E-01
  0.282454E+00  0.730804E+06  0.727412E+06  0.409100E+00 -0.133769E+00  0.141700E+05  0.727714E+06  0.730360E+06  0.727714E+06 -0.210406E-01  0.409875E+06  0.409826E+06  0.573235E-01
  0.287895E+00  0.709646E+06  0.706252E+06  0.382371E+00 -0.125033E+00  0.133285E+05  0.706630E+06  0.709201E+06  0.706630E+06 -0.204310E-01  0.398000E+06  0.397952E+06  0.557120E-01
  0.293336E+00  0.689752E+06  0.686383E+06  0.357984E+00 -0.117062E+00  0.125553E+05  0.686811E+06  0.689311E+06  0.686811E+06 -0.198580E-01  0.386838E+06  0.386790E+06  0.538620E-01
  0.298777E+00  0.671316E+06  0.668008E+06  0.335837E+00 -0.109823E+00  0.118487E+05  0.668448E+06  0.670882E+06  0.668448E+06 -0.193271E-01  0.376495E+06  0.376449E+06  0.516985E-01
  0.304217E+00  0.654361E+06  0.651150E+06  0.315749E+00 -0.103256E+00  0.112042E+05  0.651566E+06  0.653941E+06  0.651566E+06 -0.188390E-01  0.366988E+06  0.366943E+06  0.492711E-01
  0.309658E+00  0.638738E+06  0.635650E+06  0.297477E+00 -0.972825E-01  0.106146E+05  0.636015E+06  0.638334E+06  0.636015E+06 -0.183893E-01  0.358229E+06  0.358185E+06  0.467156E-01
  0.315099E+00  0.624141E+06  0.621186E+06  0.280729E+00 -0.918069E-01  0.100711E+05  0.621487E+06  0.623754E+06  0.621487E+06 -0.179693E-01  0.350046E+06  0.350004E+06  0.442012E-01
  0.320540E+00  0.610197E+06  0.607368E+06  0.265222E+00 -0.867367E-01  0.956454E+04  0.607609E+06  0.609826E+06  0.607609E+06 -0.175680E-01  0.342230E+06  0.342190E+06  0.418810E-01
  0.325981E+00  0.596580E+06  0.593860E+06  0.250721E+00 -0.819957E-01  0.908746E+04  0.594055E+06  0.596224E+06  0.594055E+06 -0.171761E-01  0.334596E+06  0.334557E+06  0.398568E-01
  0.331422E+00  0.583082E+06  0.580444E+06  0.237069E+00 -0.775321E-01  0.863488E+04  0.580616E+06  0.582737E+06  0.580616E+06 -0.167875E-01  0.327027E+06  0.326989E+06  0.381632E-01
  0.336863E+00  0.569629E+06  0.567047E+06  0.224176E+00 -0.733171E-01  0.820425E+04  0.567218E+06  0.569291E+06  0.567218E+06 -0.164002E-01  0.319481E+06  0.319444E+06  0.367708E-01
  0.342304E+00  0.556268E+06  0.553722E+06  0.212012E+00 -0.693400E-01  0.779499E+04  0.553910E+06  0.555935E+06  0.553910E+06 -0.160154E-01  0.311985E+06  0.311949E+06  0.356035E-01
  0.347745E+00  0.543135E+06  0.540614E+06  0.200576E+00 -0.656013E-01  0.740771E+04  0.540827E+06  0.542805E+06  0.540827E+06 -0.156371E-01  0.304617E+06  0.304581E+06  0.345648E-01
  0.353186E+00  0.530402E+06  0.527903E+06  0.189882E+00 -0.621050E-01  0.704339E+04  0.528142E+06  0.530075E+06  0.528142E+06 -0.152704E-01  0.297473E+06  0.297437E+06  0.335625E-01
  0.358627E+00  0.518215E+06  0.515747E+06  0.179931E+00 -0.588513E-01  0.670258E+04  0.516004E+06  0.517892E+06  0.516004E+06 -0.149194E-01  0.290636E+06  0.290601E+06  0.325292E-01
  0.364068E+00  0.506663E+06  0.504236E+06  0.170699E+00 -0.558328E-01  0.638492E+04  0.504498E+06  0.506346E+06  0.504498E+06 -0.145867E-01  0.284156E+06  0.284122E+06  0.314325E-01
  0.369509E+00  0.495761E+06  0.493386E+06  0.162143E+00 -0.530349E-01  0.608919E+04  0.493642E+06  0.495450E+06  0.493642E+06 -0.142728E-01  0.278041E+06  0.278008E+06  0.302757E-01
  0.374950E+00  0.485462E+06  0.483149E+06  0.154200E+00 -0.504374E-01  0.581346E+04  0.483388E+06  0.485159E+06  0.483388E+06 -0.139764E-01  0.272266E+06  0.272233E+06  0.290889E-01
  0.380391E+00  0.475670E+06  0.473424E+06  0.146799E+00 -0.480171E-01  0.555541E+04  0.473640E+06  0.475376E+06  0.473640E+06 -0.136945E-01  0.266776E+06  0.266744E+06  0.279164E-01
  0.385831E+00  0.466265E+06  0.464085E+06  0.139867E+00 -0.457502E-01  0.531262E+04  0.464278E+06  0.465980E+06  0.464278E+06 -0.134238E-01  0.261502E+06  0.261471E+06  0.268020E-01
  0.391272E+00  0.457125E+06  0.455005E+06  0.133339E+00 -0.436151E-01  0.508283E+04  0.455178E+06  0.456847E+06  0.455178E+06 -0.131607E-01  0.256377E+06  0.256347E+06  0.257782E-01
  0.396713E+00  0.448157E+06  0.446089E+06  0.127162E+00 -0.415951E-01  0.486433E+04  0.446250E+06  0.447886E+06  0.446250E+06 -0.129026E-01  0.251348E+06  0.251319E+06  0.248605E-01
  0.402154E+00  0.439320E+06  0.437294E+06  0.121304E+00 -0.396794E-01  0.465606E+04  0.437450E+06  0.439055E+06  0.437450E+06 -0.126481E-01  0.246392E+06  0.246363E+06  0.240461E-01
  0.407595E+00  0.430618E+06  0.428626E+06  0.115747E+00 -0.378622E-01  0.445753E+04  0.428784E+06  0.430357E+06  0.428784E+06 -0.123976E-01  0.241511E+06  0.241482E+06  0.233174E-01
  0.413036E+00  0.422085E+06  0.420121E+06  0.110483E+00 -0.361409E-01  0.426859E+04  0.420285E+06  0.421828E+06  0.420285E+06 -0.121519E-01  0.236724E+06  0.236696E+06  0.226485E-01
  0.418477E+00  0.413768E+06  0.411830E+06  0.105507E+00 -0.345135E-01  0.408921E+04  0.412001E+06  0.413514E+06  0.412001E+06 -0.119123E-01  0.232059E+06  0.232031E+06  0.220119E-01
  0.423918E+00  0.405711E+06  0.403801E+06  0.100814E+00 -0.329786E-01  0.391932E+04  0.403978E+06  0.405461E+06  0.403978E+06 -0.116803E-01  0.227539E+06  0.227512E+06  0.213854E-01
  0.429359E+00  0.397953E+06  0.396073E+06  0.963951E-01 -0.315334E-01  0.375879E+04  0.396251E+06  0.397707E+06  0.396251E+06 -0.114569E-01  0.223188E+06  0.223161E+06  0.207557E-01
  0.434800E+00  0.390508E+06  0.388661E+06  0.922389E-01 -0.301741E-01  0.360726E+04  0.388838E+06  0.390266E+06  0.388838E+06 -0.112426E-01  0.219012E+06  0.218986E+06  0.201197E-01
  0.440241E+00  0.383368E+06  0.381558E+06  0.883278E-01 -0.288949E-01  0.346417E+04  0.381728E+06  0.383131E+06  0.381728E+06 -0.110370E-01  0.215008E+06  0.214982E+06  0.194828E-01
  0.445682E+00  0.376501E+06  0.374730E+06  0.846407E-01 -0.276890E-01  0.332882E+04  0.374892E+06  0.376269E+06  0.374892E+06 -0.108394E-01  0.211157E+06  0.211132E+06  0.188554E-01
  0.451123E+00  0.369865E+06  0.368132E+06  0.811552E-01 -0.265489E-01  0.320043E+04  0.368284E+06  0.369638E+06  0.368284E+06 -0.106483E-01  0.207435E+06  0.207411E+06  0.182495E-01
  0.456564E+00  0.363412E+06  0.361716E+06  0.778502E-01 -0.254679E-01  0.307825E+04  0.361860E+06  0.363190E+06  0.361860E+06 -0.104626E-01  0.203817E+06  0.203793E+06  0.176752E-01
  0.462005E+00  0.357109E+06  0.355446E+06  0.747086E-01 -0.244404E-01  0.296171E+04  0.355584E+06  0.356891E+06  0.355584E+06 -0.102811E-01  0.200282E+06  0.200258E+06  0.171386E-01
  0.467445E+00  0.350936E+06  0.349304E+06  0.717180E-01 -0.234622E-01  0.285036E+04  0.349437E+06  0.350722E+06  0.349437E+06 -0.101034E-01  0.196820E+06  0.196797E+06  0.166408E-01
  0.472886E+00  0.344888E+06  0.343283E+06  0.688692E-01 -0.225304E-01  0.274393E+04  0.343414E+06  0.344678E+06  0.343414E+06 -0.992925E-02  0.193428E+06  0.193405E+06  0.161783E-01
  0.478327E+00  0.338964E+06  0.337384E+06  0.661551E-01 -0.216426E-01  0.264218E+04  0.337516E+06  0.338757E+06  0.337516E+06 -0.975870E-02  0.190106E+06  0.190083E+06  0.157441E-01
  0.483768E+00  0.333172E+06  0.331615E+06  0.635700E-01 -0.207971E-01  0.254494E+04  0.331748E+06  0.332968E+06  0.331748E+06 -0.959193E-02  0.186857E+06  0.186835E+06  0.153303E-01
  0.489209E+00  0.327526E+06  0.325991E+06  0.611100E-01 -0.199924E-01  0.245213E+04  0.326124E+06  0.327325E+06  0.326124E+06 -0.942934E-02  0.183690E+06  0.183668E+06  0.149294E-01
  0.494650E+00  0.322041E+06  0.320529E+06  0.587719E-01 -0.192277E-01  0.236366E+04  0.320663E+06  0.321843E+06  0.320663E+06 -0.927143E-02  0.180613E+06  0.180592E+06  0.145366E-01
  0.500091E+00  0.316728E+06  0.315240E+06  0.565512E-01 -0.185013E-01  0.227939E+04  0.315372E+06  0.316533E+06  0.315372E+06 -0.911846E-02  0.177633E+06  0.177612E+06  0.141494E-01
  0.505532E+00  0.311582E+06  0.310118E+06  0.544413E-01 -0.178111E-01  0.219911E+04  0.310248E+06  0.311391E+06  0.310248E+06 -0.897031E-02  0.174748E+06  0.174727E+06  0.137679E-01
  0.510973E+00  0.306591E+06  0.305152E+06  0.524344E-01 -0.171546E-01  0.212253E+04  0.305279E+06  0.306403E+06  0.305279E+06 -0.882662E-02  0.171948E+06  0.171928E+06  0.133940E-01
  0.516414E+00  0.301739E+06  0.300325E+06  0.505228E-01 -0.165293E-01  0.204940E+04  0.300447E+06  0.301554E+06  0.300447E+06 -0.868693E-02  0.169227E+06  0.169207E+06  0.130306E-01
  0.521855E+00  0.297012E+06  0.295623E+06  0.486998E-01 -0.159330E-01  0.197947E+04  0.295741E+06  0.296830E+06  0.295741E+06 -0.855085E-02  0.166576E+06  0.166557E+06  0.126807E-01
  0.527296E+00  0.292400E+06  0.291034E+06  0.469591E-01 -0.153636E-01  0.191252E+04  0.291148E+06  0.292221E+06  0.291148E+06 -0.841807E-02  0.163990E+06  0.163970E+06  0.123464E-01
  0.532737E+00  0.287891E+06  0.286547E+06  0.452954E-01 -0.148193E-01  0.184836E+04  0.286659E+06  0.287715E+06  0.286659E+06 -0.828826E-02  0.161461E+06  0.161442E+06  0.120286E-01
  0.538178E+00  0.283478E+06  0.282154E+06  0.437037E-01 -0.142986E-01  0.178681E+04  0.282264E+06  0.283304E+06  0.282264E+06 -0.816120E-02  0.158986E+06  0.158967E+06  0.117266E-01
  0.543619E+00  0.279154E+06  0.277850E+06  0.421799E-01 -0.138002E-01  0.172774E+04  0.277959E+06  0.278984E+06  0.277959E+06 -0.803673E-02  0.156561E+06  0.156542E+06  0.114385E-01
  0.549059E+00  0.274921E+06  0.273636E+06  0.407210E-01 -0.133229E-01  0.167104E+04  0.273744E+06  0.274753E+06  0.273744E+06 -0.791486E-02  0.154187E+06  0.154169E+06  0.111622E-01
  0.554500E+00  0.270784E+06  0.269517E+06  0.393249E-01 -0.128662E-01  0.161665E+04  0.269624E+06  0.270618E+06  0.269624E+06 -0.779574E-02  0.151866E+06  0.151848E+06  0.108954E-01
  0.559941E+00  0.266748E+06  0.265498E+06  0.379894E-01 -0.124293E-01  0.156450E+04  0.265605E+06  0.266584E+06  0.265605E+06 -0.767953E-02  0.149603E+06  0.149585E+06  0.106363E-01
  0.565382E+00  0.262813E+06  0.261582E+06  0.367121E-01 -0.120115E-01  0.151450E+04  0.261687E+06  0.262652E+06  0.261687E+06 -0.756625E-02  0.147396E+06  0.147378E+06  0.103835E-01
  0.570823E+00  0.258978E+06  0.257764E+06  0.354899E-01 -0.116117E-01  0.146656E+04  0.257868E+06  0.258819E+06  0.257868E+06 -0.745582E-02  0.145245E+06  0.145227E+06  0.101364E-01
  0.576264E+00  0.255237E+06  0.254041E+06  0.343198E-01 -0.112289E-01  0.142056E+04  0.254143E+06  0.255080E+06  0.254143E+06 -0.734811E-02  0.143147E+06  0.143129E+06  0.989526E-02
  0.581705E+00  0.251585E+06  0.250407E+06  0.331990E-01 -0.108622E-01  0.137640E+04  0.250507E+06  0.251431E+06  0.250507E+06 -0.724300E-02  0.141099E+06  0.141082E+06  0.966050E-02
  0.587146E+00  0.248021E+06  0.246860E+06  0.321248E-01 -0.105108E-01  0.133399E+04  0.246958E+06  0.247869E+06  0.246958E+06 -0.714037E-02  0.139100E+06  0.139083E+06  0.943290E-02
  0.592587E+00  0.244538E+06  0.243394E+06  0.310947E-01 -0.101738E-01  0.129324E+04  0.243490E+06  0.244388E+06  0.243490E+06 -0.704010E-02  0.137146E+06  0.137130E+06  0.921307E-02
  0.598028E+00  0.241130E+06  0.240003E+06  0.301060E-01 -0.985034E-02  0.125404E+04  0.240097E+06  0.240983E+06  0.240097E+06 -0.694200E-02  0.135235E+06  0.135219E+06  0.900125E-02
  0.603469E+00  0.237792E+06  0.236680E+06  0.291562E-01 -0.953963E-02  0.121631E+04  0.236773E+06  0.237646E+06  0.236773E+06 -0.684589E-02  0.133363E+06  0.133347E+06  0.879731E-02
  0.613666E+00  0.231714E+06  0.230631E+06  0.274746E-01 -0.898949E-02  0.114931E+04  0.230721E+06  0.231572E+06  0.230721E+06 -0.667092E-02  0.129954E+06  0.129939E+06  0.843492E-02
  0.638209E+00  0.218046E+06  0.217025E+06  0.239035E-01 -0.782118E-02  0.100618E+04  0.217111E+06  0.217912E+06  0.217111E+06 -0.627739E-02  0.122288E+06  0.122274E+06  0.764389E-02
  0.663734E+00  0.205169E+06  0.204209E+06  0.207951E-01 -0.680422E-02  0.880586E+03  0.204289E+06  0.205043E+06  0.204289E+06 -0.590667E-02  0.115066E+06  0.115053E+06  0.691769E-02
  0.828904E+00  0.144668E+06  0.143991E+06  0.940144E-02 -0.307639E-02  0.409913E+03  0.144047E+06  0.144579E+06  0.144047E+06 -0.416487E-02  0.811352E+05  0.811254E+05  0.393178E-02
  0.103518E+01  0.101355E+06  0.100881E+06  0.422318E-02 -0.138200E-02  0.188286E+03  0.100919E+06  0.101293E+06  0.100919E+06 -0.291791E-02  0.568434E+05  0.568365E+05  0.222856E-02
  0.129278E+01  0.705984E+05  0.702680E+05  0.188610E-02 -0.617232E-03  0.855016E+02  0.702948E+05  0.705551E+05  0.702948E+05 -0.203246E-02  0.395941E+05  0.395892E+05  0.126306E-02
  0.161448E+01  0.489198E+05  0.486908E+05  0.837975E-03 -0.274237E-03  0.384519E+02  0.487093E+05  0.488898E+05  0.487093E+05 -0.140835E-02  0.274359E+05  0.274325E+05  0.718310E-03
  0.201625E+01  0.337391E+05  0.335809E+05  0.370556E-03 -0.121272E-03  0.171519E+02  0.335939E+05  0.337184E+05  0.335939E+05 -0.971310E-03  0.189220E+05  0.189195E+05  0.411820E-03
