#    L    TT             EE             BB             TE             PP             TP             EP          
     2    0.11351E+04    0.54926E-01    0.00000E+00    0.34545E+01    0.48846E-07    0.34200E-02   -0.16378E-04
     3    0.10550E+04    0.88312E-01    0.00000E+00    0.42931E+01    0.59293E-07    0.34043E-02   -0.19877E-04
     4    0.98114E+03    0.97755E-01    0.00000E+00    0.43846E+01    0.68262E-07    0.33192E-02   -0.19822E-04
     5    0.92433E+03    0.85338E-01    0.00000E+00    0.40393E+01    0.76028E-07    0.32050E-02   -0.17261E-04
     6    0.88306E+03    0.62030E-01    0.00000E+00    0.34956E+01    0.82783E-07    0.30816E-02   -0.13145E-04
     7    0.85436E+03    0.38882E-01    0.00000E+00    0.29011E+01    0.88710E-07    0.29588E-02   -0.83834E-05
     8    0.83492E+03    0.22214E-01    0.00000E+00    0.23441E+01    0.93940E-07    0.28373E-02   -0.38004E-05
     9    0.82253E+03    0.13102E-01    0.00000E+00    0.18691E+01    0.98584E-07    0.27171E-02   -0.33641E-07
    10    0.81563E+03    0.94192E-02    0.00000E+00    0.15000E+01    0.10271E-06    0.26008E-02    0.25819E-05
    11    0.81265E+03    0.82925E-02    0.00000E+00    0.12446E+01    0.10640E-06    0.24933E-02    0.40071E-05
    12    0.81365E+03    0.77398E-02    0.00000E+00    0.11002E+01    0.10970E-06    0.23965E-02    0.43417E-05
    13    0.81684E+03    0.69109E-02    0.00000E+00    0.10427E+01    0.11263E-06    0.23087E-02    0.37567E-05
    14    0.82125E+03    0.60052E-02    0.00000E+00    0.10431E+01    0.11525E-06    0.22279E-02    0.24783E-05
    15    0.82716E+03    0.53140E-02    0.00000E+00    0.10823E+01    0.11760E-06    0.21512E-02    0.92880E-06
    16    0.83493E+03    0.50431E-02    0.00000E+00    0.11446E+01    0.11969E-06    0.20766E-02   -0.48129E-06
    17    0.84447E+03    0.51885E-02    0.00000E+00    0.12151E+01    0.12156E-06    0.20053E-02   -0.15530E-05
    18    0.85485E+03    0.55083E-02    0.00000E+00    0.12820E+01    0.12323E-06    0.19388E-02   -0.21844E-05
    19    0.86688E+03    0.58697E-02    0.00000E+00    0.13400E+01    0.12471E-06    0.18763E-02   -0.24488E-05
    20    0.87889E+03    0.62504E-02    0.00000E+00    0.13842E+01    0.12601E-06    0.18168E-02   -0.24380E-05
    21    0.89122E+03    0.66952E-02    0.00000E+00    0.14206E+01    0.12715E-06    0.17595E-02   -0.21490E-05
    22    0.90413E+03    0.73361E-02    0.00000E+00    0.14556E+01    0.12816E-06    0.17044E-02   -0.15953E-05
    23    0.91743E+03    0.82278E-02    0.00000E+00    0.14908E+01    0.12904E-06    0.16517E-02   -0.94902E-06
    24    0.93118E+03    0.93662E-02    0.00000E+00    0.15268E+01    0.12979E-06    0.16018E-02   -0.40254E-06
    25    0.94532E+03    0.10760E-01    0.00000E+00    0.15655E+01    0.13044E-06    0.15547E-02   -0.77286E-07
    26    0.95966E+03    0.12379E-01    0.00000E+00    0.16095E+01    0.13099E-06    0.15100E-02   -0.32914E-07
    27    0.97443E+03    0.14178E-01    0.00000E+00    0.16559E+01    0.13144E-06    0.14675E-02   -0.15483E-06
    28    0.98949E+03    0.16144E-01    0.00000E+00    0.17019E+01    0.13181E-06    0.14266E-02   -0.31148E-06
    29    0.10049E+04    0.18287E-01    0.00000E+00    0.17454E+01    0.13210E-06    0.13878E-02   -0.47347E-06
    30    0.10205E+04    0.20624E-01    0.00000E+00    0.17835E+01    0.13230E-06    0.13511E-02   -0.64170E-06
    31    0.10363E+04    0.23139E-01    0.00000E+00    0.18137E+01    0.13243E-06    0.13161E-02   -0.83636E-06
    32    0.10525E+04    0.25806E-01    0.00000E+00    0.18337E+01    0.13250E-06    0.12824E-02   -0.10612E-05
    33    0.10690E+04    0.28637E-01    0.00000E+00    0.18409E+01    0.13251E-06    0.12497E-02   -0.12355E-05
    34    0.10857E+04    0.31661E-01    0.00000E+00    0.18345E+01    0.13247E-06    0.12178E-02   -0.12736E-05
    35    0.11026E+04    0.34900E-01    0.00000E+00    0.18189E+01    0.13238E-06    0.11867E-02   -0.11527E-05
    36    0.11195E+04    0.38374E-01    0.00000E+00    0.17968E+01    0.13224E-06    0.11565E-02   -0.89138E-06
    37    0.11366E+04    0.42076E-01    0.00000E+00    0.17643E+01    0.13206E-06    0.11279E-02   -0.61107E-06
    38    0.11541E+04    0.46002E-01    0.00000E+00    0.17192E+01    0.13183E-06    0.11010E-02   -0.42561E-06
    39    0.11720E+04    0.50165E-01    0.00000E+00    0.16637E+01    0.13157E-06    0.10757E-02   -0.31820E-06
    40    0.11900E+04    0.54584E-01    0.00000E+00    0.16006E+01    0.13128E-06    0.10514E-02   -0.23958E-06
    41    0.12082E+04    0.59281E-01    0.00000E+00    0.15318E+01    0.13094E-06    0.10276E-02   -0.15156E-06
    42    0.12264E+04    0.64257E-01    0.00000E+00    0.14555E+01    0.13058E-06    0.10043E-02   -0.59503E-07
    43    0.12448E+04    0.69507E-01    0.00000E+00    0.13688E+01    0.13019E-06    0.98155E-03    0.20380E-07
    44    0.12632E+04    0.75014E-01    0.00000E+00    0.12697E+01    0.12977E-06    0.95953E-03    0.71940E-07
    45    0.12819E+04    0.80769E-01    0.00000E+00    0.11563E+01    0.12933E-06    0.93828E-03    0.79071E-07
    46    0.13009E+04    0.86768E-01    0.00000E+00    0.10256E+01    0.12886E-06    0.91786E-03    0.31632E-07
    47    0.13201E+04    0.93014E-01    0.00000E+00    0.87937E+00    0.12837E-06    0.89817E-03   -0.56802E-07
    48    0.13393E+04    0.99518E-01    0.00000E+00    0.72322E+00    0.12786E-06    0.87906E-03   -0.16678E-06
    49    0.13587E+04    0.10627E+00    0.00000E+00    0.56225E+00    0.12734E-06    0.86038E-03   -0.27891E-06
    50    0.13785E+04    0.11325E+00    0.00000E+00    0.39474E+00    0.12680E-06    0.84201E-03   -0.37385E-06
    51    0.13985E+04    0.12043E+00    0.00000E+00    0.21717E+00    0.12624E-06    0.82384E-03   -0.43646E-06
    52    0.14189E+04    0.12790E+00    0.00000E+00    0.24297E-01    0.12567E-06    0.80598E-03   -0.46825E-06
    53    0.14392E+04    0.13580E+00    0.00000E+00   -0.18766E+00    0.12509E-06    0.78861E-03   -0.47492E-06
    54    0.14595E+04    0.14412E+00    0.00000E+00   -0.41454E+00    0.12450E-06    0.77187E-03   -0.46211E-06
    55    0.14800E+04    0.15283E+00    0.00000E+00   -0.65205E+00    0.12389E-06    0.75593E-03   -0.43548E-06
    56    0.15008E+04    0.16178E+00    0.00000E+00   -0.90198E+00    0.12328E-06    0.74090E-03   -0.40001E-06
    57    0.15219E+04    0.17087E+00    0.00000E+00   -0.11642E+01    0.12265E-06    0.72667E-03   -0.35816E-06
    58    0.15432E+04    0.18011E+00    0.00000E+00   -0.14392E+01    0.12202E-06    0.71309E-03   -0.31173E-06
    59    0.15648E+04    0.18954E+00    0.00000E+00   -0.17276E+01    0.12138E-06    0.69998E-03   -0.26251E-06
    60    0.15865E+04    0.19922E+00    0.00000E+00   -0.20286E+01    0.12073E-06    0.68720E-03   -0.21230E-06
    61    0.16086E+04    0.20924E+00    0.00000E+00   -0.23412E+01    0.12007E-06    0.67461E-03   -0.16292E-06
    62    0.16307E+04    0.21959E+00    0.00000E+00   -0.26664E+01    0.11941E-06    0.66217E-03   -0.11625E-06
    63    0.16528E+04    0.23022E+00    0.00000E+00   -0.30053E+01    0.11874E-06    0.64984E-03   -0.74209E-07
    64    0.16754E+04    0.24115E+00    0.00000E+00   -0.33592E+01    0.11807E-06    0.63762E-03   -0.38693E-07
    65    0.16980E+04    0.25235E+00    0.00000E+00   -0.37287E+01    0.11739E-06    0.62548E-03   -0.11607E-07
    66    0.17209E+04    0.26374E+00    0.00000E+00   -0.41122E+01    0.11672E-06    0.61341E-03    0.52383E-08
    67    0.17440E+04    0.27534E+00    0.00000E+00   -0.45067E+01    0.11604E-06    0.60151E-03    0.10408E-07
    68    0.17675E+04    0.28718E+00    0.00000E+00   -0.49105E+01    0.11535E-06    0.58986E-03    0.25590E-08
    69    0.17912E+04    0.29922E+00    0.00000E+00   -0.53216E+01    0.11467E-06    0.57857E-03   -0.19650E-07
    70    0.18151E+04    0.31150E+00    0.00000E+00   -0.57417E+01    0.11399E-06    0.56774E-03   -0.57561E-07
    71    0.18393E+04    0.32401E+00    0.00000E+00   -0.61730E+01    0.11330E-06    0.55744E-03   -0.11040E-06
    72    0.18636E+04    0.33674E+00    0.00000E+00   -0.66170E+01    0.11262E-06    0.54764E-03   -0.16893E-06
    73    0.18880E+04    0.34963E+00    0.00000E+00   -0.70743E+01    0.11193E-06    0.53827E-03   -0.22182E-06
    74    0.19127E+04    0.36269E+00    0.00000E+00   -0.75442E+01    0.11125E-06    0.52927E-03   -0.25774E-06
    75    0.19376E+04    0.37591E+00    0.00000E+00   -0.80253E+01    0.11056E-06    0.52057E-03   -0.26540E-06
    76    0.19629E+04    0.38931E+00    0.00000E+00   -0.85171E+01    0.10987E-06    0.51211E-03   -0.23747E-06
    77    0.19884E+04    0.40287E+00    0.00000E+00   -0.90193E+01    0.10919E-06    0.50379E-03   -0.18264E-06
    78    0.20144E+04    0.41662E+00    0.00000E+00   -0.95333E+01    0.10850E-06    0.49555E-03   -0.11355E-06
    79    0.20405E+04    0.43051E+00    0.00000E+00   -0.10055E+02    0.10782E-06    0.48729E-03   -0.42851E-07
    80    0.20669E+04    0.44454E+00    0.00000E+00   -0.10587E+02    0.10713E-06    0.47892E-03    0.16832E-07
    81    0.20934E+04    0.45865E+00    0.00000E+00   -0.11128E+02    0.10645E-06    0.47041E-03    0.55363E-07
    82    0.21202E+04    0.47287E+00    0.00000E+00   -0.11678E+02    0.10577E-06    0.46195E-03    0.72532E-07
    83    0.21472E+04    0.48718E+00    0.00000E+00   -0.12237E+02    0.10509E-06    0.45376E-03    0.70608E-07
    84    0.21745E+04    0.50157E+00    0.00000E+00   -0.12802E+02    0.10442E-06    0.44608E-03    0.51859E-07
    85    0.22018E+04    0.51601E+00    0.00000E+00   -0.13375E+02    0.10375E-06    0.43915E-03    0.18550E-07
    86    0.22294E+04    0.53052E+00    0.00000E+00   -0.13954E+02    0.10307E-06    0.43304E-03   -0.26677E-07
    87    0.22574E+04    0.54508E+00    0.00000E+00   -0.14539E+02    0.10241E-06    0.42718E-03   -0.79661E-07
    88    0.22854E+04    0.55968E+00    0.00000E+00   -0.15129E+02    0.10174E-06    0.42086E-03   -0.13586E-06
    89    0.23137E+04    0.57433E+00    0.00000E+00   -0.15727E+02    0.10108E-06    0.41337E-03   -0.19074E-06
    90    0.23422E+04    0.58897E+00    0.00000E+00   -0.16329E+02    0.10042E-06    0.40398E-03   -0.23978E-06
    91    0.23709E+04    0.60361E+00    0.00000E+00   -0.16937E+02    0.99771E-07    0.39214E-03   -0.27930E-06
    92    0.23998E+04    0.61824E+00    0.00000E+00   -0.17550E+02    0.99121E-07    0.37794E-03   -0.30916E-06
    93    0.24291E+04    0.63283E+00    0.00000E+00   -0.18167E+02    0.98474E-07    0.36162E-03   -0.33006E-06
    94    0.24584E+04    0.64736E+00    0.00000E+00   -0.18787E+02    0.97831E-07    0.34344E-03   -0.34271E-06
    95    0.24879E+04    0.66183E+00    0.00000E+00   -0.19411E+02    0.97192E-07    0.32363E-03   -0.34782E-06
    96    0.25175E+04    0.67623E+00    0.00000E+00   -0.20039E+02    0.96557E-07    0.30246E-03   -0.34610E-06
    97    0.25475E+04    0.69053E+00    0.00000E+00   -0.20669E+02    0.95925E-07    0.28015E-03   -0.33826E-06
    98    0.25777E+04    0.70474E+00    0.00000E+00   -0.21300E+02    0.95298E-07    0.25697E-03   -0.32499E-06
    99    0.26080E+04    0.71881E+00    0.00000E+00   -0.21934E+02    0.94674E-07    0.23316E-03   -0.30702E-06
   100    0.26385E+04    0.73275E+00    0.00000E+00   -0.22567E+02    0.94054E-07    0.20897E-03   -0.28505E-06
   101    0.26692E+04    0.74662E+00    0.00000E+00   -0.23202E+02    0.93437E-07    0.18463E-03   -0.25977E-06
   102    0.27005E+04    0.76027E+00    0.00000E+00   -0.23837E+02    0.92825E-07    0.16041E-03   -0.23190E-06
   103    0.27316E+04    0.77377E+00    0.00000E+00   -0.24473E+02    0.92217E-07    0.13653E-03   -0.20214E-06
   104    0.27630E+04    0.78713E+00    0.00000E+00   -0.25106E+02    0.91613E-07    0.11326E-03   -0.17119E-06
   105    0.27945E+04    0.80027E+00    0.00000E+00   -0.25738E+02    0.91012E-07    0.90835E-04   -0.13977E-06
   106    0.28262E+04    0.81327E+00    0.00000E+00   -0.26369E+02    0.90416E-07    0.69501E-04   -0.10856E-06
   107    0.28578E+04    0.82597E+00    0.00000E+00   -0.26996E+02    0.89824E-07    0.49505E-04   -0.78276E-07
   108    0.28898E+04    0.83846E+00    0.00000E+00   -0.27622E+02    0.89236E-07    0.31093E-04   -0.49621E-07
   109    0.29220E+04    0.85066E+00    0.00000E+00   -0.28244E+02    0.88652E-07    0.14509E-04   -0.23295E-07
   110    0.29542E+04    0.86258E+00    0.00000E+00   -0.28860E+02    0.88073E-07    0.00000E+00    0.00000E+00
   111    0.29866E+04    0.87428E+00    0.00000E+00   -0.29473E+02    0.87497E-07   -0.12255E-04    0.19719E-07
   112    0.30191E+04    0.88569E+00    0.00000E+00   -0.30082E+02    0.86926E-07   -0.22337E-04    0.35942E-07
   113    0.30518E+04    0.89681E+00    0.00000E+00   -0.30685E+02    0.86359E-07   -0.30395E-04    0.48907E-07
   114    0.30847E+04    0.90757E+00    0.00000E+00   -0.31281E+02    0.85797E-07   -0.36575E-04    0.58851E-07
   115    0.31177E+04    0.91812E+00    0.00000E+00   -0.31871E+02    0.85238E-07   -0.41024E-04    0.66011E-07
   116    0.31507E+04    0.92824E+00    0.00000E+00   -0.32453E+02    0.84684E-07   -0.43891E-04    0.70623E-07
   117    0.31840E+04    0.93799E+00    0.00000E+00   -0.33027E+02    0.84134E-07   -0.45321E-04    0.72925E-07
   118    0.32175E+04    0.94754E+00    0.00000E+00   -0.33593E+02    0.83588E-07   -0.45462E-04    0.73152E-07
   119    0.32510E+04    0.95672E+00    0.00000E+00   -0.34150E+02    0.83047E-07   -0.44461E-04    0.71541E-07
   120    0.32846E+04    0.96540E+00    0.00000E+00   -0.34697E+02    0.82509E-07   -0.42464E-04    0.68328E-07
   121    0.33181E+04    0.97386E+00    0.00000E+00   -0.35234E+02    0.81976E-07   -0.39619E-04    0.63750E-07
   122    0.33518E+04    0.98182E+00    0.00000E+00   -0.35761E+02    0.81447E-07   -0.36072E-04    0.58042E-07
   123    0.33855E+04    0.98935E+00    0.00000E+00   -0.36278E+02    0.80923E-07   -0.31969E-04    0.51440E-07
   124    0.34193E+04    0.99651E+00    0.00000E+00   -0.36781E+02    0.80402E-07   -0.27457E-04    0.44180E-07
   125    0.34530E+04    0.10033E+01    0.00000E+00   -0.37272E+02    0.79886E-07   -0.22683E-04    0.36499E-07
   126    0.34868E+04    0.10096E+01    0.00000E+00   -0.37752E+02    0.79374E-07   -0.17793E-04    0.28630E-07
   127    0.35206E+04    0.10155E+01    0.00000E+00   -0.38218E+02    0.78866E-07   -0.12933E-04    0.20811E-07
   128    0.35544E+04    0.10210E+01    0.00000E+00   -0.38672E+02    0.78362E-07   -0.82505E-05    0.13276E-07
   129    0.35883E+04    0.10260E+01    0.00000E+00   -0.39110E+02    0.77863E-07   -0.38907E-05    0.62603E-08
   130    0.36221E+04    0.10305E+01    0.00000E+00   -0.39534E+02    0.77368E-07    0.00000E+00    0.00000E+00
   131    0.36559E+04    0.10347E+01    0.00000E+00   -0.39944E+02    0.76876E-07    0.33060E-05   -0.53196E-08
   132    0.36897E+04    0.10383E+01    0.00000E+00   -0.40338E+02    0.76389E-07    0.60349E-05   -0.97105E-08
   133    0.37235E+04    0.10416E+01    0.00000E+00   -0.40717E+02    0.75907E-07    0.82248E-05   -0.13234E-07
   134    0.37572E+04    0.10443E+01    0.00000E+00   -0.41078E+02    0.75428E-07    0.99142E-05   -0.15953E-07
   135    0.37910E+04    0.10466E+01    0.00000E+00   -0.41423E+02    0.74954E-07    0.11141E-04   -0.17927E-07
   136    0.38245E+04    0.10484E+01    0.00000E+00   -0.41748E+02    0.74483E-07    0.11944E-04   -0.19218E-07
   137    0.38581E+04    0.10498E+01    0.00000E+00   -0.42057E+02    0.74017E-07    0.12361E-04   -0.19889E-07
   138    0.38916E+04    0.10506E+01    0.00000E+00   -0.42347E+02    0.73554E-07    0.12429E-04   -0.20000E-07
   139    0.39248E+04    0.10511E+01    0.00000E+00   -0.42617E+02    0.73096E-07    0.12189E-04   -0.19612E-07
   140    0.39581E+04    0.10510E+01    0.00000E+00   -0.42869E+02    0.72641E-07    0.11676E-04   -0.18788E-07
   141    0.39912E+04    0.10505E+01    0.00000E+00   -0.43101E+02    0.72190E-07    0.10930E-04   -0.17588E-07
   142    0.40242E+04    0.10495E+01    0.00000E+00   -0.43313E+02    0.71744E-07    0.99893E-05   -0.16073E-07
   143    0.40572E+04    0.10480E+01    0.00000E+00   -0.43504E+02    0.71301E-07    0.88910E-05   -0.14306E-07
   144    0.40900E+04    0.10461E+01    0.00000E+00   -0.43675E+02    0.70862E-07    0.76736E-05   -0.12347E-07
   145    0.41226E+04    0.10438E+01    0.00000E+00   -0.43825E+02    0.70426E-07    0.63752E-05   -0.10258E-07
   146    0.41553E+04    0.10410E+01    0.00000E+00   -0.43954E+02    0.69995E-07    0.50338E-05   -0.80997E-08
   147    0.41876E+04    0.10378E+01    0.00000E+00   -0.44060E+02    0.69567E-07    0.36876E-05   -0.59336E-08
   148    0.42198E+04    0.10341E+01    0.00000E+00   -0.44145E+02    0.69143E-07    0.23745E-05   -0.38207E-08
   149    0.42518E+04    0.10299E+01    0.00000E+00   -0.44207E+02    0.68723E-07    0.11326E-05   -0.18225E-08
   150    0.42836E+04    0.10255E+01    0.00000E+00   -0.44245E+02    0.68306E-07    0.00000E+00    0.00000E+00
   151    0.43153E+04    0.10206E+01    0.00000E+00   -0.44261E+02    0.67894E-07   -0.99296E-06    0.15977E-08
   152    0.43466E+04    0.10152E+01    0.00000E+00   -0.44253E+02    0.67484E-07   -0.18461E-05    0.29705E-08
   153    0.43779E+04    0.10094E+01    0.00000E+00   -0.44220E+02    0.67079E-07   -0.25669E-05    0.41304E-08
   154    0.44089E+04    0.10033E+01    0.00000E+00   -0.44164E+02    0.66676E-07   -0.31629E-05    0.50893E-08
   155    0.44396E+04    0.99686E+00    0.00000E+00   -0.44083E+02    0.66278E-07   -0.36414E-05    0.58592E-08
   156    0.44700E+04    0.99006E+00    0.00000E+00   -0.43979E+02    0.65883E-07   -0.40099E-05    0.64521E-08
   157    0.45004E+04    0.98291E+00    0.00000E+00   -0.43849E+02    0.65491E-07   -0.42758E-05    0.68800E-08
   158    0.45304E+04    0.97548E+00    0.00000E+00   -0.43694E+02    0.65103E-07   -0.44466E-05    0.71549E-08
   159    0.45601E+04    0.96763E+00    0.00000E+00   -0.43515E+02    0.64718E-07   -0.45298E-05    0.72887E-08
   160    0.45896E+04    0.95949E+00    0.00000E+00   -0.43309E+02    0.64337E-07   -0.45327E-05    0.72934E-08
   161    0.46189E+04    0.95116E+00    0.00000E+00   -0.43079E+02    0.63958E-07   -0.44628E-05    0.71810E-08
   162    0.46479E+04    0.94247E+00    0.00000E+00   -0.42823E+02    0.63584E-07   -0.43276E-05    0.69634E-08
   163    0.46767E+04    0.93350E+00    0.00000E+00   -0.42542E+02    0.63212E-07   -0.41344E-05    0.66526E-08
   164    0.47051E+04    0.92433E+00    0.00000E+00   -0.42235E+02    0.62844E-07   -0.38908E-05    0.62605E-08
   165    0.47333E+04    0.91488E+00    0.00000E+00   -0.41902E+02    0.62479E-07   -0.36040E-05    0.57991E-08
   166    0.47612E+04    0.90529E+00    0.00000E+00   -0.41543E+02    0.62118E-07   -0.32816E-05    0.52803E-08
   167    0.47889E+04    0.89536E+00    0.00000E+00   -0.41159E+02    0.61759E-07   -0.29310E-05    0.47161E-08
   168    0.48162E+04    0.88543E+00    0.00000E+00   -0.40748E+02    0.61404E-07   -0.25595E-05    0.41185E-08
   169    0.48431E+04    0.87523E+00    0.00000E+00   -0.40309E+02    0.61051E-07   -0.21747E-05    0.34992E-08
   170    0.48697E+04    0.86497E+00    0.00000E+00   -0.39846E+02    0.60702E-07   -0.17839E-05    0.28704E-08
   171    0.48959E+04    0.85466E+00    0.00000E+00   -0.39354E+02    0.60356E-07   -0.13946E-05    0.22440E-08
   172    0.49217E+04    0.84420E+00    0.00000E+00   -0.38836E+02    0.60013E-07   -0.10141E-05    0.16317E-08
   173    0.49470E+04    0.83362E+00    0.00000E+00   -0.38292E+02    0.59673E-07   -0.64990E-06    0.10457E-08
   174    0.49720E+04    0.82320E+00    0.00000E+00   -0.37722E+02    0.59336E-07   -0.30940E-06    0.49784E-09
   175    0.49967E+04    0.81264E+00    0.00000E+00   -0.37124E+02    0.59002E-07    0.00000E+00    0.00000E+00
   176    0.50208E+04    0.80218E+00    0.00000E+00   -0.36499E+02    0.58671E-07    0.27242E-06   -0.43834E-09
   177    0.50445E+04    0.79172E+00    0.00000E+00   -0.35849E+02    0.58342E-07    0.50815E-06   -0.81766E-09
   178    0.50678E+04    0.78151E+00    0.00000E+00   -0.35171E+02    0.58017E-07    0.70903E-06   -0.11409E-08
   179    0.50906E+04    0.77123E+00    0.00000E+00   -0.34466E+02    0.57694E-07    0.87686E-06   -0.14109E-08
   180    0.51131E+04    0.76111E+00    0.00000E+00   -0.33736E+02    0.57375E-07    0.10135E-05   -0.16308E-08
   181    0.51350E+04    0.75115E+00    0.00000E+00   -0.32980E+02    0.57058E-07    0.11207E-05   -0.18033E-08
   182    0.51566E+04    0.74142E+00    0.00000E+00   -0.32197E+02    0.56744E-07    0.12004E-05   -0.19315E-08
   183    0.51775E+04    0.73184E+00    0.00000E+00   -0.31389E+02    0.56432E-07    0.12544E-05   -0.20184E-08
   184    0.51982E+04    0.72250E+00    0.00000E+00   -0.30554E+02    0.56123E-07    0.12844E-05   -0.20667E-08
   185    0.52183E+04    0.71354E+00    0.00000E+00   -0.29695E+02    0.55817E-07    0.12923E-05   -0.20795E-08
   186    0.52377E+04    0.70481E+00    0.00000E+00   -0.28809E+02    0.55514E-07    0.12800E-05   -0.20597E-08
   187    0.52568E+04    0.69647E+00    0.00000E+00   -0.27897E+02    0.55213E-07    0.12493E-05   -0.20102E-08
   188    0.52755E+04    0.68848E+00    0.00000E+00   -0.26961E+02    0.54915E-07    0.12019E-05   -0.19339E-08
   189    0.52936E+04    0.68089E+00    0.00000E+00   -0.26000E+02    0.54619E-07    0.11397E-05   -0.18339E-08
   190    0.53115E+04    0.67375E+00    0.00000E+00   -0.25015E+02    0.54326E-07    0.10646E-05   -0.17130E-08
   191    0.53285E+04    0.66707E+00    0.00000E+00   -0.24004E+02    0.54035E-07    0.97827E-06   -0.15741E-08
   192    0.53451E+04    0.66090E+00    0.00000E+00   -0.22969E+02    0.53747E-07    0.88264E-06   -0.14202E-08
   193    0.53612E+04    0.65525E+00    0.00000E+00   -0.21911E+02    0.53461E-07    0.77949E-06   -0.12543E-08
   194    0.53769E+04    0.65017E+00    0.00000E+00   -0.20829E+02    0.53178E-07    0.67065E-06   -0.10791E-08
   195    0.53920E+04    0.64569E+00    0.00000E+00   -0.19724E+02    0.52897E-07    0.55794E-06   -0.89776E-09
   196    0.54065E+04    0.64185E+00    0.00000E+00   -0.18595E+02    0.52619E-07    0.44318E-06   -0.71310E-09
   197    0.54205E+04    0.63869E+00    0.00000E+00   -0.17445E+02    0.52342E-07    0.32818E-06   -0.52807E-09
   198    0.54341E+04    0.63624E+00    0.00000E+00   -0.16272E+02    0.52069E-07    0.21478E-06   -0.34559E-09
   199    0.54471E+04    0.63452E+00    0.00000E+00   -0.15078E+02    0.51797E-07    0.10478E-06   -0.16859E-09
   200    0.54596E+04    0.63357E+00    0.00000E+00   -0.13862E+02    0.51528E-07    0.00000E+00    0.00000E+00
   201    0.54716E+04    0.63344E+00    0.00000E+00   -0.12625E+02    0.51260E-07   -0.98065E-07    0.15779E-09
   202    0.54830E+04    0.63415E+00    0.00000E+00   -0.11367E+02    0.50996E-07   -0.18927E-06    0.30454E-09
   203    0.54938E+04    0.63575E+00    0.00000E+00   -0.10088E+02    0.50733E-07   -0.27378E-06    0.44053E-09
   204    0.55040E+04    0.63826E+00    0.00000E+00   -0.87907E+01    0.50472E-07   -0.35179E-06    0.56605E-09
   205    0.55137E+04    0.64173E+00    0.00000E+00   -0.74733E+01    0.50214E-07   -0.42347E-06    0.68140E-09
   206    0.55227E+04    0.64619E+00    0.00000E+00   -0.61367E+01    0.49958E-07   -0.48901E-06    0.78685E-09
   207    0.55312E+04    0.65167E+00    0.00000E+00   -0.47814E+01    0.49703E-07   -0.54858E-06    0.88269E-09
   208    0.55389E+04    0.65821E+00    0.00000E+00   -0.34080E+01    0.49451E-07   -0.60235E-06    0.96923E-09
   209    0.55461E+04    0.66584E+00    0.00000E+00   -0.20168E+01    0.49201E-07   -0.65052E-06    0.10467E-08
   210    0.55526E+04    0.67461E+00    0.00000E+00   -0.60856E+00    0.48953E-07   -0.69326E-06    0.11155E-08
   211    0.55586E+04    0.68454E+00    0.00000E+00    0.81651E+00    0.48708E-07   -0.73074E-06    0.11758E-08
   212    0.55639E+04    0.69566E+00    0.00000E+00    0.22576E+01    0.48464E-07   -0.76315E-06    0.12280E-08
   213    0.55686E+04    0.70803E+00    0.00000E+00    0.37146E+01    0.48222E-07   -0.79066E-06    0.12722E-08
   214    0.55727E+04    0.72163E+00    0.00000E+00    0.51865E+01    0.47982E-07   -0.81346E-06    0.13089E-08
   215    0.55762E+04    0.73665E+00    0.00000E+00    0.66724E+01    0.47744E-07   -0.83173E-06    0.13383E-08
   216    0.55790E+04    0.75290E+00    0.00000E+00    0.81730E+01    0.47508E-07   -0.84563E-06    0.13607E-08
   217    0.55813E+04    0.77055E+00    0.00000E+00    0.96862E+01    0.47274E-07   -0.85536E-06    0.13763E-08
   218    0.55829E+04    0.78959E+00    0.00000E+00    0.11212E+02    0.47042E-07   -0.86108E-06    0.13855E-08
   219    0.55840E+04    0.81002E+00    0.00000E+00    0.12752E+02    0.46811E-07   -0.86298E-06    0.13886E-08
   220    0.55845E+04    0.83198E+00    0.00000E+00    0.14302E+02    0.46583E-07   -0.86124E-06    0.13858E-08
   221    0.55843E+04    0.85541E+00    0.00000E+00    0.15862E+02    0.46356E-07   -0.85604E-06    0.13774E-08
   222    0.55836E+04    0.88044E+00    0.00000E+00    0.17434E+02    0.46132E-07   -0.84754E-06    0.13638E-08
   223    0.55822E+04    0.90701E+00    0.00000E+00    0.19016E+02    0.45909E-07   -0.83594E-06    0.13451E-08
   224    0.55803E+04    0.93512E+00    0.00000E+00    0.20605E+02    0.45688E-07   -0.82142E-06    0.13217E-08
   225    0.55777E+04    0.96490E+00    0.00000E+00    0.22204E+02    0.45468E-07   -0.80414E-06    0.12939E-08
   226    0.55746E+04    0.99637E+00    0.00000E+00    0.23810E+02    0.45251E-07   -0.78429E-06    0.12620E-08
   227    0.55707E+04    0.10295E+01    0.00000E+00    0.25424E+02    0.45035E-07   -0.76204E-06    0.12262E-08
   228    0.55664E+04    0.10643E+01    0.00000E+00    0.27044E+02    0.44821E-07   -0.73758E-06    0.11868E-08
   229    0.55615E+04    0.11009E+01    0.00000E+00    0.28670E+02    0.44608E-07   -0.71109E-06    0.11442E-08
   230    0.55559E+04    0.11392E+01    0.00000E+00    0.30301E+02    0.44397E-07   -0.68273E-06    0.10986E-08
   231    0.55497E+04    0.11794E+01    0.00000E+00    0.31937E+02    0.44188E-07   -0.65270E-06    0.10502E-08
   232    0.55429E+04    0.12213E+01    0.00000E+00    0.33577E+02    0.43981E-07   -0.62116E-06    0.99950E-09
   233    0.55355E+04    0.12652E+01    0.00000E+00    0.35219E+02    0.43775E-07   -0.58831E-06    0.94663E-09
   234    0.55274E+04    0.13109E+01    0.00000E+00    0.36863E+02    0.43570E-07   -0.55430E-06    0.89191E-09
   235    0.55188E+04    0.13584E+01    0.00000E+00    0.38509E+02    0.43368E-07   -0.51933E-06    0.83564E-09
   236    0.55095E+04    0.14079E+01    0.00000E+00    0.40157E+02    0.43167E-07   -0.48358E-06    0.77811E-09
   237    0.54997E+04    0.14594E+01    0.00000E+00    0.41804E+02    0.42967E-07   -0.44721E-06    0.71959E-09
   238    0.54892E+04    0.15129E+01    0.00000E+00    0.43452E+02    0.42769E-07   -0.41041E-06    0.66038E-09
   239    0.54782E+04    0.15682E+01    0.00000E+00    0.45098E+02    0.42572E-07   -0.37336E-06    0.60076E-09
   240    0.54665E+04    0.16256E+01    0.00000E+00    0.46742E+02    0.42377E-07   -0.33623E-06    0.54102E-09
   241    0.54543E+04    0.16851E+01    0.00000E+00    0.48383E+02    0.42184E-07   -0.29920E-06    0.48144E-09
   242    0.54415E+04    0.17465E+01    0.00000E+00    0.50021E+02    0.41992E-07   -0.26246E-06    0.42232E-09
   243    0.54282E+04    0.18100E+01    0.00000E+00    0.51655E+02    0.41801E-07   -0.22618E-06    0.36393E-09
   244    0.54142E+04    0.18756E+01    0.00000E+00    0.53285E+02    0.41612E-07   -0.19053E-06    0.30657E-09
   245    0.53997E+04    0.19433E+01    0.00000E+00    0.54909E+02    0.41424E-07   -0.15570E-06    0.25052E-09
   246    0.53846E+04    0.20130E+01    0.00000E+00    0.56527E+02    0.41237E-07   -0.12186E-06    0.19608E-09
   247    0.53690E+04    0.20849E+01    0.00000E+00    0.58137E+02    0.41052E-07   -0.89190E-07    0.14351E-09
   248    0.53529E+04    0.21591E+01    0.00000E+00    0.59741E+02    0.40868E-07   -0.57873E-07    0.93122E-10
   249    0.53363E+04    0.22352E+01    0.00000E+00    0.61336E+02    0.40686E-07   -0.28084E-07    0.45189E-10
   250    0.53190E+04    0.23136E+01    0.00000E+00    0.62922E+02    0.40504E-07    0.00000E+00    0.00000E+00
   251    0.53014E+04    0.23941E+01    0.00000E+00    0.64498E+02    0.40325E-07    0.26238E-07   -0.42218E-10
   252    0.52831E+04    0.24768E+01    0.00000E+00    0.66065E+02    0.40146E-07    0.50639E-07   -0.81482E-10
   253    0.52644E+04    0.25615E+01    0.00000E+00    0.67620E+02    0.39969E-07    0.73253E-07   -0.11787E-09
   254    0.52452E+04    0.26486E+01    0.00000E+00    0.69162E+02    0.39792E-07    0.94126E-07   -0.15146E-09
   255    0.52255E+04    0.27377E+01    0.00000E+00    0.70694E+02    0.39618E-07    0.11331E-06   -0.18232E-09
   256    0.52053E+04    0.28292E+01    0.00000E+00    0.72213E+02    0.39444E-07    0.13084E-06   -0.21054E-09
   257    0.51847E+04    0.29227E+01    0.00000E+00    0.73712E+02    0.39271E-07    0.14678E-06   -0.23619E-09
   258    0.51635E+04    0.30185E+01    0.00000E+00    0.75204E+02    0.39100E-07    0.16118E-06   -0.25934E-09
   259    0.51419E+04    0.31165E+01    0.00000E+00    0.76675E+02    0.38930E-07    0.17407E-06   -0.28008E-09
   260    0.51199E+04    0.32166E+01    0.00000E+00    0.78137E+02    0.38761E-07    0.18550E-06   -0.29849E-09
   261    0.50975E+04    0.33189E+01    0.00000E+00    0.79571E+02    0.38594E-07    0.19554E-06   -0.31463E-09
   262    0.50745E+04    0.34235E+01    0.00000E+00    0.80997E+02    0.38427E-07    0.20421E-06   -0.32859E-09
   263    0.50513E+04    0.35302E+01    0.00000E+00    0.82408E+02    0.38262E-07    0.21158E-06   -0.34044E-09
   264    0.50276E+04    0.36391E+01    0.00000E+00    0.83797E+02    0.38098E-07    0.21768E-06   -0.35026E-09
   265    0.50033E+04    0.37501E+01    0.00000E+00    0.85157E+02    0.37935E-07    0.22257E-06   -0.35813E-09
   266    0.49787E+04    0.38635E+01    0.00000E+00    0.86510E+02    0.37773E-07    0.22629E-06   -0.36412E-09
   267    0.49536E+04    0.39788E+01    0.00000E+00    0.87833E+02    0.37612E-07    0.22890E-06   -0.36831E-09
   268    0.49282E+04    0.40964E+01    0.00000E+00    0.89141E+02    0.37453E-07    0.23043E-06   -0.37078E-09
   269    0.49022E+04    0.42161E+01    0.00000E+00    0.90428E+02    0.37294E-07    0.23094E-06   -0.37160E-09
   270    0.48760E+04    0.43379E+01    0.00000E+00    0.91693E+02    0.37136E-07    0.23048E-06   -0.37086E-09
   271    0.48494E+04    0.44618E+01    0.00000E+00    0.92935E+02    0.36980E-07    0.22909E-06   -0.36862E-09
   272    0.48225E+04    0.45879E+01    0.00000E+00    0.94148E+02    0.36825E-07    0.22682E-06   -0.36497E-09
   273    0.47952E+04    0.47159E+01    0.00000E+00    0.95347E+02    0.36671E-07    0.22372E-06   -0.35997E-09
   274    0.47676E+04    0.48461E+01    0.00000E+00    0.96509E+02    0.36517E-07    0.21983E-06   -0.35372E-09
   275    0.47396E+04    0.49782E+01    0.00000E+00    0.97656E+02    0.36365E-07    0.21521E-06   -0.34628E-09
   276    0.47115E+04    0.51124E+01    0.00000E+00    0.98767E+02    0.36214E-07    0.20990E-06   -0.33774E-09
   277    0.46828E+04    0.52486E+01    0.00000E+00    0.99863E+02    0.36064E-07    0.20395E-06   -0.32816E-09
   278    0.46540E+04    0.53867E+01    0.00000E+00    0.10092E+03    0.35915E-07    0.19740E-06   -0.31763E-09
   279    0.46248E+04    0.55268E+01    0.00000E+00    0.10195E+03    0.35766E-07    0.19031E-06   -0.30623E-09
   280    0.45953E+04    0.56687E+01    0.00000E+00    0.10297E+03    0.35619E-07    0.18273E-06   -0.29402E-09
   281    0.45657E+04    0.58126E+01    0.00000E+00    0.10395E+03    0.35473E-07    0.17469E-06   -0.28109E-09
   282    0.45357E+04    0.59582E+01    0.00000E+00    0.10490E+03    0.35328E-07    0.16625E-06   -0.26751E-09
   283    0.45055E+04    0.61057E+01    0.00000E+00    0.10582E+03    0.35184E-07    0.15746E-06   -0.25336E-09
   284    0.44751E+04    0.62550E+01    0.00000E+00    0.10671E+03    0.35040E-07    0.14836E-06   -0.23872E-09
   285    0.44444E+04    0.64062E+01    0.00000E+00    0.10757E+03    0.34898E-07    0.13900E-06   -0.22366E-09
   286    0.44135E+04    0.65590E+01    0.00000E+00    0.10840E+03    0.34757E-07    0.12943E-06   -0.20826E-09
   287    0.43824E+04    0.67135E+01    0.00000E+00    0.10920E+03    0.34616E-07    0.11970E-06   -0.19260E-09
   288    0.43511E+04    0.68697E+01    0.00000E+00    0.10997E+03    0.34476E-07    0.10985E-06   -0.17675E-09
   289    0.43195E+04    0.70275E+01    0.00000E+00    0.11070E+03    0.34338E-07    0.99933E-07   -0.16080E-09
   290    0.42879E+04    0.71868E+01    0.00000E+00    0.11141E+03    0.34200E-07    0.89996E-07   -0.14481E-09
   291    0.42560E+04    0.73482E+01    0.00000E+00    0.11208E+03    0.34063E-07    0.80086E-07   -0.12886E-09
   292    0.42238E+04    0.75108E+01    0.00000E+00    0.11272E+03    0.33927E-07    0.70252E-07   -0.11304E-09
   293    0.41917E+04    0.76741E+01    0.00000E+00    0.11332E+03    0.33791E-07    0.60540E-07   -0.97413E-10
   294    0.41593E+04    0.78395E+01    0.00000E+00    0.11389E+03    0.33657E-07    0.50999E-07   -0.82060E-10
   295    0.41269E+04    0.80057E+01    0.00000E+00    0.11443E+03    0.33523E-07    0.41675E-07   -0.67059E-10
   296    0.40943E+04    0.81741E+01    0.00000E+00    0.11493E+03    0.33390E-07    0.32618E-07   -0.52485E-10
   297    0.40616E+04    0.83425E+01    0.00000E+00    0.11541E+03    0.33259E-07    0.23874E-07   -0.38415E-10
   298    0.40287E+04    0.85130E+01    0.00000E+00    0.11584E+03    0.33127E-07    0.15491E-07   -0.24927E-10
   299    0.39958E+04    0.86851E+01    0.00000E+00    0.11623E+03    0.32997E-07    0.75174E-08   -0.12096E-10
   300    0.39627E+04    0.88571E+01    0.00000E+00    0.11659E+03    0.32867E-07    0.00000E+00    0.00000E+00
   301    0.39296E+04    0.90306E+01    0.00000E+00    0.11692E+03    0.32739E-07   -0.70234E-08    0.11301E-10
   302    0.38964E+04    0.92048E+01    0.00000E+00    0.11722E+03    0.32610E-07   -0.13555E-07    0.21812E-10
   303    0.38632E+04    0.93805E+01    0.00000E+00    0.11747E+03    0.32483E-07   -0.19609E-07    0.31552E-10
   304    0.38299E+04    0.95576E+01    0.00000E+00    0.11769E+03    0.32357E-07   -0.25197E-07    0.40543E-10
   305    0.37966E+04    0.97348E+01    0.00000E+00    0.11787E+03    0.32231E-07   -0.30331E-07    0.48805E-10
   306    0.37633E+04    0.99126E+01    0.00000E+00    0.11801E+03    0.32106E-07   -0.35026E-07    0.56359E-10
   307    0.37299E+04    0.10091E+02    0.00000E+00    0.11812E+03    0.31981E-07   -0.39293E-07    0.63226E-10
   308    0.36966E+04    0.10272E+02    0.00000E+00    0.11820E+03    0.31858E-07   -0.43146E-07    0.69425E-10
   309    0.36633E+04    0.10452E+02    0.00000E+00    0.11823E+03    0.31735E-07   -0.46597E-07    0.74978E-10
   310    0.36299E+04    0.10632E+02    0.00000E+00    0.11823E+03    0.31613E-07   -0.49659E-07    0.79905E-10
   311    0.35966E+04    0.10814E+02    0.00000E+00    0.11818E+03    0.31492E-07   -0.52345E-07    0.84227E-10
   312    0.35634E+04    0.10996E+02    0.00000E+00    0.11811E+03    0.31371E-07   -0.54668E-07    0.87965E-10
   313    0.35302E+04    0.11178E+02    0.00000E+00    0.11799E+03    0.31251E-07   -0.56640E-07    0.91138E-10
   314    0.34971E+04    0.11361E+02    0.00000E+00    0.11785E+03    0.31131E-07   -0.58274E-07    0.93767E-10
   315    0.34640E+04    0.11544E+02    0.00000E+00    0.11766E+03    0.31013E-07   -0.59584E-07    0.95874E-10
   316    0.34310E+04    0.11727E+02    0.00000E+00    0.11743E+03    0.30895E-07   -0.60581E-07    0.97479E-10
   317    0.33981E+04    0.11909E+02    0.00000E+00    0.11716E+03    0.30778E-07   -0.61279E-07    0.98601E-10
   318    0.33653E+04    0.12093E+02    0.00000E+00    0.11686E+03    0.30661E-07   -0.61690E-07    0.99263E-10
   319    0.33326E+04    0.12276E+02    0.00000E+00    0.11653E+03    0.30545E-07   -0.61827E-07    0.99484E-10
   320    0.33000E+04    0.12459E+02    0.00000E+00    0.11616E+03    0.30430E-07   -0.61703E-07    0.99285E-10
   321    0.32676E+04    0.12642E+02    0.00000E+00    0.11575E+03    0.30315E-07   -0.61331E-07    0.98686E-10
   322    0.32352E+04    0.12825E+02    0.00000E+00    0.11530E+03    0.30202E-07   -0.60724E-07    0.97709E-10
   323    0.32030E+04    0.13007E+02    0.00000E+00    0.11482E+03    0.30088E-07   -0.59894E-07    0.96373E-10
   324    0.31710E+04    0.13190E+02    0.00000E+00    0.11429E+03    0.29976E-07   -0.58854E-07    0.94700E-10
   325    0.31392E+04    0.13370E+02    0.00000E+00    0.11374E+03    0.29864E-07   -0.57617E-07    0.92709E-10
   326    0.31074E+04    0.13552E+02    0.00000E+00    0.11314E+03    0.29752E-07   -0.56195E-07    0.90422E-10
   327    0.30759E+04    0.13733E+02    0.00000E+00    0.11251E+03    0.29642E-07   -0.54602E-07    0.87859E-10
   328    0.30446E+04    0.13912E+02    0.00000E+00    0.11185E+03    0.29532E-07   -0.52850E-07    0.85040E-10
   329    0.30134E+04    0.14092E+02    0.00000E+00    0.11115E+03    0.29422E-07   -0.50953E-07    0.81986E-10
   330    0.29825E+04    0.14270E+02    0.00000E+00    0.11040E+03    0.29313E-07   -0.48922E-07    0.78718E-10
   331    0.29518E+04    0.14447E+02    0.00000E+00    0.10963E+03    0.29205E-07   -0.46770E-07    0.75256E-10
   332    0.29213E+04    0.14625E+02    0.00000E+00    0.10883E+03    0.29097E-07   -0.44511E-07    0.71622E-10
   333    0.28910E+04    0.14800E+02    0.00000E+00    0.10800E+03    0.28990E-07   -0.42157E-07    0.67834E-10
   334    0.28610E+04    0.14976E+02    0.00000E+00    0.10712E+03    0.28884E-07   -0.39721E-07    0.63914E-10
   335    0.28312E+04    0.15148E+02    0.00000E+00    0.10621E+03    0.28778E-07   -0.37216E-07    0.59883E-10
   336    0.28016E+04    0.15321E+02    0.00000E+00    0.10527E+03    0.28673E-07   -0.34654E-07    0.55760E-10
   337    0.27724E+04    0.15492E+02    0.00000E+00    0.10429E+03    0.28568E-07   -0.32048E-07    0.51568E-10
   338    0.27433E+04    0.15662E+02    0.00000E+00    0.10328E+03    0.28464E-07   -0.29411E-07    0.47325E-10
   339    0.27146E+04    0.15831E+02    0.00000E+00    0.10224E+03    0.28360E-07   -0.26756E-07    0.43053E-10
   340    0.26861E+04    0.15998E+02    0.00000E+00    0.10118E+03    0.28257E-07   -0.24096E-07    0.38772E-10
   341    0.26579E+04    0.16163E+02    0.00000E+00    0.10007E+03    0.28155E-07   -0.21443E-07    0.34503E-10
   342    0.26300E+04    0.16328E+02    0.00000E+00    0.98927E+02    0.28053E-07   -0.18810E-07    0.30266E-10
   343    0.26024E+04    0.16490E+02    0.00000E+00    0.97759E+02    0.27951E-07   -0.16210E-07    0.26082E-10
   344    0.25752E+04    0.16651E+02    0.00000E+00    0.96561E+02    0.27850E-07   -0.13655E-07    0.21972E-10
   345    0.25482E+04    0.16810E+02    0.00000E+00    0.95334E+02    0.27750E-07   -0.11159E-07    0.17955E-10
   346    0.25215E+04    0.16967E+02    0.00000E+00    0.94084E+02    0.27650E-07   -0.87336E-08    0.14053E-10
   347    0.24952E+04    0.17122E+02    0.00000E+00    0.92798E+02    0.27551E-07   -0.63924E-08    0.10286E-10
   348    0.24692E+04    0.17275E+02    0.00000E+00    0.91482E+02    0.27452E-07   -0.41479E-08    0.66743E-11
   349    0.24435E+04    0.17426E+02    0.00000E+00    0.90136E+02    0.27354E-07   -0.20128E-08    0.32388E-11
   350    0.24181E+04    0.17575E+02    0.00000E+00    0.88768E+02    0.27256E-07    0.00000E+00    0.00000E+00
   351    0.23933E+04    0.17722E+02    0.00000E+00    0.87371E+02    0.27159E-07    0.18806E-08   -0.30260E-11
   352    0.23686E+04    0.17866E+02    0.00000E+00    0.85944E+02    0.27062E-07    0.36296E-08   -0.58403E-11
   353    0.23444E+04    0.18008E+02    0.00000E+00    0.84502E+02    0.26966E-07    0.52505E-08   -0.84484E-11
   354    0.23204E+04    0.18148E+02    0.00000E+00    0.83024E+02    0.26870E-07    0.67467E-08   -0.10856E-10
   355    0.22969E+04    0.18285E+02    0.00000E+00    0.81523E+02    0.26774E-07    0.81217E-08   -0.13068E-10
   356    0.22737E+04    0.18421E+02    0.00000E+00    0.80007E+02    0.26679E-07    0.93788E-08   -0.15091E-10
   357    0.22509E+04    0.18553E+02    0.00000E+00    0.78461E+02    0.26585E-07    0.10521E-07   -0.16930E-10
   358    0.22286E+04    0.18682E+02    0.00000E+00    0.76901E+02    0.26491E-07    0.11553E-07   -0.18590E-10
   359    0.22065E+04    0.18808E+02    0.00000E+00    0.75311E+02    0.26398E-07    0.12477E-07   -0.20077E-10
   360    0.21849E+04    0.18933E+02    0.00000E+00    0.73703E+02    0.26305E-07    0.13297E-07   -0.21396E-10
   361    0.21636E+04    0.19054E+02    0.00000E+00    0.72071E+02    0.26212E-07    0.14017E-07   -0.22554E-10
   362    0.21428E+04    0.19173E+02    0.00000E+00    0.70420E+02    0.26120E-07    0.14639E-07   -0.23554E-10
   363    0.21224E+04    0.19289E+02    0.00000E+00    0.68750E+02    0.26029E-07    0.15167E-07   -0.24404E-10
   364    0.21024E+04    0.19401E+02    0.00000E+00    0.67059E+02    0.25938E-07    0.15604E-07   -0.25108E-10
   365    0.20827E+04    0.19511E+02    0.00000E+00    0.65352E+02    0.25847E-07    0.15955E-07   -0.25673E-10
   366    0.20635E+04    0.19618E+02    0.00000E+00    0.63627E+02    0.25757E-07    0.16222E-07   -0.26102E-10
   367    0.20447E+04    0.19721E+02    0.00000E+00    0.61885E+02    0.25667E-07    0.16409E-07   -0.26403E-10
   368    0.20263E+04    0.19821E+02    0.00000E+00    0.60128E+02    0.25578E-07    0.16519E-07   -0.26580E-10
   369    0.20084E+04    0.19919E+02    0.00000E+00    0.58354E+02    0.25489E-07    0.16556E-07   -0.26640E-10
   370    0.19908E+04    0.20013E+02    0.00000E+00    0.56568E+02    0.25400E-07    0.16523E-07   -0.26586E-10
   371    0.19737E+04    0.20103E+02    0.00000E+00    0.54767E+02    0.25312E-07    0.16423E-07   -0.26426E-10
   372    0.19570E+04    0.20190E+02    0.00000E+00    0.52954E+02    0.25225E-07    0.16261E-07   -0.26165E-10
   373    0.19407E+04    0.20274E+02    0.00000E+00    0.51127E+02    0.25138E-07    0.16039E-07   -0.25807E-10
   374    0.19249E+04    0.20355E+02    0.00000E+00    0.49289E+02    0.25051E-07    0.15760E-07   -0.25359E-10
   375    0.19094E+04    0.20432E+02    0.00000E+00    0.47440E+02    0.24965E-07    0.15429E-07   -0.24826E-10
   376    0.18944E+04    0.20506E+02    0.00000E+00    0.45581E+02    0.24879E-07    0.15048E-07   -0.24214E-10
   377    0.18799E+04    0.20576E+02    0.00000E+00    0.43715E+02    0.24794E-07    0.14622E-07   -0.23527E-10
   378    0.18658E+04    0.20642E+02    0.00000E+00    0.41837E+02    0.24709E-07    0.14153E-07   -0.22773E-10
   379    0.18521E+04    0.20705E+02    0.00000E+00    0.39954E+02    0.24624E-07    0.13645E-07   -0.21955E-10
   380    0.18389E+04    0.20766E+02    0.00000E+00    0.38062E+02    0.24540E-07    0.13101E-07   -0.21080E-10
   381    0.18261E+04    0.20819E+02    0.00000E+00    0.36165E+02    0.24456E-07    0.12525E-07   -0.20153E-10
   382    0.18136E+04    0.20872E+02    0.00000E+00    0.34263E+02    0.24373E-07    0.11920E-07   -0.19180E-10
   383    0.18017E+04    0.20920E+02    0.00000E+00    0.32355E+02    0.24290E-07    0.11289E-07   -0.18165E-10
   384    0.17903E+04    0.20963E+02    0.00000E+00    0.30444E+02    0.24207E-07    0.10637E-07   -0.17116E-10
   385    0.17792E+04    0.21005E+02    0.00000E+00    0.28529E+02    0.24125E-07    0.99662E-08   -0.16036E-10
   386    0.17685E+04    0.21042E+02    0.00000E+00    0.26612E+02    0.24043E-07    0.92801E-08   -0.14932E-10
   387    0.17583E+04    0.21075E+02    0.00000E+00    0.24694E+02    0.23962E-07    0.85823E-08   -0.13810E-10
   388    0.17485E+04    0.21104E+02    0.00000E+00    0.22775E+02    0.23881E-07    0.78763E-08   -0.12673E-10
   389    0.17392E+04    0.21127E+02    0.00000E+00    0.20856E+02    0.23800E-07    0.71653E-08   -0.11529E-10
   390    0.17302E+04    0.21149E+02    0.00000E+00    0.18938E+02    0.23720E-07    0.64529E-08   -0.10383E-10
   391    0.17218E+04    0.21167E+02    0.00000E+00    0.17021E+02    0.23640E-07    0.57424E-08   -0.92399E-11
   392    0.17137E+04    0.21182E+02    0.00000E+00    0.15108E+02    0.23561E-07    0.50373E-08   -0.81053E-11
   393    0.17061E+04    0.21192E+02    0.00000E+00    0.13197E+02    0.23482E-07    0.43409E-08   -0.69848E-11
   394    0.16989E+04    0.21199E+02    0.00000E+00    0.11290E+02    0.23403E-07    0.36568E-08   -0.58841E-11
   395    0.16920E+04    0.21201E+02    0.00000E+00    0.93871E+01    0.23324E-07    0.29883E-08   -0.48084E-11
   396    0.16857E+04    0.21199E+02    0.00000E+00    0.74908E+01    0.23246E-07    0.23389E-08   -0.37634E-11
   397    0.16797E+04    0.21194E+02    0.00000E+00    0.56000E+01    0.23169E-07    0.17119E-08   -0.27546E-11
   398    0.16741E+04    0.21185E+02    0.00000E+00    0.37160E+01    0.23091E-07    0.11108E-08   -0.17874E-11
   399    0.16690E+04    0.21171E+02    0.00000E+00    0.18397E+01    0.23015E-07    0.53905E-09   -0.86737E-12
   400    0.16642E+04    0.21155E+02    0.00000E+00   -0.28152E-01    0.22938E-07    0.00000E+00    0.00000E+00
   401    0.16599E+04    0.21134E+02    0.00000E+00   -0.18869E+01    0.22862E-07   -0.50363E-09    0.81038E-12
   402    0.16560E+04    0.21108E+02    0.00000E+00   -0.37355E+01    0.22786E-07   -0.97204E-09    0.15641E-11
   403    0.16525E+04    0.21080E+02    0.00000E+00   -0.55736E+01    0.22710E-07   -0.14061E-08    0.22626E-11
   404    0.16493E+04    0.21047E+02    0.00000E+00   -0.73995E+01    0.22635E-07   -0.18068E-08    0.29073E-11
   405    0.16466E+04    0.21010E+02    0.00000E+00   -0.92140E+01    0.22560E-07   -0.21751E-08    0.34998E-11
   406    0.16442E+04    0.20970E+02    0.00000E+00   -0.11015E+02    0.22486E-07   -0.25117E-08    0.40416E-11
   407    0.16423E+04    0.20925E+02    0.00000E+00   -0.12804E+02    0.22412E-07   -0.28178E-08    0.45340E-11
   408    0.16407E+04    0.20877E+02    0.00000E+00   -0.14576E+02    0.22338E-07   -0.30941E-08    0.49786E-11
   409    0.16395E+04    0.20826E+02    0.00000E+00   -0.16334E+02    0.22264E-07   -0.33416E-08    0.53768E-11
   410    0.16387E+04    0.20770E+02    0.00000E+00   -0.18077E+02    0.22191E-07   -0.35612E-08    0.57302E-11
   411    0.16383E+04    0.20711E+02    0.00000E+00   -0.19803E+02    0.22118E-07   -0.37538E-08    0.60402E-11
   412    0.16382E+04    0.20648E+02    0.00000E+00   -0.21512E+02    0.22046E-07   -0.39204E-08    0.63082E-11
   413    0.16384E+04    0.20581E+02    0.00000E+00   -0.23203E+02    0.21974E-07   -0.40619E-08    0.65358E-11
   414    0.16390E+04    0.20511E+02    0.00000E+00   -0.24877E+02    0.21902E-07   -0.41791E-08    0.67245E-11
   415    0.16400E+04    0.20438E+02    0.00000E+00   -0.26529E+02    0.21830E-07   -0.42730E-08    0.68756E-11
   416    0.16413E+04    0.20361E+02    0.00000E+00   -0.28164E+02    0.21759E-07   -0.43446E-08    0.69907E-11
   417    0.16429E+04    0.20281E+02    0.00000E+00   -0.29778E+02    0.21688E-07   -0.43946E-08    0.70712E-11
   418    0.16449E+04    0.20195E+02    0.00000E+00   -0.31371E+02    0.21618E-07   -0.44241E-08    0.71187E-11
   419    0.16472E+04    0.20108E+02    0.00000E+00   -0.32941E+02    0.21547E-07   -0.44340E-08    0.71346E-11
   420    0.16499E+04    0.20017E+02    0.00000E+00   -0.34490E+02    0.21478E-07   -0.44252E-08    0.71204E-11
   421    0.16529E+04    0.19923E+02    0.00000E+00   -0.36016E+02    0.21408E-07   -0.43985E-08    0.70775E-11
   422    0.16562E+04    0.19825E+02    0.00000E+00   -0.37519E+02    0.21339E-07   -0.43550E-08    0.70075E-11
   423    0.16598E+04    0.19723E+02    0.00000E+00   -0.38998E+02    0.21270E-07   -0.42955E-08    0.69117E-11
   424    0.16636E+04    0.19618E+02    0.00000E+00   -0.40453E+02    0.21201E-07   -0.42209E-08    0.67917E-11
   425    0.16678E+04    0.19510E+02    0.00000E+00   -0.41881E+02    0.21133E-07   -0.41322E-08    0.66490E-11
   426    0.16723E+04    0.19400E+02    0.00000E+00   -0.43285E+02    0.21065E-07   -0.40303E-08    0.64850E-11
   427    0.16771E+04    0.19285E+02    0.00000E+00   -0.44663E+02    0.20997E-07   -0.39161E-08    0.63012E-11
   428    0.16821E+04    0.19168E+02    0.00000E+00   -0.46013E+02    0.20929E-07   -0.37904E-08    0.60991E-11
   429    0.16874E+04    0.19048E+02    0.00000E+00   -0.47337E+02    0.20862E-07   -0.36544E-08    0.58801E-11
   430    0.16930E+04    0.18926E+02    0.00000E+00   -0.48633E+02    0.20796E-07   -0.35087E-08    0.56458E-11
   431    0.16989E+04    0.18800E+02    0.00000E+00   -0.49901E+02    0.20729E-07   -0.33544E-08    0.53975E-11
   432    0.17049E+04    0.18671E+02    0.00000E+00   -0.51142E+02    0.20663E-07   -0.31924E-08    0.51368E-11
   433    0.17113E+04    0.18540E+02    0.00000E+00   -0.52352E+02    0.20597E-07   -0.30236E-08    0.48652E-11
   434    0.17178E+04    0.18406E+02    0.00000E+00   -0.53535E+02    0.20531E-07   -0.28489E-08    0.45841E-11
   435    0.17246E+04    0.18270E+02    0.00000E+00   -0.54687E+02    0.20466E-07   -0.26692E-08    0.42950E-11
   436    0.17317E+04    0.18132E+02    0.00000E+00   -0.55810E+02    0.20401E-07   -0.24855E-08    0.39993E-11
   437    0.17389E+04    0.17990E+02    0.00000E+00   -0.56902E+02    0.20336E-07   -0.22986E-08    0.36986E-11
   438    0.17464E+04    0.17846E+02    0.00000E+00   -0.57962E+02    0.20271E-07   -0.21095E-08    0.33943E-11
   439    0.17541E+04    0.17701E+02    0.00000E+00   -0.58992E+02    0.20207E-07   -0.19191E-08    0.30880E-11
   440    0.17620E+04    0.17552E+02    0.00000E+00   -0.59990E+02    0.20143E-07   -0.17283E-08    0.27809E-11
   441    0.17702E+04    0.17402E+02    0.00000E+00   -0.60957E+02    0.20080E-07   -0.15380E-08    0.24747E-11
   442    0.17784E+04    0.17249E+02    0.00000E+00   -0.61892E+02    0.20016E-07   -0.13491E-08    0.21709E-11
   443    0.17869E+04    0.17094E+02    0.00000E+00   -0.62794E+02    0.19953E-07   -0.11626E-08    0.18708E-11
   444    0.17955E+04    0.16938E+02    0.00000E+00   -0.63663E+02    0.19890E-07   -0.97942E-09    0.15760E-11
   445    0.18043E+04    0.16779E+02    0.00000E+00   -0.64499E+02    0.19828E-07   -0.80038E-09    0.12879E-11
   446    0.18132E+04    0.16619E+02    0.00000E+00   -0.65301E+02    0.19766E-07   -0.62644E-09    0.10080E-11
   447    0.18223E+04    0.16458E+02    0.00000E+00   -0.66071E+02    0.19704E-07   -0.45851E-09    0.73778E-12
   448    0.18315E+04    0.16294E+02    0.00000E+00   -0.66808E+02    0.19642E-07   -0.29752E-09    0.47873E-12
   449    0.18410E+04    0.16129E+02    0.00000E+00   -0.67509E+02    0.19580E-07   -0.14438E-09    0.23231E-12
   450    0.18506E+04    0.15963E+02    0.00000E+00   -0.68178E+02    0.19519E-07    0.00000E+00    0.00000E+00
   451    0.18602E+04    0.15795E+02    0.00000E+00   -0.68812E+02    0.19458E-07    0.13489E-09   -0.21705E-12
   452    0.18700E+04    0.15626E+02    0.00000E+00   -0.69413E+02    0.19398E-07    0.26035E-09   -0.41892E-12
   453    0.18799E+04    0.15456E+02    0.00000E+00   -0.69979E+02    0.19337E-07    0.37662E-09   -0.60600E-12
   454    0.18899E+04    0.15285E+02    0.00000E+00   -0.70512E+02    0.19277E-07    0.48394E-09   -0.77870E-12
   455    0.18999E+04    0.15113E+02    0.00000E+00   -0.71011E+02    0.19217E-07    0.58257E-09   -0.93739E-12
   456    0.19102E+04    0.14940E+02    0.00000E+00   -0.71469E+02    0.19157E-07    0.67275E-09   -0.10825E-11
   457    0.19204E+04    0.14766E+02    0.00000E+00   -0.71902E+02    0.19098E-07    0.75471E-09   -0.12144E-11
   458    0.19308E+04    0.14592E+02    0.00000E+00   -0.72290E+02    0.19039E-07    0.82872E-09   -0.13335E-11
   459    0.19413E+04    0.14417E+02    0.00000E+00   -0.72649E+02    0.18980E-07    0.89502E-09   -0.14401E-11
   460    0.19518E+04    0.14241E+02    0.00000E+00   -0.72972E+02    0.18922E-07    0.95384E-09   -0.15348E-11
   461    0.19623E+04    0.14065E+02    0.00000E+00   -0.73261E+02    0.18863E-07    0.10054E-08   -0.16178E-11
   462    0.19729E+04    0.13888E+02    0.00000E+00   -0.73510E+02    0.18805E-07    0.10501E-08   -0.16896E-11
   463    0.19835E+04    0.13712E+02    0.00000E+00   -0.73737E+02    0.18747E-07    0.10879E-08   -0.17506E-11
   464    0.19942E+04    0.13536E+02    0.00000E+00   -0.73912E+02    0.18690E-07    0.11193E-08   -0.18011E-11
   465    0.20048E+04    0.13359E+02    0.00000E+00   -0.74066E+02    0.18632E-07    0.11445E-08   -0.18416E-11
   466    0.20155E+04    0.13182E+02    0.00000E+00   -0.74175E+02    0.18575E-07    0.11637E-08   -0.18724E-11
   467    0.20263E+04    0.13006E+02    0.00000E+00   -0.74255E+02    0.18518E-07    0.11771E-08   -0.18940E-11
   468    0.20370E+04    0.12830E+02    0.00000E+00   -0.74298E+02    0.18462E-07    0.11850E-08   -0.19067E-11
   469    0.20478E+04    0.12653E+02    0.00000E+00   -0.74312E+02    0.18405E-07    0.11876E-08   -0.19110E-11
   470    0.20586E+04    0.12478E+02    0.00000E+00   -0.74289E+02    0.18349E-07    0.11853E-08   -0.19072E-11
   471    0.20692E+04    0.12304E+02    0.00000E+00   -0.74229E+02    0.18293E-07    0.11781E-08   -0.18957E-11
   472    0.20799E+04    0.12130E+02    0.00000E+00   -0.74140E+02    0.18238E-07    0.11665E-08   -0.18769E-11
   473    0.20906E+04    0.11956E+02    0.00000E+00   -0.74013E+02    0.18182E-07    0.11505E-08   -0.18513E-11
   474    0.21013E+04    0.11784E+02    0.00000E+00   -0.73858E+02    0.18127E-07    0.11306E-08   -0.18192E-11
   475    0.21119E+04    0.11612E+02    0.00000E+00   -0.73665E+02    0.18072E-07    0.11068E-08   -0.17809E-11
   476    0.21225E+04    0.11442E+02    0.00000E+00   -0.73437E+02    0.18017E-07    0.10795E-08   -0.17370E-11
   477    0.21330E+04    0.11273E+02    0.00000E+00   -0.73185E+02    0.17963E-07    0.10489E-08   -0.16878E-11
   478    0.21435E+04    0.11104E+02    0.00000E+00   -0.72889E+02    0.17909E-07    0.10153E-08   -0.16336E-11
   479    0.21539E+04    0.10937E+02    0.00000E+00   -0.72573E+02    0.17855E-07    0.97883E-09   -0.15750E-11
   480    0.21642E+04    0.10772E+02    0.00000E+00   -0.72219E+02    0.17801E-07    0.93982E-09   -0.15122E-11
   481    0.21745E+04    0.10608E+02    0.00000E+00   -0.71830E+02    0.17747E-07    0.89849E-09   -0.14457E-11
   482    0.21848E+04    0.10446E+02    0.00000E+00   -0.71413E+02    0.17694E-07    0.85510E-09   -0.13759E-11
   483    0.21949E+04    0.10285E+02    0.00000E+00   -0.70968E+02    0.17641E-07    0.80989E-09   -0.13032E-11
   484    0.22048E+04    0.10127E+02    0.00000E+00   -0.70491E+02    0.17588E-07    0.76309E-09   -0.12279E-11
   485    0.22148E+04    0.99700E+01    0.00000E+00   -0.69983E+02    0.17536E-07    0.71497E-09   -0.11504E-11
   486    0.22247E+04    0.98157E+01    0.00000E+00   -0.69445E+02    0.17483E-07    0.66575E-09   -0.10712E-11
   487    0.22344E+04    0.96636E+01    0.00000E+00   -0.68879E+02    0.17431E-07    0.61570E-09   -0.99070E-12
   488    0.22440E+04    0.95128E+01    0.00000E+00   -0.68283E+02    0.17379E-07    0.56504E-09   -0.90919E-12
   489    0.22535E+04    0.93648E+01    0.00000E+00   -0.67658E+02    0.17327E-07    0.51404E-09   -0.82713E-12
   490    0.22629E+04    0.92197E+01    0.00000E+00   -0.67004E+02    0.17276E-07    0.46293E-09   -0.74489E-12
   491    0.22721E+04    0.90766E+01    0.00000E+00   -0.66325E+02    0.17224E-07    0.41196E-09   -0.66288E-12
   492    0.22812E+04    0.89363E+01    0.00000E+00   -0.65618E+02    0.17173E-07    0.36138E-09   -0.58148E-12
   493    0.22903E+04    0.87974E+01    0.00000E+00   -0.64883E+02    0.17123E-07    0.31142E-09   -0.50110E-12
   494    0.22991E+04    0.86628E+01    0.00000E+00   -0.64123E+02    0.17072E-07    0.26235E-09   -0.42213E-12
   495    0.23078E+04    0.85302E+01    0.00000E+00   -0.63337E+02    0.17021E-07    0.21439E-09   -0.34496E-12
   496    0.23163E+04    0.84012E+01    0.00000E+00   -0.62526E+02    0.16971E-07    0.16780E-09   -0.27000E-12
   497    0.23247E+04    0.82749E+01    0.00000E+00   -0.61690E+02    0.16921E-07    0.12282E-09   -0.19762E-12
   498    0.23329E+04    0.81508E+01    0.00000E+00   -0.60831E+02    0.16871E-07    0.79694E-10   -0.12823E-12
   499    0.23411E+04    0.80309E+01    0.00000E+00   -0.59947E+02    0.16822E-07    0.38673E-10   -0.62228E-13
   500    0.23491E+04    0.79131E+01    0.00000E+00   -0.59041E+02    0.16772E-07    0.00000E+00    0.00000E+00
   501    0.23567E+04    0.77995E+01    0.00000E+00   -0.58113E+02    0.16723E-07   -0.36132E-10    0.58139E-13
   502    0.23644E+04    0.76895E+01    0.00000E+00   -0.57162E+02    0.16674E-07   -0.69737E-10    0.11221E-12
   503    0.23718E+04    0.75823E+01    0.00000E+00   -0.56191E+02    0.16626E-07   -0.10088E-09    0.16232E-12
   504    0.23789E+04    0.74786E+01    0.00000E+00   -0.55197E+02    0.16577E-07   -0.12963E-09    0.20858E-12
   505    0.23861E+04    0.73792E+01    0.00000E+00   -0.54186E+02    0.16529E-07   -0.15605E-09    0.25109E-12
   506    0.23929E+04    0.72835E+01    0.00000E+00   -0.53154E+02    0.16481E-07   -0.18020E-09    0.28996E-12
   507    0.23996E+04    0.71911E+01    0.00000E+00   -0.52103E+02    0.16433E-07   -0.20216E-09    0.32529E-12
   508    0.24061E+04    0.71032E+01    0.00000E+00   -0.51034E+02    0.16385E-07   -0.22198E-09    0.35719E-12
   509    0.24124E+04    0.70188E+01    0.00000E+00   -0.49948E+02    0.16337E-07   -0.23974E-09    0.38576E-12
   510    0.24184E+04    0.69385E+01    0.00000E+00   -0.48846E+02    0.16290E-07   -0.25550E-09    0.41112E-12
   511    0.24243E+04    0.68621E+01    0.00000E+00   -0.47727E+02    0.16243E-07   -0.26932E-09    0.43336E-12
   512    0.24299E+04    0.67899E+01    0.00000E+00   -0.46592E+02    0.16196E-07   -0.28127E-09    0.45259E-12
   513    0.24354E+04    0.67219E+01    0.00000E+00   -0.45443E+02    0.16149E-07   -0.29142E-09    0.46892E-12
   514    0.24407E+04    0.66581E+01    0.00000E+00   -0.44281E+02    0.16103E-07   -0.29983E-09    0.48245E-12
   515    0.24458E+04    0.65987E+01    0.00000E+00   -0.43104E+02    0.16056E-07   -0.30657E-09    0.49330E-12
   516    0.24506E+04    0.65437E+01    0.00000E+00   -0.41915E+02    0.16010E-07   -0.31171E-09    0.50156E-12
   517    0.24552E+04    0.64931E+01    0.00000E+00   -0.40714E+02    0.15964E-07   -0.31530E-09    0.50734E-12
   518    0.24596E+04    0.64469E+01    0.00000E+00   -0.39502E+02    0.15918E-07   -0.31742E-09    0.51075E-12
   519    0.24639E+04    0.64054E+01    0.00000E+00   -0.38279E+02    0.15873E-07   -0.31813E-09    0.51189E-12
   520    0.24679E+04    0.63683E+01    0.00000E+00   -0.37046E+02    0.15827E-07   -0.31749E-09    0.51087E-12
   521    0.24715E+04    0.63358E+01    0.00000E+00   -0.35804E+02    0.15782E-07   -0.31558E-09    0.50780E-12
   522    0.24750E+04    0.63082E+01    0.00000E+00   -0.34554E+02    0.15737E-07   -0.31246E-09    0.50277E-12
   523    0.24783E+04    0.62852E+01    0.00000E+00   -0.33296E+02    0.15692E-07   -0.30819E-09    0.49590E-12
   524    0.24814E+04    0.62669E+01    0.00000E+00   -0.32031E+02    0.15648E-07   -0.30284E-09    0.48730E-12
   525    0.24841E+04    0.62534E+01    0.00000E+00   -0.30759E+02    0.15603E-07   -0.29648E-09    0.47706E-12
   526    0.24867E+04    0.62448E+01    0.00000E+00   -0.29482E+02    0.15559E-07   -0.28917E-09    0.46529E-12
   527    0.24893E+04    0.62409E+01    0.00000E+00   -0.28200E+02    0.15515E-07   -0.28097E-09    0.45211E-12
   528    0.24914E+04    0.62419E+01    0.00000E+00   -0.26915E+02    0.15471E-07   -0.27196E-09    0.43760E-12
   529    0.24933E+04    0.62481E+01    0.00000E+00   -0.25625E+02    0.15427E-07   -0.26220E-09    0.42189E-12
   530    0.24950E+04    0.62591E+01    0.00000E+00   -0.24335E+02    0.15384E-07   -0.25175E-09    0.40508E-12
   531    0.24966E+04    0.62749E+01    0.00000E+00   -0.23040E+02    0.15340E-07   -0.24068E-09    0.38727E-12
   532    0.24978E+04    0.62959E+01    0.00000E+00   -0.21746E+02    0.15297E-07   -0.22906E-09    0.36857E-12
   533    0.24988E+04    0.63219E+01    0.00000E+00   -0.20451E+02    0.15254E-07   -0.21695E-09    0.34908E-12
   534    0.24995E+04    0.63529E+01    0.00000E+00   -0.19157E+02    0.15211E-07   -0.20441E-09    0.32891E-12
   535    0.25000E+04    0.63890E+01    0.00000E+00   -0.17864E+02    0.15169E-07   -0.19152E-09    0.30817E-12
   536    0.25004E+04    0.64301E+01    0.00000E+00   -0.16572E+02    0.15126E-07   -0.17834E-09    0.28696E-12
   537    0.25005E+04    0.64763E+01    0.00000E+00   -0.15283E+02    0.15084E-07   -0.16493E-09    0.26538E-12
   538    0.25003E+04    0.65277E+01    0.00000E+00   -0.13997E+02    0.15042E-07   -0.15136E-09    0.24355E-12
   539    0.25000E+04    0.65840E+01    0.00000E+00   -0.12716E+02    0.15000E-07   -0.13770E-09    0.22157E-12
   540    0.24994E+04    0.66457E+01    0.00000E+00   -0.11439E+02    0.14958E-07   -0.12401E-09    0.19954E-12
   541    0.24985E+04    0.67122E+01    0.00000E+00   -0.10167E+02    0.14917E-07   -0.11035E-09    0.17757E-12
   542    0.24975E+04    0.67840E+01    0.00000E+00   -0.89027E+01    0.14875E-07   -0.96804E-10    0.15576E-12
   543    0.24962E+04    0.68609E+01    0.00000E+00   -0.76445E+01    0.14834E-07   -0.83423E-10    0.13423E-12
   544    0.24948E+04    0.69429E+01    0.00000E+00   -0.63940E+01    0.14793E-07   -0.70276E-10    0.11308E-12
   545    0.24930E+04    0.70299E+01    0.00000E+00   -0.51515E+01    0.14752E-07   -0.57429E-10    0.92407E-13
   546    0.24911E+04    0.71218E+01    0.00000E+00   -0.39182E+01    0.14711E-07   -0.44949E-10    0.72325E-13
   547    0.24889E+04    0.72188E+01    0.00000E+00   -0.26943E+01    0.14671E-07   -0.32900E-10    0.52938E-13
   548    0.24866E+04    0.73208E+01    0.00000E+00   -0.14808E+01    0.14630E-07   -0.21348E-10    0.34350E-13
   549    0.24840E+04    0.74279E+01    0.00000E+00   -0.27851E+00    0.14590E-07   -0.10360E-10    0.16669E-13
   550    0.24812E+04    0.75401E+01    0.00000E+00    0.91214E+00    0.14550E-07    0.00000E+00    0.00000E+00
   551    0.24783E+04    0.76574E+01    0.00000E+00    0.20905E+01    0.14510E-07    0.96790E-11   -0.15574E-13
   552    0.24750E+04    0.77797E+01    0.00000E+00    0.32555E+01    0.14471E-07    0.18681E-10   -0.30059E-13
   553    0.24716E+04    0.79056E+01    0.00000E+00    0.44069E+01    0.14431E-07    0.27024E-10   -0.43483E-13
   554    0.24680E+04    0.80381E+01    0.00000E+00    0.55439E+01    0.14392E-07    0.34725E-10   -0.55875E-13
   555    0.24642E+04    0.81750E+01    0.00000E+00    0.66656E+01    0.14352E-07    0.41802E-10   -0.67262E-13
   556    0.24602E+04    0.83169E+01    0.00000E+00    0.77720E+01    0.14313E-07    0.48273E-10   -0.77674E-13
   557    0.24560E+04    0.84632E+01    0.00000E+00    0.88611E+01    0.14274E-07    0.54154E-10   -0.87138E-13
   558    0.24515E+04    0.86154E+01    0.00000E+00    0.99336E+01    0.14236E-07    0.59465E-10   -0.95683E-13
   559    0.24469E+04    0.87712E+01    0.00000E+00    0.10989E+02    0.14197E-07    0.64222E-10   -0.10334E-12
   560    0.24422E+04    0.89313E+01    0.00000E+00    0.12025E+02    0.14159E-07    0.68443E-10   -0.11013E-12
   561    0.24371E+04    0.90966E+01    0.00000E+00    0.13042E+02    0.14120E-07    0.72146E-10   -0.11609E-12
   562    0.24320E+04    0.92669E+01    0.00000E+00    0.14040E+02    0.14082E-07    0.75348E-10   -0.12124E-12
   563    0.24266E+04    0.94410E+01    0.00000E+00    0.15020E+02    0.14044E-07    0.78067E-10   -0.12561E-12
   564    0.24212E+04    0.96208E+01    0.00000E+00    0.15976E+02    0.14006E-07    0.80320E-10   -0.12924E-12
   565    0.24155E+04    0.98037E+01    0.00000E+00    0.16913E+02    0.13969E-07    0.82126E-10   -0.13215E-12
   566    0.24096E+04    0.99916E+01    0.00000E+00    0.17827E+02    0.13931E-07    0.83501E-10   -0.13436E-12
   567    0.24036E+04    0.10183E+02    0.00000E+00    0.18719E+02    0.13894E-07    0.84463E-10   -0.13591E-12
   568    0.23975E+04    0.10380E+02    0.00000E+00    0.19588E+02    0.13857E-07    0.85031E-10   -0.13682E-12
   569    0.23911E+04    0.10581E+02    0.00000E+00    0.20435E+02    0.13820E-07    0.85221E-10   -0.13713E-12
   570    0.23847E+04    0.10786E+02    0.00000E+00    0.21256E+02    0.13783E-07    0.85051E-10   -0.13685E-12
   571    0.23780E+04    0.10995E+02    0.00000E+00    0.22053E+02    0.13746E-07    0.84540E-10   -0.13603E-12
   572    0.23712E+04    0.11208E+02    0.00000E+00    0.22826E+02    0.13710E-07    0.83703E-10   -0.13468E-12
   573    0.23643E+04    0.11425E+02    0.00000E+00    0.23573E+02    0.13673E-07    0.82560E-10   -0.13284E-12
   574    0.23572E+04    0.11646E+02    0.00000E+00    0.24294E+02    0.13637E-07    0.81127E-10   -0.13054E-12
   575    0.23500E+04    0.11870E+02    0.00000E+00    0.24989E+02    0.13601E-07    0.79422E-10   -0.12780E-12
   576    0.23427E+04    0.12098E+02    0.00000E+00    0.25657E+02    0.13565E-07    0.77464E-10   -0.12464E-12
   577    0.23352E+04    0.12330E+02    0.00000E+00    0.26299E+02    0.13529E-07    0.75269E-10   -0.12111E-12
   578    0.23276E+04    0.12566E+02    0.00000E+00    0.26912E+02    0.13493E-07    0.72855E-10   -0.11723E-12
   579    0.23199E+04    0.12805E+02    0.00000E+00    0.27499E+02    0.13458E-07    0.70239E-10   -0.11302E-12
   580    0.23122E+04    0.13048E+02    0.00000E+00    0.28056E+02    0.13422E-07    0.67440E-10   -0.10852E-12
   581    0.23041E+04    0.13293E+02    0.00000E+00    0.28585E+02    0.13387E-07    0.64475E-10   -0.10374E-12
   582    0.22961E+04    0.13542E+02    0.00000E+00    0.29086E+02    0.13352E-07    0.61361E-10   -0.98735E-13
   583    0.22879E+04    0.13795E+02    0.00000E+00    0.29556E+02    0.13317E-07    0.58117E-10   -0.93514E-13
   584    0.22797E+04    0.14050E+02    0.00000E+00    0.29997E+02    0.13282E-07    0.54759E-10   -0.88111E-13
   585    0.22714E+04    0.14308E+02    0.00000E+00    0.30408E+02    0.13247E-07    0.51306E-10   -0.82554E-13
   586    0.22630E+04    0.14569E+02    0.00000E+00    0.30789E+02    0.13213E-07    0.47774E-10   -0.76872E-13
   587    0.22545E+04    0.14833E+02    0.00000E+00    0.31139E+02    0.13178E-07    0.44182E-10   -0.71092E-13
   588    0.22459E+04    0.15099E+02    0.00000E+00    0.31458E+02    0.13144E-07    0.40548E-10   -0.65244E-13
   589    0.22372E+04    0.15369E+02    0.00000E+00    0.31747E+02    0.13110E-07    0.36888E-10   -0.59355E-13
   590    0.22285E+04    0.15640E+02    0.00000E+00    0.32005E+02    0.13076E-07    0.33220E-10   -0.53454E-13
   591    0.22197E+04    0.15915E+02    0.00000E+00    0.32230E+02    0.13042E-07    0.29563E-10   -0.47568E-13
   592    0.22109E+04    0.16191E+02    0.00000E+00    0.32424E+02    0.13008E-07    0.25933E-10   -0.41728E-13
   593    0.22019E+04    0.16470E+02    0.00000E+00    0.32587E+02    0.12975E-07    0.22348E-10   -0.35960E-13
   594    0.21928E+04    0.16751E+02    0.00000E+00    0.32716E+02    0.12941E-07    0.18826E-10   -0.30293E-13
   595    0.21838E+04    0.17033E+02    0.00000E+00    0.32815E+02    0.12908E-07    0.15385E-10   -0.24755E-13
   596    0.21747E+04    0.17318E+02    0.00000E+00    0.32880E+02    0.12875E-07    0.12041E-10   -0.19375E-13
   597    0.21656E+04    0.17603E+02    0.00000E+00    0.32914E+02    0.12842E-07    0.88136E-11   -0.14182E-13
   598    0.21567E+04    0.17891E+02    0.00000E+00    0.32915E+02    0.12809E-07    0.57190E-11   -0.92023E-14
   599    0.21475E+04    0.18181E+02    0.00000E+00    0.32884E+02    0.12776E-07    0.27753E-11   -0.44656E-14
   600    0.21383E+04    0.18472E+02    0.00000E+00    0.32820E+02    0.12743E-07    0.00000E+00    0.00000E+00
   601    0.21291E+04    0.18764E+02    0.00000E+00    0.32723E+02    0.12711E-07   -0.25930E-11    0.41722E-14
   602    0.21199E+04    0.19057E+02    0.00000E+00    0.32593E+02    0.12678E-07   -0.50046E-11    0.80527E-14
   603    0.21106E+04    0.19352E+02    0.00000E+00    0.32432E+02    0.12646E-07   -0.72396E-11    0.11649E-13
   604    0.21014E+04    0.19648E+02    0.00000E+00    0.32237E+02    0.12614E-07   -0.93027E-11    0.14969E-13
   605    0.20922E+04    0.19944E+02    0.00000E+00    0.32010E+02    0.12582E-07   -0.11199E-10    0.18019E-13
   606    0.20830E+04    0.20241E+02    0.00000E+00    0.31750E+02    0.12550E-07   -0.12932E-10    0.20809E-13
   607    0.20736E+04    0.20538E+02    0.00000E+00    0.31457E+02    0.12518E-07   -0.14508E-10    0.23344E-13
   608    0.20644E+04    0.20837E+02    0.00000E+00    0.31131E+02    0.12487E-07   -0.15931E-10    0.25634E-13
   609    0.20553E+04    0.21135E+02    0.00000E+00    0.30772E+02    0.12455E-07   -0.17205E-10    0.27684E-13
   610    0.20461E+04    0.21433E+02    0.00000E+00    0.30381E+02    0.12424E-07   -0.18336E-10    0.29504E-13
   611    0.20370E+04    0.21732E+02    0.00000E+00    0.29957E+02    0.12393E-07   -0.19328E-10    0.31100E-13
   612    0.20279E+04    0.22032E+02    0.00000E+00    0.29502E+02    0.12362E-07   -0.20186E-10    0.32481E-13
   613    0.20188E+04    0.22330E+02    0.00000E+00    0.29014E+02    0.12331E-07   -0.20914E-10    0.33653E-13
   614    0.20097E+04    0.22628E+02    0.00000E+00    0.28493E+02    0.12300E-07   -0.21518E-10    0.34624E-13
   615    0.20007E+04    0.22926E+02    0.00000E+00    0.27940E+02    0.12269E-07   -0.22002E-10    0.35403E-13
   616    0.19918E+04    0.23224E+02    0.00000E+00    0.27357E+02    0.12238E-07   -0.22371E-10    0.35996E-13
   617    0.19830E+04    0.23522E+02    0.00000E+00    0.26741E+02    0.12208E-07   -0.22629E-10    0.36411E-13
   618    0.19742E+04    0.23819E+02    0.00000E+00    0.26093E+02    0.12177E-07   -0.22781E-10    0.36656E-13
   619    0.19653E+04    0.24116E+02    0.00000E+00    0.25416E+02    0.12147E-07   -0.22832E-10    0.36738E-13
   620    0.19567E+04    0.24410E+02    0.00000E+00    0.24707E+02    0.12117E-07   -0.22786E-10    0.36665E-13
   621    0.19480E+04    0.24705E+02    0.00000E+00    0.23967E+02    0.12087E-07   -0.22649E-10    0.36444E-13
   622    0.19395E+04    0.24998E+02    0.00000E+00    0.23197E+02    0.12057E-07   -0.22425E-10    0.36084E-13
   623    0.19311E+04    0.25290E+02    0.00000E+00    0.22397E+02    0.12027E-07   -0.22119E-10    0.35591E-13
   624    0.19226E+04    0.25579E+02    0.00000E+00    0.21567E+02    0.11997E-07   -0.21735E-10    0.34974E-13
   625    0.19143E+04    0.25868E+02    0.00000E+00    0.20707E+02    0.11968E-07   -0.21279E-10    0.34239E-13
   626    0.19061E+04    0.26155E+02    0.00000E+00    0.19818E+02    0.11938E-07   -0.20754E-10    0.33395E-13
   627    0.18980E+04    0.26441E+02    0.00000E+00    0.18900E+02    0.11909E-07   -0.20166E-10    0.32449E-13
   628    0.18900E+04    0.26724E+02    0.00000E+00    0.17954E+02    0.11880E-07   -0.19519E-10    0.31408E-13
   629    0.18822E+04    0.27005E+02    0.00000E+00    0.16979E+02    0.11851E-07   -0.18819E-10    0.30281E-13
   630    0.18743E+04    0.27284E+02    0.00000E+00    0.15975E+02    0.11822E-07   -0.18069E-10    0.29074E-13
   631    0.18666E+04    0.27561E+02    0.00000E+00    0.14945E+02    0.11793E-07   -0.17275E-10    0.27796E-13
   632    0.18591E+04    0.27836E+02    0.00000E+00    0.13887E+02    0.11764E-07   -0.16440E-10    0.26454E-13
   633    0.18515E+04    0.28109E+02    0.00000E+00    0.12802E+02    0.11736E-07   -0.15571E-10    0.25055E-13
   634    0.18442E+04    0.28378E+02    0.00000E+00    0.11692E+02    0.11707E-07   -0.14672E-10    0.23608E-13
   635    0.18371E+04    0.28645E+02    0.00000E+00    0.10556E+02    0.11679E-07   -0.13747E-10    0.22119E-13
   636    0.18299E+04    0.28911E+02    0.00000E+00    0.93947E+01    0.11650E-07   -0.12800E-10    0.20597E-13
   637    0.18229E+04    0.29171E+02    0.00000E+00    0.82077E+01    0.11622E-07   -0.11838E-10    0.19048E-13
   638    0.18161E+04    0.29430E+02    0.00000E+00    0.69971E+01    0.11594E-07   -0.10864E-10    0.17482E-13
   639    0.18095E+04    0.29686E+02    0.00000E+00    0.57618E+01    0.11566E-07   -0.98839E-11    0.15904E-13
   640    0.18029E+04    0.29939E+02    0.00000E+00    0.45035E+01    0.11538E-07   -0.89013E-11    0.14323E-13
   641    0.17965E+04    0.30188E+02    0.00000E+00    0.32222E+01    0.11510E-07   -0.79213E-11    0.12746E-13
   642    0.17902E+04    0.30433E+02    0.00000E+00    0.19184E+01    0.11483E-07   -0.69488E-11    0.11181E-13
   643    0.17841E+04    0.30677E+02    0.00000E+00    0.59276E+00    0.11455E-07   -0.59883E-11    0.96356E-14
   644    0.17782E+04    0.30914E+02    0.00000E+00   -0.75415E+00    0.11428E-07   -0.50447E-11    0.81172E-14
   645    0.17724E+04    0.31149E+02    0.00000E+00   -0.21221E+01    0.11400E-07   -0.41226E-11    0.66335E-14
   646    0.17667E+04    0.31381E+02    0.00000E+00   -0.35103E+01    0.11373E-07   -0.32267E-11    0.51920E-14
   647    0.17613E+04    0.31608E+02    0.00000E+00   -0.49188E+01    0.11346E-07   -0.23618E-11    0.38003E-14
   648    0.17559E+04    0.31832E+02    0.00000E+00   -0.63457E+01    0.11319E-07   -0.15326E-11    0.24660E-14
   649    0.17508E+04    0.32051E+02    0.00000E+00   -0.77916E+01    0.11292E-07   -0.74373E-12    0.11967E-14
   650    0.17458E+04    0.32265E+02    0.00000E+00   -0.92552E+01    0.11265E-07    0.00000E+00    0.00000E+00
   651    0.17410E+04    0.32477E+02    0.00000E+00   -0.10736E+02    0.11239E-07    0.69490E-12   -0.11181E-14
   652    0.17363E+04    0.32684E+02    0.00000E+00   -0.12235E+02    0.11212E-07    0.13412E-11   -0.21582E-14
   653    0.17319E+04    0.32886E+02    0.00000E+00   -0.13748E+02    0.11186E-07    0.19403E-11   -0.31221E-14
   654    0.17276E+04    0.33083E+02    0.00000E+00   -0.15277E+02    0.11159E-07    0.24933E-11   -0.40119E-14
   655    0.17234E+04    0.33277E+02    0.00000E+00   -0.16821E+02    0.11133E-07    0.30015E-11   -0.48297E-14
   656    0.17195E+04    0.33466E+02    0.00000E+00   -0.18379E+02    0.11107E-07    0.34662E-11   -0.55774E-14
   657    0.17157E+04    0.33650E+02    0.00000E+00   -0.19950E+02    0.11081E-07    0.38887E-11   -0.62572E-14
   658    0.17121E+04    0.33829E+02    0.00000E+00   -0.21534E+02    0.11055E-07    0.42702E-11   -0.68711E-14
   659    0.17087E+04    0.34004E+02    0.00000E+00   -0.23130E+02    0.11029E-07    0.46120E-11   -0.74210E-14
   660    0.17055E+04    0.34173E+02    0.00000E+00   -0.24737E+02    0.11003E-07    0.49153E-11   -0.79090E-14
   661    0.17025E+04    0.34337E+02    0.00000E+00   -0.26354E+02    0.10977E-07    0.51814E-11   -0.83372E-14
   662    0.16997E+04    0.34497E+02    0.00000E+00   -0.27982E+02    0.10952E-07    0.54116E-11   -0.87076E-14
   663    0.16970E+04    0.34651E+02    0.00000E+00   -0.29620E+02    0.10926E-07    0.56070E-11   -0.90221E-14
   664    0.16946E+04    0.34800E+02    0.00000E+00   -0.31266E+02    0.10901E-07    0.57691E-11   -0.92829E-14
   665    0.16922E+04    0.34943E+02    0.00000E+00   -0.32920E+02    0.10875E-07    0.58991E-11   -0.94920E-14
   666    0.16901E+04    0.35082E+02    0.00000E+00   -0.34581E+02    0.10850E-07    0.59981E-11   -0.96514E-14
   667    0.16883E+04    0.35215E+02    0.00000E+00   -0.36249E+02    0.10825E-07    0.60675E-11   -0.97631E-14
   668    0.16864E+04    0.35342E+02    0.00000E+00   -0.37923E+02    0.10800E-07    0.61086E-11   -0.98291E-14
   669    0.16850E+04    0.35465E+02    0.00000E+00   -0.39602E+02    0.10775E-07    0.61226E-11   -0.98516E-14
   670    0.16836E+04    0.35581E+02    0.00000E+00   -0.41284E+02    0.10750E-07    0.61107E-11   -0.98325E-14
   671    0.16825E+04    0.35693E+02    0.00000E+00   -0.42971E+02    0.10725E-07    0.60742E-11   -0.97738E-14
   672    0.16815E+04    0.35798E+02    0.00000E+00   -0.44661E+02    0.10701E-07    0.60145E-11   -0.96777E-14
   673    0.16808E+04    0.35899E+02    0.00000E+00   -0.46352E+02    0.10676E-07    0.59326E-11   -0.95460E-14
   674    0.16802E+04    0.35994E+02    0.00000E+00   -0.48046E+02    0.10652E-07    0.58300E-11   -0.93809E-14
   675    0.16799E+04    0.36082E+02    0.00000E+00   -0.49740E+02    0.10627E-07    0.57079E-11   -0.91844E-14
   676    0.16797E+04    0.36165E+02    0.00000E+00   -0.51433E+02    0.10603E-07    0.55675E-11   -0.89585E-14
   677    0.16797E+04    0.36242E+02    0.00000E+00   -0.53127E+02    0.10579E-07    0.54101E-11   -0.87052E-14
   678    0.16799E+04    0.36313E+02    0.00000E+00   -0.54819E+02    0.10555E-07    0.52370E-11   -0.84267E-14
   679    0.16803E+04    0.36379E+02    0.00000E+00   -0.56509E+02    0.10531E-07    0.50494E-11   -0.81248E-14
   680    0.16810E+04    0.36439E+02    0.00000E+00   -0.58196E+02    0.10507E-07    0.48485E-11   -0.78016E-14
   681    0.16818E+04    0.36493E+02    0.00000E+00   -0.59879E+02    0.10483E-07    0.46357E-11   -0.74592E-14
   682    0.16828E+04    0.36540E+02    0.00000E+00   -0.61558E+02    0.10459E-07    0.44123E-11   -0.70996E-14
   683    0.16840E+04    0.36583E+02    0.00000E+00   -0.63234E+02    0.10435E-07    0.41794E-11   -0.67249E-14
   684    0.16854E+04    0.36618E+02    0.00000E+00   -0.64904E+02    0.10412E-07    0.39383E-11   -0.63370E-14
   685    0.16868E+04    0.36648E+02    0.00000E+00   -0.66568E+02    0.10388E-07    0.36903E-11   -0.59380E-14
   686    0.16885E+04    0.36672E+02    0.00000E+00   -0.68217E+02    0.10365E-07    0.34367E-11   -0.55299E-14
   687    0.16905E+04    0.36691E+02    0.00000E+00   -0.69862E+02    0.10341E-07    0.31787E-11   -0.51147E-14
   688    0.16926E+04    0.36702E+02    0.00000E+00   -0.71501E+02    0.10318E-07    0.29175E-11   -0.46945E-14
   689    0.16949E+04    0.36708E+02    0.00000E+00   -0.73127E+02    0.10295E-07    0.26546E-11   -0.42714E-14
   690    0.16973E+04    0.36709E+02    0.00000E+00   -0.74747E+02    0.10272E-07    0.23910E-11   -0.38472E-14
   691    0.17000E+04    0.36701E+02    0.00000E+00   -0.76354E+02    0.10249E-07    0.21281E-11   -0.34242E-14
   692    0.17028E+04    0.36690E+02    0.00000E+00   -0.77947E+02    0.10226E-07    0.18671E-11   -0.30043E-14
   693    0.17058E+04    0.36672E+02    0.00000E+00   -0.79535E+02    0.10203E-07    0.16093E-11   -0.25894E-14
   694    0.17089E+04    0.36648E+02    0.00000E+00   -0.81102E+02    0.10180E-07    0.13559E-11   -0.21818E-14
   695    0.17123E+04    0.36619E+02    0.00000E+00   -0.82656E+02    0.10157E-07    0.11083E-11   -0.17833E-14
   696    0.17159E+04    0.36583E+02    0.00000E+00   -0.84212E+02    0.10135E-07    0.86764E-12   -0.13961E-14
   697    0.17196E+04    0.36542E+02    0.00000E+00   -0.85739E+02    0.10112E-07    0.63522E-12   -0.10221E-14
   698    0.17234E+04    0.36494E+02    0.00000E+00   -0.87254E+02    0.10090E-07    0.41230E-12   -0.66342E-15
   699    0.17274E+04    0.36441E+02    0.00000E+00   -0.88748E+02    0.10067E-07    0.20014E-12   -0.32204E-15
   700    0.17317E+04    0.36381E+02    0.00000E+00   -0.90229E+02    0.10045E-07    0.00000E+00    0.00000E+00
   701    0.17360E+04    0.36316E+02    0.00000E+00   -0.91696E+02    0.10023E-07   -0.18712E-12    0.30109E-15
   702    0.17406E+04    0.36246E+02    0.00000E+00   -0.93136E+02    0.10001E-07   -0.36129E-12    0.58134E-15
   703    0.17452E+04    0.36169E+02    0.00000E+00   -0.94578E+02    0.99785E-08   -0.52284E-12    0.84128E-15
   704    0.17500E+04    0.36087E+02    0.00000E+00   -0.95985E+02    0.99565E-08   -0.67210E-12    0.10815E-14
   705    0.17549E+04    0.35999E+02    0.00000E+00   -0.97371E+02    0.99345E-08   -0.80941E-12    0.13024E-14
   706    0.17601E+04    0.35906E+02    0.00000E+00   -0.98743E+02    0.99127E-08   -0.93509E-12    0.15046E-14
   707    0.17653E+04    0.35807E+02    0.00000E+00   -0.10010E+03    0.98909E-08   -0.10495E-11    0.16887E-14
   708    0.17708E+04    0.35702E+02    0.00000E+00   -0.10141E+03    0.98692E-08   -0.11529E-11    0.18551E-14
   709    0.17763E+04    0.35593E+02    0.00000E+00   -0.10272E+03    0.98475E-08   -0.12457E-11    0.20045E-14
   710    0.17820E+04    0.35477E+02    0.00000E+00   -0.10401E+03    0.98260E-08   -0.13282E-11    0.21372E-14
   711    0.17878E+04    0.35356E+02    0.00000E+00   -0.10526E+03    0.98045E-08   -0.14008E-11    0.22540E-14
   712    0.17938E+04    0.35230E+02    0.00000E+00   -0.10650E+03    0.97831E-08   -0.14637E-11    0.23552E-14
   713    0.17999E+04    0.35098E+02    0.00000E+00   -0.10771E+03    0.97617E-08   -0.15173E-11    0.24415E-14
   714    0.18061E+04    0.34962E+02    0.00000E+00   -0.10890E+03    0.97405E-08   -0.15620E-11    0.25134E-14
   715    0.18124E+04    0.34821E+02    0.00000E+00   -0.11006E+03    0.97193E-08   -0.15980E-11    0.25713E-14
   716    0.18189E+04    0.34673E+02    0.00000E+00   -0.11120E+03    0.96982E-08   -0.16257E-11    0.26159E-14
   717    0.18255E+04    0.34522E+02    0.00000E+00   -0.11230E+03    0.96771E-08   -0.16455E-11    0.26477E-14
   718    0.18321E+04    0.34366E+02    0.00000E+00   -0.11339E+03    0.96562E-08   -0.16576E-11    0.26672E-14
   719    0.18389E+04    0.34202E+02    0.00000E+00   -0.11444E+03    0.96353E-08   -0.16624E-11    0.26749E-14
   720    0.18457E+04    0.34036E+02    0.00000E+00   -0.11547E+03    0.96145E-08   -0.16603E-11    0.26715E-14
   721    0.18528E+04    0.33865E+02    0.00000E+00   -0.11646E+03    0.95938E-08   -0.16514E-11    0.26573E-14
   722    0.18599E+04    0.33689E+02    0.00000E+00   -0.11742E+03    0.95731E-08   -0.16363E-11    0.26330E-14
   723    0.18671E+04    0.33509E+02    0.00000E+00   -0.11836E+03    0.95525E-08   -0.16152E-11    0.25990E-14
   724    0.18744E+04    0.33323E+02    0.00000E+00   -0.11928E+03    0.95320E-08   -0.15885E-11    0.25560E-14
   725    0.18817E+04    0.33134E+02    0.00000E+00   -0.12015E+03    0.95116E-08   -0.15565E-11    0.25045E-14
   726    0.18893E+04    0.32943E+02    0.00000E+00   -0.12099E+03    0.94912E-08   -0.15194E-11    0.24449E-14
   727    0.18968E+04    0.32745E+02    0.00000E+00   -0.12182E+03    0.94709E-08   -0.14778E-11    0.23778E-14
   728    0.19044E+04    0.32542E+02    0.00000E+00   -0.12260E+03    0.94507E-08   -0.14318E-11    0.23038E-14
   729    0.19121E+04    0.32335E+02    0.00000E+00   -0.12336E+03    0.94306E-08   -0.13818E-11    0.22234E-14
   730    0.19198E+04    0.32126E+02    0.00000E+00   -0.12408E+03    0.94105E-08   -0.13282E-11    0.21371E-14
   731    0.19277E+04    0.31911E+02    0.00000E+00   -0.12477E+03    0.93906E-08   -0.12712E-11    0.20455E-14
   732    0.19356E+04    0.31694E+02    0.00000E+00   -0.12542E+03    0.93706E-08   -0.12113E-11    0.19490E-14
   733    0.19436E+04    0.31472E+02    0.00000E+00   -0.12605E+03    0.93508E-08   -0.11487E-11    0.18483E-14
   734    0.19516E+04    0.31247E+02    0.00000E+00   -0.12663E+03    0.93311E-08   -0.10838E-11    0.17439E-14
   735    0.19597E+04    0.31018E+02    0.00000E+00   -0.12719E+03    0.93114E-08   -0.10169E-11    0.16362E-14
   736    0.19678E+04    0.30785E+02    0.00000E+00   -0.12771E+03    0.92918E-08   -0.94829E-12    0.15259E-14
   737    0.19760E+04    0.30551E+02    0.00000E+00   -0.12820E+03    0.92722E-08   -0.87840E-12    0.14134E-14
   738    0.19841E+04    0.30313E+02    0.00000E+00   -0.12864E+03    0.92528E-08   -0.80751E-12    0.12993E-14
   739    0.19924E+04    0.30071E+02    0.00000E+00   -0.12906E+03    0.92334E-08   -0.73595E-12    0.11842E-14
   740    0.20006E+04    0.29826E+02    0.00000E+00   -0.12945E+03    0.92141E-08   -0.66406E-12    0.10685E-14
   741    0.20089E+04    0.29578E+02    0.00000E+00   -0.12980E+03    0.91948E-08   -0.59218E-12    0.95285E-15
   742    0.20173E+04    0.29329E+02    0.00000E+00   -0.13011E+03    0.91757E-08   -0.52062E-12    0.83772E-15
   743    0.20256E+04    0.29078E+02    0.00000E+00   -0.13039E+03    0.91566E-08   -0.44973E-12    0.72365E-15
   744    0.20340E+04    0.28823E+02    0.00000E+00   -0.13063E+03    0.91376E-08   -0.37984E-12    0.61119E-15
   745    0.20424E+04    0.28566E+02    0.00000E+00   -0.13084E+03    0.91186E-08   -0.31128E-12    0.50086E-15
   746    0.20507E+04    0.28307E+02    0.00000E+00   -0.13100E+03    0.90998E-08   -0.24437E-12    0.39321E-15
   747    0.20590E+04    0.28045E+02    0.00000E+00   -0.13114E+03    0.90810E-08   -0.17946E-12    0.28876E-15
   748    0.20674E+04    0.27782E+02    0.00000E+00   -0.13124E+03    0.90623E-08   -0.11687E-12    0.18806E-15
   749    0.20759E+04    0.27515E+02    0.00000E+00   -0.13131E+03    0.90436E-08   -0.56942E-13    0.91624E-16
   750    0.20842E+04    0.27248E+02    0.00000E+00   -0.13134E+03    0.90251E-08    0.00000E+00    0.00000E+00
   751    0.20926E+04    0.26978E+02    0.00000E+00   -0.13134E+03    0.90066E-08    0.53688E-13   -0.86388E-16
   752    0.21010E+04    0.26708E+02    0.00000E+00   -0.13129E+03    0.89882E-08    0.10412E-12   -0.16754E-15
   753    0.21093E+04    0.26435E+02    0.00000E+00   -0.13121E+03    0.89698E-08    0.15137E-12   -0.24356E-15
   754    0.21175E+04    0.26162E+02    0.00000E+00   -0.13109E+03    0.89515E-08    0.19549E-12   -0.31456E-15
   755    0.21259E+04    0.25887E+02    0.00000E+00   -0.13094E+03    0.89333E-08    0.23656E-12   -0.38065E-15
   756    0.21340E+04    0.25612E+02    0.00000E+00   -0.13075E+03    0.89152E-08    0.27464E-12   -0.44192E-15
   757    0.21423E+04    0.25336E+02    0.00000E+00   -0.13052E+03    0.88971E-08    0.30980E-12   -0.49850E-15
   758    0.21504E+04    0.25058E+02    0.00000E+00   -0.13026E+03    0.88791E-08    0.34211E-12   -0.55048E-15
   759    0.21586E+04    0.24780E+02    0.00000E+00   -0.12997E+03    0.88612E-08    0.37162E-12   -0.59797E-15
   760    0.21666E+04    0.24501E+02    0.00000E+00   -0.12964E+03    0.88433E-08    0.39842E-12   -0.64108E-15
   761    0.21745E+04    0.24222E+02    0.00000E+00   -0.12927E+03    0.88254E-08    0.42255E-12   -0.67992E-15
   762    0.21826E+04    0.23943E+02    0.00000E+00   -0.12887E+03    0.88077E-08    0.44410E-12   -0.71459E-15
   763    0.21904E+04    0.23665E+02    0.00000E+00   -0.12843E+03    0.87900E-08    0.46312E-12   -0.74520E-15
   764    0.21983E+04    0.23386E+02    0.00000E+00   -0.12797E+03    0.87723E-08    0.47969E-12   -0.77185E-15
   765    0.22060E+04    0.23106E+02    0.00000E+00   -0.12746E+03    0.87547E-08    0.49386E-12   -0.79466E-15
   766    0.22137E+04    0.22828E+02    0.00000E+00   -0.12692E+03    0.87371E-08    0.50572E-12   -0.81373E-15
   767    0.22213E+04    0.22551E+02    0.00000E+00   -0.12634E+03    0.87196E-08    0.51531E-12   -0.82917E-15
   768    0.22288E+04    0.22273E+02    0.00000E+00   -0.12572E+03    0.87022E-08    0.52271E-12   -0.84108E-15
   769    0.22362E+04    0.21996E+02    0.00000E+00   -0.12508E+03    0.86848E-08    0.52799E-12   -0.84957E-15
   770    0.22435E+04    0.21720E+02    0.00000E+00   -0.12441E+03    0.86674E-08    0.53121E-12   -0.85475E-15
   771    0.22508E+04    0.21445E+02    0.00000E+00   -0.12369E+03    0.86501E-08    0.53244E-12   -0.85673E-15
   772    0.22579E+04    0.21171E+02    0.00000E+00   -0.12294E+03    0.86328E-08    0.53174E-12   -0.85560E-15
   773    0.22649E+04    0.20899E+02    0.00000E+00   -0.12216E+03    0.86156E-08    0.52918E-12   -0.85149E-15
   774    0.22718E+04    0.20628E+02    0.00000E+00   -0.12135E+03    0.85984E-08    0.52483E-12   -0.84449E-15
   775    0.22787E+04    0.20359E+02    0.00000E+00   -0.12051E+03    0.85812E-08    0.51875E-12   -0.83471E-15
   776    0.22853E+04    0.20091E+02    0.00000E+00   -0.11964E+03    0.85641E-08    0.51102E-12   -0.82226E-15
   777    0.22918E+04    0.19825E+02    0.00000E+00   -0.11873E+03    0.85470E-08    0.50168E-12   -0.80725E-15
   778    0.22985E+04    0.19562E+02    0.00000E+00   -0.11778E+03    0.85300E-08    0.49083E-12   -0.78977E-15
   779    0.23047E+04    0.19300E+02    0.00000E+00   -0.11681E+03    0.85130E-08    0.47851E-12   -0.76995E-15
   780    0.23109E+04    0.19039E+02    0.00000E+00   -0.11581E+03    0.84960E-08    0.46480E-12   -0.74789E-15
   781    0.23170E+04    0.18782E+02    0.00000E+00   -0.11478E+03    0.84791E-08    0.44976E-12   -0.72369E-15
   782    0.23229E+04    0.18527E+02    0.00000E+00   -0.11374E+03    0.84621E-08    0.43345E-12   -0.69746E-15
   783    0.23287E+04    0.18274E+02    0.00000E+00   -0.11264E+03    0.84452E-08    0.41596E-12   -0.66930E-15
   784    0.23344E+04    0.18025E+02    0.00000E+00   -0.11152E+03    0.84284E-08    0.39733E-12   -0.63933E-15
   785    0.23399E+04    0.17778E+02    0.00000E+00   -0.11038E+03    0.84115E-08    0.37764E-12   -0.60765E-15
   786    0.23453E+04    0.17533E+02    0.00000E+00   -0.10919E+03    0.83947E-08    0.35696E-12   -0.57437E-15
   787    0.23504E+04    0.17292E+02    0.00000E+00   -0.10798E+03    0.83779E-08    0.33534E-12   -0.53959E-15
   788    0.23555E+04    0.17054E+02    0.00000E+00   -0.10675E+03    0.83611E-08    0.31287E-12   -0.50343E-15
   789    0.23604E+04    0.16818E+02    0.00000E+00   -0.10550E+03    0.83443E-08    0.28959E-12   -0.46598E-15
   790    0.23652E+04    0.16587E+02    0.00000E+00   -0.10421E+03    0.83276E-08    0.26559E-12   -0.42735E-15
   791    0.23698E+04    0.16359E+02    0.00000E+00   -0.10289E+03    0.83108E-08    0.24092E-12   -0.38766E-15
   792    0.23742E+04    0.16135E+02    0.00000E+00   -0.10155E+03    0.82941E-08    0.21566E-12   -0.34701E-15
   793    0.23784E+04    0.15915E+02    0.00000E+00   -0.10018E+03    0.82774E-08    0.18986E-12   -0.30550E-15
   794    0.23824E+04    0.15700E+02    0.00000E+00   -0.98797E+02    0.82607E-08    0.16360E-12   -0.26325E-15
   795    0.23863E+04    0.15487E+02    0.00000E+00   -0.97383E+02    0.82440E-08    0.13694E-12   -0.22035E-15
   796    0.23902E+04    0.15279E+02    0.00000E+00   -0.95953E+02    0.82273E-08    0.10995E-12   -0.17692E-15
   797    0.23936E+04    0.15075E+02    0.00000E+00   -0.94494E+02    0.82107E-08    0.82697E-13   -0.13307E-15
   798    0.23970E+04    0.14875E+02    0.00000E+00   -0.93020E+02    0.81940E-08    0.55242E-13   -0.88888E-16
   799    0.24002E+04    0.14680E+02    0.00000E+00   -0.91524E+02    0.81773E-08    0.27654E-13   -0.44497E-16
   800    0.24032E+04    0.14489E+02    0.00000E+00   -0.90006E+02    0.81607E-08    0.00000E+00    0.00000E+00
