#    L    TT             EE             TE             PP             TP          
     2    0.11355E+04    0.54909E-01    0.34563E+01    0.10130E+07    0.31868E+05
     3    0.10552E+04    0.88312E-01    0.42959E+01    0.15566E+07    0.37856E+05
     4    0.98127E+03    0.97755E-01    0.43864E+01    0.20390E+07    0.40666E+05
     5    0.92440E+03    0.85338E-01    0.40402E+01    0.24641E+07    0.41750E+05
     6    0.88310E+03    0.62030E-01    0.34958E+01    0.28385E+07    0.41878E+05
     7    0.85438E+03    0.38881E-01    0.29011E+01    0.31698E+07    0.41473E+05
     8    0.83491E+03    0.22214E-01    0.23441E+01    0.34641E+07    0.40720E+05
     9    0.82251E+03    0.13102E-01    0.18691E+01    0.37268E+07    0.39729E+05
    10    0.81561E+03    0.94192E-02    0.15000E+01    0.39615E+07    0.38605E+05
    11    0.81263E+03    0.82925E-02    0.12445E+01    0.41728E+07    0.37474E+05
    12    0.81364E+03    0.77398E-02    0.11002E+01    0.43622E+07    0.36397E+05
    13    0.81682E+03    0.69109E-02    0.10427E+01    0.45323E+07    0.35377E+05
    14    0.82124E+03    0.60052E-02    0.10431E+01    0.46855E+07    0.34402E+05
    15    0.82714E+03    0.53139E-02    0.10823E+01    0.48236E+07    0.33441E+05
    16    0.83491E+03    0.50431E-02    0.11446E+01    0.49481E+07    0.32472E+05
    17    0.84446E+03    0.51885E-02    0.12150E+01    0.50603E+07    0.31520E+05
    18    0.85484E+03    0.55083E-02    0.12820E+01    0.51615E+07    0.30616E+05
    19    0.86687E+03    0.58697E-02    0.13400E+01    0.52526E+07    0.29753E+05
    20    0.87888E+03    0.62504E-02    0.13842E+01    0.53341E+07    0.28917E+05
    21    0.89121E+03    0.66952E-02    0.14206E+01    0.54070E+07    0.28102E+05
    22    0.90412E+03    0.73361E-02    0.14556E+01    0.54723E+07    0.27306E+05
    23    0.91742E+03    0.82279E-02    0.14907E+01    0.55307E+07    0.26537E+05
    24    0.93117E+03    0.93662E-02    0.15267E+01    0.55824E+07    0.25802E+05
    25    0.94531E+03    0.10760E-01    0.15655E+01    0.56282E+07    0.25103E+05
    26    0.95965E+03    0.12379E-01    0.16095E+01    0.56684E+07    0.24437E+05
    27    0.97442E+03    0.14178E-01    0.16559E+01    0.57037E+07    0.23797E+05
    28    0.98948E+03    0.16144E-01    0.17018E+01    0.57344E+07    0.23179E+05
    29    0.10049E+04    0.18287E-01    0.17454E+01    0.57605E+07    0.22588E+05
    30    0.10205E+04    0.20624E-01    0.17834E+01    0.57822E+07    0.22027E+05
    31    0.10363E+04    0.23139E-01    0.18136E+01    0.57999E+07    0.21491E+05
    32    0.10524E+04    0.25806E-01    0.18336E+01    0.58143E+07    0.20972E+05
    33    0.10690E+04    0.28637E-01    0.18409E+01    0.58255E+07    0.20465E+05
    34    0.10857E+04    0.31661E-01    0.18345E+01    0.58338E+07    0.19968E+05
    35    0.11025E+04    0.34900E-01    0.18188E+01    0.58392E+07    0.19482E+05
    36    0.11195E+04    0.38374E-01    0.17967E+01    0.58420E+07    0.19009E+05
    37    0.11366E+04    0.42076E-01    0.17642E+01    0.58424E+07    0.18558E+05
    38    0.11541E+04    0.46002E-01    0.17192E+01    0.58406E+07    0.18135E+05
    39    0.11720E+04    0.50165E-01    0.16637E+01    0.58367E+07    0.17736E+05
    40    0.11900E+04    0.54584E-01    0.16006E+01    0.58308E+07    0.17351E+05
    41    0.12082E+04    0.59281E-01    0.15319E+01    0.58230E+07    0.16973E+05
    42    0.12264E+04    0.64257E-01    0.14555E+01    0.58134E+07    0.16602E+05
    43    0.12448E+04    0.69507E-01    0.13687E+01    0.58022E+07    0.16240E+05
    44    0.12632E+04    0.75014E-01    0.12696E+01    0.57895E+07    0.15888E+05
    45    0.12819E+04    0.80769E-01    0.11562E+01    0.57753E+07    0.15547E+05
    46    0.13009E+04    0.86768E-01    0.10255E+01    0.57599E+07    0.15220E+05
    47    0.13201E+04    0.93013E-01    0.87926E+00    0.57432E+07    0.14903E+05
    48    0.13393E+04    0.99517E-01    0.72313E+00    0.57255E+07    0.14596E+05
    49    0.13587E+04    0.10627E+00    0.56218E+00    0.57067E+07    0.14295E+05
    50    0.13785E+04    0.11325E+00    0.39469E+00    0.56870E+07    0.13998E+05
    51    0.13985E+04    0.12043E+00    0.21710E+00    0.56664E+07    0.13704E+05
    52    0.14188E+04    0.12790E+00    0.24209E-01    0.56449E+07    0.13414E+05
    53    0.14392E+04    0.13580E+00   -0.18778E+00    0.56227E+07    0.13132E+05
    54    0.14595E+04    0.14412E+00   -0.41468E+00    0.55998E+07    0.12860E+05
    55    0.14800E+04    0.15283E+00   -0.65221E+00    0.55763E+07    0.12600E+05
    56    0.15008E+04    0.16178E+00   -0.90214E+00    0.55521E+07    0.12356E+05
    57    0.15219E+04    0.17087E+00   -0.11643E+01    0.55273E+07    0.12124E+05
    58    0.15432E+04    0.18011E+00   -0.14393E+01    0.55020E+07    0.11902E+05
    59    0.15648E+04    0.18954E+00   -0.17277E+01    0.54762E+07    0.11688E+05
    60    0.15865E+04    0.19922E+00   -0.20287E+01    0.54499E+07    0.11480E+05
    61    0.16086E+04    0.20924E+00   -0.23413E+01    0.54232E+07    0.11274E+05
    62    0.16307E+04    0.21958E+00   -0.26665E+01    0.53960E+07    0.11071E+05
    63    0.16528E+04    0.23022E+00   -0.30054E+01    0.53685E+07    0.10869E+05
    64    0.16754E+04    0.24115E+00   -0.33593E+01    0.53407E+07    0.10669E+05
    65    0.16980E+04    0.25235E+00   -0.37288E+01    0.53126E+07    0.10469E+05
    66    0.17209E+04    0.26374E+00   -0.41123E+01    0.52843E+07    0.10271E+05
    67    0.17440E+04    0.27534E+00   -0.45068E+01    0.52558E+07    0.10075E+05
    68    0.17675E+04    0.28718E+00   -0.49106E+01    0.52271E+07    0.98830E+04
    69    0.17912E+04    0.29922E+00   -0.53217E+01    0.51983E+07    0.96968E+04
    70    0.18151E+04    0.31150E+00   -0.57418E+01    0.51693E+07    0.95181E+04
    71    0.18393E+04    0.32401E+00   -0.61731E+01    0.51403E+07    0.93481E+04
    72    0.18636E+04    0.33674E+00   -0.66171E+01    0.51111E+07    0.91863E+04
    73    0.18880E+04    0.34963E+00   -0.70745E+01    0.50819E+07    0.90315E+04
    74    0.19127E+04    0.36269E+00   -0.75444E+01    0.50526E+07    0.88828E+04
    75    0.19376E+04    0.37591E+00   -0.80255E+01    0.50232E+07    0.87390E+04
    76    0.19629E+04    0.38931E+00   -0.85172E+01    0.49937E+07    0.85992E+04
    77    0.19884E+04    0.40287E+00   -0.90194E+01    0.49641E+07    0.84618E+04
    78    0.20144E+04    0.41662E+00   -0.95334E+01    0.49345E+07    0.83255E+04
    79    0.20405E+04    0.43051E+00   -0.10055E+02    0.49049E+07    0.81887E+04
    80    0.20669E+04    0.44453E+00   -0.10587E+02    0.48753E+07    0.80501E+04
    81    0.20934E+04    0.45865E+00   -0.11128E+02    0.48457E+07    0.79090E+04
    82    0.21202E+04    0.47287E+00   -0.11678E+02    0.48162E+07    0.77686E+04
    83    0.21472E+04    0.48718E+00   -0.12237E+02    0.47866E+07    0.76327E+04
    84    0.21745E+04    0.50156E+00   -0.12802E+02    0.47572E+07    0.75052E+04
    85    0.22018E+04    0.51601E+00   -0.13375E+02    0.47278E+07    0.73901E+04
    86    0.22294E+04    0.53052E+00   -0.13954E+02    0.46984E+07    0.72886E+04
    87    0.22574E+04    0.54508E+00   -0.14539E+02    0.46692E+07    0.71914E+04
    88    0.22854E+04    0.55968E+00   -0.15129E+02    0.46400E+07    0.70863E+04
    89    0.23137E+04    0.57433E+00   -0.15727E+02    0.46110E+07    0.69613E+04
    90    0.23422E+04    0.58897E+00   -0.16330E+02    0.45822E+07    0.68044E+04
    91    0.23709E+04    0.60361E+00   -0.16937E+02    0.45534E+07    0.66061E+04
    92    0.23998E+04    0.61824E+00   -0.17550E+02    0.45248E+07    0.63679E+04
    93    0.24291E+04    0.63283E+00   -0.18167E+02    0.44964E+07    0.60939E+04
    94    0.24584E+04    0.64736E+00   -0.18787E+02    0.44681E+07    0.57884E+04
    95    0.24879E+04    0.66183E+00   -0.19412E+02    0.44400E+07    0.54555E+04
    96    0.25175E+04    0.67623E+00   -0.20039E+02    0.44120E+07    0.50993E+04
    97    0.25475E+04    0.69053E+00   -0.20670E+02    0.43842E+07    0.47240E+04
    98    0.25777E+04    0.70474E+00   -0.21300E+02    0.43565E+07    0.43338E+04
    99    0.26080E+04    0.71881E+00   -0.21934E+02    0.43290E+07    0.39328E+04
   100    0.26385E+04    0.73275E+00   -0.22567E+02    0.43016E+07    0.35252E+04
   101    0.26692E+04    0.74662E+00   -0.23202E+02    0.42744E+07    0.31151E+04
   102    0.27005E+04    0.76027E+00   -0.23837E+02    0.42474E+07    0.27068E+04
   103    0.27316E+04    0.77377E+00   -0.24473E+02    0.42205E+07    0.23042E+04
   104    0.27630E+04    0.78713E+00   -0.25106E+02    0.41937E+07    0.19117E+04
   105    0.27945E+04    0.80027E+00   -0.25738E+02    0.41671E+07    0.15334E+04
   106    0.28262E+04    0.81327E+00   -0.26369E+02    0.41407E+07    0.11734E+04
   107    0.28578E+04    0.82597E+00   -0.26997E+02    0.41144E+07    0.83593E+03
   108    0.28898E+04    0.83846E+00   -0.27622E+02    0.40883E+07    0.52509E+03
   109    0.29220E+04    0.85066E+00   -0.28244E+02    0.40623E+07    0.24506E+03
   110    0.29542E+04    0.86258E+00   -0.28860E+02    0.40365E+07    0.00000E+00
   111    0.29866E+04    0.87427E+00   -0.29474E+02    0.40109E+07   -0.20703E+03
   112    0.30191E+04    0.88569E+00   -0.30082E+02    0.39854E+07   -0.37741E+03
   113    0.30518E+04    0.89681E+00   -0.30685E+02    0.39601E+07   -0.51361E+03
   114    0.30847E+04    0.90757E+00   -0.31281E+02    0.39349E+07   -0.61811E+03
   115    0.31177E+04    0.91812E+00   -0.31871E+02    0.39100E+07   -0.69339E+03
   116    0.31507E+04    0.92824E+00   -0.32453E+02    0.38851E+07   -0.74192E+03
   117    0.31840E+04    0.93799E+00   -0.33027E+02    0.38605E+07   -0.76618E+03
   118    0.32175E+04    0.94754E+00   -0.33593E+02    0.38360E+07   -0.76865E+03
   119    0.32510E+04    0.95672E+00   -0.34150E+02    0.38117E+07   -0.75180E+03
   120    0.32846E+04    0.96540E+00   -0.34697E+02    0.37875E+07   -0.71811E+03
   121    0.33181E+04    0.97386E+00   -0.35234E+02    0.37635E+07   -0.67007E+03
   122    0.33518E+04    0.98182E+00   -0.35761E+02    0.37397E+07   -0.61013E+03
   123    0.33855E+04    0.98935E+00   -0.36278E+02    0.37161E+07   -0.54079E+03
   124    0.34193E+04    0.99651E+00   -0.36781E+02    0.36926E+07   -0.46451E+03
   125    0.34530E+04    0.10032E+01   -0.37272E+02    0.36694E+07   -0.38378E+03
   126    0.34868E+04    0.10096E+01   -0.37752E+02    0.36463E+07   -0.30108E+03
   127    0.35206E+04    0.10155E+01   -0.38218E+02    0.36233E+07   -0.21887E+03
   128    0.35544E+04    0.10210E+01   -0.38672E+02    0.36006E+07   -0.13963E+03
   129    0.35883E+04    0.10260E+01   -0.39110E+02    0.35781E+07   -0.65852E+02
   130    0.36221E+04    0.10305E+01   -0.39534E+02    0.35557E+07    0.00000E+00
   131    0.36559E+04    0.10347E+01   -0.39944E+02    0.35335E+07    0.55966E+02
   132    0.36897E+04    0.10383E+01   -0.40338E+02    0.35115E+07    0.10217E+03
   133    0.37235E+04    0.10416E+01   -0.40717E+02    0.34897E+07    0.13926E+03
   134    0.37572E+04    0.10443E+01   -0.41078E+02    0.34680E+07    0.16788E+03
   135    0.37910E+04    0.10466E+01   -0.41423E+02    0.34466E+07    0.18867E+03
   136    0.38245E+04    0.10484E+01   -0.41748E+02    0.34253E+07    0.20228E+03
   137    0.38581E+04    0.10498E+01   -0.42057E+02    0.34042E+07    0.20935E+03
   138    0.38916E+04    0.10506E+01   -0.42347E+02    0.33833E+07    0.21053E+03
   139    0.39248E+04    0.10511E+01   -0.42617E+02    0.33625E+07    0.20647E+03
   140    0.39581E+04    0.10510E+01   -0.42870E+02    0.33420E+07    0.19781E+03
   141    0.39912E+04    0.10505E+01   -0.43101E+02    0.33216E+07    0.18518E+03
   142    0.40243E+04    0.10495E+01   -0.43313E+02    0.33013E+07    0.16925E+03
   143    0.40572E+04    0.10480E+01   -0.43504E+02    0.32813E+07    0.15065E+03
   144    0.40900E+04    0.10461E+01   -0.43676E+02    0.32614E+07    0.13004E+03
   145    0.41226E+04    0.10438E+01   -0.43826E+02    0.32417E+07    0.10804E+03
   146    0.41553E+04    0.10410E+01   -0.43954E+02    0.32221E+07    0.85315E+02
   147    0.41876E+04    0.10378E+01   -0.44060E+02    0.32027E+07    0.62503E+02
   148    0.42198E+04    0.10341E+01   -0.44145E+02    0.31835E+07    0.40249E+02
   149    0.42519E+04    0.10299E+01   -0.44208E+02    0.31644E+07    0.19200E+02
   150    0.42836E+04    0.10255E+01   -0.44245E+02    0.31455E+07    0.00000E+00
   151    0.43153E+04    0.10206E+01   -0.44261E+02    0.31268E+07   -0.16835E+02
   152    0.43467E+04    0.10152E+01   -0.44253E+02    0.31082E+07   -0.31301E+02
   153    0.43779E+04    0.10094E+01   -0.44220E+02    0.30898E+07   -0.43526E+02
   154    0.44089E+04    0.10033E+01   -0.44164E+02    0.30715E+07   -0.53634E+02
   155    0.44396E+04    0.99686E+00   -0.44084E+02    0.30534E+07   -0.61752E+02
   156    0.44700E+04    0.99006E+00   -0.43979E+02    0.30354E+07   -0.68005E+02
   157    0.45004E+04    0.98291E+00   -0.43849E+02    0.30176E+07   -0.72520E+02
   158    0.45304E+04    0.97548E+00   -0.43695E+02    0.30000E+07   -0.75422E+02
   159    0.45601E+04    0.96762E+00   -0.43515E+02    0.29825E+07   -0.76837E+02
   160    0.45896E+04    0.95949E+00   -0.43309E+02    0.29651E+07   -0.76891E+02
   161    0.46189E+04    0.95115E+00   -0.43079E+02    0.29479E+07   -0.75710E+02
   162    0.46479E+04    0.94246E+00   -0.42823E+02    0.29309E+07   -0.73420E+02
   163    0.46767E+04    0.93350E+00   -0.42542E+02    0.29139E+07   -0.70147E+02
   164    0.47051E+04    0.92432E+00   -0.42235E+02    0.28972E+07   -0.66016E+02
   165    0.47333E+04    0.91487E+00   -0.41902E+02    0.28806E+07   -0.61154E+02
   166    0.47612E+04    0.90529E+00   -0.41543E+02    0.28641E+07   -0.55686E+02
   167    0.47889E+04    0.89535E+00   -0.41159E+02    0.28478E+07   -0.49739E+02
   168    0.48162E+04    0.88543E+00   -0.40748E+02    0.28316E+07   -0.43438E+02
   169    0.48431E+04    0.87523E+00   -0.40309E+02    0.28155E+07   -0.36909E+02
   170    0.48697E+04    0.86497E+00   -0.39846E+02    0.27996E+07   -0.30278E+02
   171    0.48959E+04    0.85465E+00   -0.39354E+02    0.27838E+07   -0.23671E+02
   172    0.49217E+04    0.84420E+00   -0.38836E+02    0.27682E+07   -0.17214E+02
   173    0.49470E+04    0.83362E+00   -0.38292E+02    0.27527E+07   -0.11032E+02
   174    0.49720E+04    0.82320E+00   -0.37722E+02    0.27373E+07   -0.52524E+01
   175    0.49967E+04    0.81265E+00   -0.37124E+02    0.27220E+07    0.00000E+00
   176    0.50208E+04    0.80218E+00   -0.36499E+02    0.27069E+07    0.46251E+01
   177    0.50445E+04    0.79173E+00   -0.35849E+02    0.26919E+07    0.86278E+01
   178    0.50678E+04    0.78151E+00   -0.35171E+02    0.26771E+07    0.12039E+02
   179    0.50906E+04    0.77123E+00   -0.34466E+02    0.26624E+07    0.14889E+02
   180    0.51131E+04    0.76112E+00   -0.33736E+02    0.26478E+07    0.17210E+02
   181    0.51350E+04    0.75116E+00   -0.32980E+02    0.26333E+07    0.19032E+02
   182    0.51565E+04    0.74143E+00   -0.32197E+02    0.26190E+07    0.20386E+02
   183    0.51775E+04    0.73186E+00   -0.31389E+02    0.26047E+07    0.21303E+02
   184    0.51981E+04    0.72252E+00   -0.30554E+02    0.25906E+07    0.21815E+02
   185    0.52183E+04    0.71356E+00   -0.29695E+02    0.25766E+07    0.21950E+02
   186    0.52376E+04    0.70483E+00   -0.28809E+02    0.25628E+07    0.21742E+02
   187    0.52568E+04    0.69648E+00   -0.27897E+02    0.25490E+07    0.21221E+02
   188    0.52755E+04    0.68850E+00   -0.26961E+02    0.25354E+07    0.20417E+02
   189    0.52935E+04    0.68091E+00   -0.26000E+02    0.25219E+07    0.19362E+02
   190    0.53115E+04    0.67377E+00   -0.25015E+02    0.25085E+07    0.18086E+02
   191    0.53285E+04    0.66709E+00   -0.24004E+02    0.24952E+07    0.16620E+02
   192    0.53451E+04    0.66092E+00   -0.22969E+02    0.24820E+07    0.14996E+02
   193    0.53612E+04    0.65527E+00   -0.21912E+02    0.24689E+07    0.13244E+02
   194    0.53769E+04    0.65019E+00   -0.20829E+02    0.24560E+07    0.11395E+02
   195    0.53920E+04    0.64571E+00   -0.19724E+02    0.24431E+07    0.94806E+01
   196    0.54065E+04    0.64187E+00   -0.18596E+02    0.24304E+07    0.75308E+01
   197    0.54205E+04    0.63871E+00   -0.17445E+02    0.24177E+07    0.55770E+01
   198    0.54341E+04    0.63625E+00   -0.16273E+02    0.24052E+07    0.36499E+01
   199    0.54471E+04    0.63452E+00   -0.15078E+02    0.23928E+07    0.17806E+01
   200    0.54596E+04    0.63357E+00   -0.13862E+02    0.23804E+07    0.00000E+00
   201    0.54716E+04    0.63344E+00   -0.12625E+02    0.23682E+07   -0.16667E+01
   202    0.54830E+04    0.63414E+00   -0.11367E+02    0.23561E+07   -0.32169E+01
   203    0.54938E+04    0.63574E+00   -0.10088E+02    0.23440E+07   -0.46536E+01
   204    0.55040E+04    0.63824E+00   -0.87907E+01    0.23321E+07   -0.59798E+01
   205    0.55137E+04    0.64171E+00   -0.74732E+01    0.23203E+07   -0.71985E+01
   206    0.55226E+04    0.64616E+00   -0.61366E+01    0.23085E+07   -0.83128E+01
   207    0.55311E+04    0.65163E+00   -0.47813E+01    0.22969E+07   -0.93258E+01
   208    0.55389E+04    0.65817E+00   -0.34078E+01    0.22853E+07   -0.10240E+02
   209    0.55460E+04    0.66579E+00   -0.20165E+01    0.22739E+07   -0.11060E+02
   210    0.55526E+04    0.67454E+00   -0.60825E+00    0.22625E+07   -0.11787E+02
   211    0.55586E+04    0.68447E+00    0.81687E+00    0.22512E+07   -0.12424E+02
   212    0.55639E+04    0.69559E+00    0.22580E+01    0.22401E+07   -0.12976E+02
   213    0.55686E+04    0.70795E+00    0.37151E+01    0.22290E+07   -0.13444E+02
   214    0.55727E+04    0.72153E+00    0.51870E+01    0.22180E+07   -0.13832E+02
   215    0.55762E+04    0.73655E+00    0.66730E+01    0.22070E+07   -0.14143E+02
   216    0.55790E+04    0.75279E+00    0.81736E+01    0.21962E+07   -0.14380E+02
   217    0.55813E+04    0.77043E+00    0.96869E+01    0.21855E+07   -0.14546E+02
   218    0.55829E+04    0.78946E+00    0.11213E+02    0.21748E+07   -0.14644E+02
   219    0.55840E+04    0.80988E+00    0.12753E+02    0.21643E+07   -0.14677E+02
   220    0.55844E+04    0.83184E+00    0.14302E+02    0.21538E+07   -0.14648E+02
   221    0.55843E+04    0.85526E+00    0.15863E+02    0.21434E+07   -0.14560E+02
   222    0.55836E+04    0.88029E+00    0.17434E+02    0.21331E+07   -0.14416E+02
   223    0.55822E+04    0.90686E+00    0.19016E+02    0.21228E+07   -0.14219E+02
   224    0.55803E+04    0.93495E+00    0.20606E+02    0.21127E+07   -0.13972E+02
   225    0.55777E+04    0.96474E+00    0.22205E+02    0.21026E+07   -0.13679E+02
   226    0.55746E+04    0.99620E+00    0.23811E+02    0.20926E+07   -0.13342E+02
   227    0.55707E+04    0.10293E+01    0.25425E+02    0.20827E+07   -0.12964E+02
   228    0.55664E+04    0.10642E+01    0.27045E+02    0.20729E+07   -0.12548E+02
   229    0.55615E+04    0.11007E+01    0.28671E+02    0.20631E+07   -0.12098E+02
   230    0.55559E+04    0.11391E+01    0.30302E+02    0.20534E+07   -0.11616E+02
   231    0.55497E+04    0.11792E+01    0.31938E+02    0.20438E+07   -0.11105E+02
   232    0.55429E+04    0.12211E+01    0.33578E+02    0.20343E+07   -0.10569E+02
   233    0.55355E+04    0.12650E+01    0.35220E+02    0.20248E+07   -0.10010E+02
   234    0.55274E+04    0.13107E+01    0.36864E+02    0.20155E+07   -0.94320E+01
   235    0.55188E+04    0.13583E+01    0.38511E+02    0.20061E+07   -0.88373E+01
   236    0.55095E+04    0.14077E+01    0.40158E+02    0.19969E+07   -0.82291E+01
   237    0.54996E+04    0.14592E+01    0.41805E+02    0.19877E+07   -0.76105E+01
   238    0.54892E+04    0.15127E+01    0.43453E+02    0.19786E+07   -0.69845E+01
   239    0.54782E+04    0.15681E+01    0.45099E+02    0.19696E+07   -0.63542E+01
   240    0.54665E+04    0.16254E+01    0.46743E+02    0.19606E+07   -0.57225E+01
   241    0.54543E+04    0.16849E+01    0.48384E+02    0.19517E+07   -0.50925E+01
   242    0.54415E+04    0.17463E+01    0.50022E+02    0.19429E+07   -0.44673E+01
   243    0.54282E+04    0.18099E+01    0.51656E+02    0.19341E+07   -0.38499E+01
   244    0.54142E+04    0.18755E+01    0.53286E+02    0.19254E+07   -0.32432E+01
   245    0.53997E+04    0.19432E+01    0.54909E+02    0.19168E+07   -0.26504E+01
   246    0.53846E+04    0.20130E+01    0.56527E+02    0.19082E+07   -0.20744E+01
   247    0.53690E+04    0.20848E+01    0.58138E+02    0.18997E+07   -0.15184E+01
   248    0.53529E+04    0.21590E+01    0.59741E+02    0.18913E+07   -0.98529E+00
   249    0.53362E+04    0.22352E+01    0.61336E+02    0.18829E+07   -0.47815E+00
   250    0.53190E+04    0.23136E+01    0.62922E+02    0.18745E+07    0.00000E+00
   251    0.53014E+04    0.23941E+01    0.64498E+02    0.18663E+07    0.44676E+00
   252    0.52830E+04    0.24768E+01    0.66065E+02    0.18581E+07    0.86230E+00
   253    0.52644E+04    0.25616E+01    0.67619E+02    0.18499E+07    0.12474E+01
   254    0.52452E+04    0.26487E+01    0.69162E+02    0.18418E+07    0.16030E+01
   255    0.52255E+04    0.27378E+01    0.70693E+02    0.18338E+07    0.19297E+01
   256    0.52053E+04    0.28294E+01    0.72212E+02    0.18258E+07    0.22285E+01
   257    0.51846E+04    0.29229E+01    0.73711E+02    0.18179E+07    0.25002E+01
   258    0.51635E+04    0.30187E+01    0.75203E+02    0.18100E+07    0.27454E+01
   259    0.51419E+04    0.31167E+01    0.76673E+02    0.18022E+07    0.29652E+01
   260    0.51199E+04    0.32169E+01    0.78135E+02    0.17944E+07    0.31602E+01
   261    0.50975E+04    0.33192E+01    0.79568E+02    0.17867E+07    0.33313E+01
   262    0.50744E+04    0.34238E+01    0.80994E+02    0.17790E+07    0.34793E+01
   263    0.50513E+04    0.35306E+01    0.82405E+02    0.17714E+07    0.36050E+01
   264    0.50275E+04    0.36395E+01    0.83794E+02    0.17639E+07    0.37092E+01
   265    0.50033E+04    0.37506E+01    0.85154E+02    0.17564E+07    0.37928E+01
   266    0.49787E+04    0.38639E+01    0.86507E+02    0.17489E+07    0.38565E+01
   267    0.49536E+04    0.39793E+01    0.87829E+02    0.17415E+07    0.39011E+01
   268    0.49282E+04    0.40970E+01    0.89138E+02    0.17342E+07    0.39275E+01
   269    0.49022E+04    0.42167E+01    0.90424E+02    0.17269E+07    0.39365E+01
   270    0.48760E+04    0.43385E+01    0.91689E+02    0.17197E+07    0.39289E+01
   271    0.48494E+04    0.44624E+01    0.92931E+02    0.17125E+07    0.39055E+01
   272    0.48225E+04    0.45886E+01    0.94144E+02    0.17053E+07    0.38670E+01
   273    0.47952E+04    0.47165E+01    0.95343E+02    0.16982E+07    0.38145E+01
   274    0.47676E+04    0.48468E+01    0.96505E+02    0.16912E+07    0.37485E+01
   275    0.47396E+04    0.49789E+01    0.97652E+02    0.16841E+07    0.36700E+01
   276    0.47114E+04    0.51131E+01    0.98762E+02    0.16772E+07    0.35797E+01
   277    0.46828E+04    0.52493E+01    0.99858E+02    0.16703E+07    0.34785E+01
   278    0.46539E+04    0.53874E+01    0.10092E+03    0.16634E+07    0.33672E+01
   279    0.46248E+04    0.55275E+01    0.10195E+03    0.16566E+07    0.32466E+01
   280    0.45953E+04    0.56694E+01    0.10296E+03    0.16498E+07    0.31175E+01
   281    0.45657E+04    0.58134E+01    0.10394E+03    0.16431E+07    0.29807E+01
   282    0.45357E+04    0.59590E+01    0.10489E+03    0.16364E+07    0.28370E+01
   283    0.45055E+04    0.61065E+01    0.10581E+03    0.16297E+07    0.26872E+01
   284    0.44751E+04    0.62558E+01    0.10670E+03    0.16231E+07    0.25322E+01
   285    0.44444E+04    0.64069E+01    0.10757E+03    0.16166E+07    0.23728E+01
   286    0.44135E+04    0.65597E+01    0.10839E+03    0.16100E+07    0.22097E+01
   287    0.43823E+04    0.67142E+01    0.10919E+03    0.16035E+07    0.20439E+01
   288    0.43510E+04    0.68704E+01    0.10996E+03    0.15971E+07    0.18760E+01
   289    0.43195E+04    0.70282E+01    0.11070E+03    0.15907E+07    0.17069E+01
   290    0.42878E+04    0.71874E+01    0.11141E+03    0.15843E+07    0.15374E+01
   291    0.42560E+04    0.73488E+01    0.11207E+03    0.15780E+07    0.13683E+01
   292    0.42238E+04    0.75113E+01    0.11271E+03    0.15717E+07    0.12005E+01
   293    0.41917E+04    0.76745E+01    0.11331E+03    0.15655E+07    0.10348E+01
   294    0.41592E+04    0.78399E+01    0.11389E+03    0.15593E+07    0.87187E+00
   295    0.41269E+04    0.80061E+01    0.11442E+03    0.15531E+07    0.71264E+00
   296    0.40943E+04    0.81744E+01    0.11493E+03    0.15470E+07    0.55790E+00
   297    0.40616E+04    0.83427E+01    0.11540E+03    0.15409E+07    0.40845E+00
   298    0.40287E+04    0.85132E+01    0.11584E+03    0.15348E+07    0.26511E+00
   299    0.39958E+04    0.86852E+01    0.11623E+03    0.15288E+07    0.12869E+00
   300    0.39627E+04    0.88571E+01    0.11659E+03    0.15228E+07    0.00000E+00
   301    0.39295E+04    0.90305E+01    0.11692E+03    0.15168E+07   -0.12032E+00
   302    0.38964E+04    0.92046E+01    0.11722E+03    0.15109E+07   -0.23232E+00
   303    0.38632E+04    0.93802E+01    0.11747E+03    0.15050E+07   -0.33620E+00
   304    0.38299E+04    0.95572E+01    0.11769E+03    0.14992E+07   -0.43218E+00
   305    0.37966E+04    0.97342E+01    0.11787E+03    0.14933E+07   -0.52047E+00
   306    0.37633E+04    0.99120E+01    0.11802E+03    0.14875E+07   -0.60129E+00
   307    0.37299E+04    0.10090E+02    0.11812E+03    0.14818E+07   -0.67485E+00
   308    0.36966E+04    0.10271E+02    0.11820E+03    0.14761E+07   -0.74136E+00
   309    0.36633E+04    0.10451E+02    0.11823E+03    0.14704E+07   -0.80104E+00
   310    0.36299E+04    0.10631E+02    0.11823E+03    0.14647E+07   -0.85410E+00
   311    0.35967E+04    0.10813E+02    0.11819E+03    0.14591E+07   -0.90076E+00
   312    0.35634E+04    0.10995E+02    0.11812E+03    0.14535E+07   -0.94122E+00
   313    0.35302E+04    0.11177E+02    0.11800E+03    0.14479E+07   -0.97571E+00
   314    0.34971E+04    0.11360E+02    0.11786E+03    0.14424E+07   -0.10044E+01
   315    0.34640E+04    0.11542E+02    0.11767E+03    0.14369E+07   -0.10276E+01
   316    0.34311E+04    0.11725E+02    0.11744E+03    0.14314E+07   -0.10454E+01
   317    0.33981E+04    0.11907E+02    0.11718E+03    0.14260E+07   -0.10581E+01
   318    0.33653E+04    0.12091E+02    0.11688E+03    0.14206E+07   -0.10659E+01
   319    0.33326E+04    0.12274E+02    0.11654E+03    0.14152E+07   -0.10690E+01
   320    0.33001E+04    0.12456E+02    0.11617E+03    0.14099E+07   -0.10676E+01
   321    0.32676E+04    0.12640E+02    0.11576E+03    0.14046E+07   -0.10620E+01
   322    0.32353E+04    0.12822E+02    0.11532E+03    0.13993E+07   -0.10523E+01
   323    0.32031E+04    0.13005E+02    0.11483E+03    0.13941E+07   -0.10387E+01
   324    0.31710E+04    0.13188E+02    0.11431E+03    0.13889E+07   -0.10215E+01
   325    0.31392E+04    0.13368E+02    0.11376E+03    0.13837E+07   -0.10009E+01
   326    0.31075E+04    0.13549E+02    0.11316E+03    0.13785E+07   -0.97710E+00
   327    0.30759E+04    0.13730E+02    0.11253E+03    0.13734E+07   -0.95030E+00
   328    0.30446E+04    0.13910E+02    0.11187E+03    0.13683E+07   -0.92072E+00
   329    0.30135E+04    0.14089E+02    0.11116E+03    0.13632E+07   -0.88859E+00
   330    0.29825E+04    0.14267E+02    0.11042E+03    0.13582E+07   -0.85410E+00
   331    0.29519E+04    0.14444E+02    0.10965E+03    0.13532E+07   -0.81748E+00
   332    0.29214E+04    0.14622E+02    0.10885E+03    0.13482E+07   -0.77894E+00
   333    0.28911E+04    0.14798E+02    0.10801E+03    0.13433E+07   -0.73869E+00
   334    0.28611E+04    0.14973E+02    0.10714E+03    0.13384E+07   -0.69695E+00
   335    0.28312E+04    0.15146E+02    0.10623E+03    0.13335E+07   -0.65392E+00
   336    0.28017E+04    0.15318E+02    0.10529E+03    0.13286E+07   -0.60983E+00
   337    0.27724E+04    0.15490E+02    0.10430E+03    0.13238E+07   -0.56488E+00
   338    0.27433E+04    0.15659E+02    0.10330E+03    0.13190E+07   -0.51930E+00
   339    0.27147E+04    0.15829E+02    0.10225E+03    0.13143E+07   -0.47328E+00
   340    0.26862E+04    0.15996E+02    0.10119E+03    0.13095E+07   -0.42705E+00
   341    0.26579E+04    0.16161E+02    0.10008E+03    0.13048E+07   -0.38082E+00
   342    0.26300E+04    0.16326E+02    0.98939E+02    0.13001E+07   -0.33481E+00
   343    0.26024E+04    0.16489E+02    0.97769E+02    0.12955E+07   -0.28922E+00
   344    0.25752E+04    0.16649E+02    0.96570E+02    0.12908E+07   -0.24427E+00
   345    0.25482E+04    0.16808E+02    0.95341E+02    0.12862E+07   -0.20018E+00
   346    0.25215E+04    0.16966E+02    0.94091E+02    0.12817E+07   -0.15716E+00
   347    0.24952E+04    0.17121E+02    0.92803E+02    0.12771E+07   -0.11541E+00
   348    0.24692E+04    0.17274E+02    0.91485E+02    0.12726E+07   -0.75161E-01
   349    0.24435E+04    0.17426E+02    0.90137E+02    0.12681E+07   -0.36620E-01
   350    0.24181E+04    0.17575E+02    0.88768E+02    0.12637E+07    0.00000E+00
   351    0.23933E+04    0.17722E+02    0.87368E+02    0.12592E+07    0.34527E-01
   352    0.23686E+04    0.17867E+02    0.85939E+02    0.12548E+07    0.66962E-01
   353    0.23443E+04    0.18009E+02    0.84495E+02    0.12504E+07    0.97347E-01
   354    0.23204E+04    0.18149E+02    0.83014E+02    0.12461E+07    0.12572E+00
   355    0.22968E+04    0.18287E+02    0.81510E+02    0.12418E+07    0.15214E+00
   356    0.22737E+04    0.18423E+02    0.79992E+02    0.12375E+07    0.17663E+00
   357    0.22509E+04    0.18556E+02    0.78444E+02    0.12332E+07    0.19924E+00
   358    0.22285E+04    0.18685E+02    0.76881E+02    0.12289E+07    0.22002E+00
   359    0.22065E+04    0.18812E+02    0.75288E+02    0.12247E+07    0.23900E+00
   360    0.21848E+04    0.18937E+02    0.73677E+02    0.12205E+07    0.25623E+00
   361    0.21636E+04    0.19059E+02    0.72043E+02    0.12163E+07    0.27175E+00
   362    0.21427E+04    0.19178E+02    0.70388E+02    0.12121E+07    0.28561E+00
   363    0.21223E+04    0.19295E+02    0.68716E+02    0.12080E+07    0.29785E+00
   364    0.21022E+04    0.19407E+02    0.67023E+02    0.12038E+07    0.30850E+00
   365    0.20826E+04    0.19517E+02    0.65313E+02    0.11997E+07    0.31762E+00
   366    0.20634E+04    0.19625E+02    0.63585E+02    0.11956E+07    0.32524E+00
   367    0.20446E+04    0.19728E+02    0.61841E+02    0.11915E+07    0.33141E+00
   368    0.20261E+04    0.19829E+02    0.60082E+02    0.11875E+07    0.33618E+00
   369    0.20082E+04    0.19927E+02    0.58305E+02    0.11835E+07    0.33957E+00
   370    0.19907E+04    0.20021E+02    0.56517E+02    0.11794E+07    0.34164E+00
   371    0.19735E+04    0.20111E+02    0.54714E+02    0.11754E+07    0.34243E+00
   372    0.19568E+04    0.20199E+02    0.52899E+02    0.11714E+07    0.34198E+00
   373    0.19405E+04    0.20283E+02    0.51070E+02    0.11675E+07    0.34034E+00
   374    0.19247E+04    0.20364E+02    0.49230E+02    0.11635E+07    0.33754E+00
   375    0.19092E+04    0.20441E+02    0.47380E+02    0.11596E+07    0.33363E+00
   376    0.18943E+04    0.20516E+02    0.45520E+02    0.11556E+07    0.32866E+00
   377    0.18797E+04    0.20586E+02    0.43652E+02    0.11517E+07    0.32266E+00
   378    0.18656E+04    0.20652E+02    0.41774E+02    0.11478E+07    0.31568E+00
   379    0.18519E+04    0.20716E+02    0.39890E+02    0.11439E+07    0.30776E+00
   380    0.18387E+04    0.20776E+02    0.37998E+02    0.11400E+07    0.29894E+00
   381    0.18259E+04    0.20830E+02    0.36101E+02    0.11361E+07    0.28926E+00
   382    0.18134E+04    0.20882E+02    0.34199E+02    0.11323E+07    0.27878E+00
   383    0.18015E+04    0.20930E+02    0.32291E+02    0.11284E+07    0.26753E+00
   384    0.17901E+04    0.20974E+02    0.30381E+02    0.11246E+07    0.25555E+00
   385    0.17790E+04    0.21015E+02    0.28467E+02    0.11208E+07    0.24289E+00
   386    0.17684E+04    0.21052E+02    0.26552E+02    0.11169E+07    0.22958E+00
   387    0.17581E+04    0.21084E+02    0.24635E+02    0.11131E+07    0.21568E+00
   388    0.17483E+04    0.21113E+02    0.22718E+02    0.11093E+07    0.20123E+00
   389    0.17390E+04    0.21136E+02    0.20801E+02    0.11055E+07    0.18626E+00
   390    0.17301E+04    0.21158E+02    0.18887E+02    0.11017E+07    0.17082E+00
   391    0.17216E+04    0.21175E+02    0.16973E+02    0.10979E+07    0.15496E+00
   392    0.17135E+04    0.21189E+02    0.15063E+02    0.10941E+07    0.13871E+00
   393    0.17060E+04    0.21199E+02    0.13156E+02    0.10903E+07    0.12212E+00
   394    0.16988E+04    0.21205E+02    0.11254E+02    0.10865E+07    0.10523E+00
   395    0.16919E+04    0.21206E+02    0.93554E+01    0.10828E+07    0.88080E-01
   396    0.16856E+04    0.21203E+02    0.74645E+01    0.10790E+07    0.70720E-01
   397    0.16796E+04    0.21197E+02    0.55794E+01    0.10752E+07    0.53189E-01
   398    0.16741E+04    0.21187E+02    0.37017E+01    0.10714E+07    0.35531E-01
   399    0.16690E+04    0.21173E+02    0.18321E+01    0.10677E+07    0.17787E-01
   400    0.16642E+04    0.21155E+02   -0.28441E-01    0.10639E+07    0.00000E+00
