#    L    TT             EE             TE             PP             TP          
     2    0.11355E+04    0.54909E-01    0.34563E+01    0.10130E+07    0.31868E+05
     3    0.10552E+04    0.88312E-01    0.42959E+01    0.15566E+07    0.37856E+05
     4    0.98127E+03    0.97755E-01    0.43864E+01    0.20389E+07    0.40666E+05
     5    0.92440E+03    0.85338E-01    0.40402E+01    0.24641E+07    0.41750E+05
     6    0.88310E+03    0.62030E-01    0.34959E+01    0.28385E+07    0.41878E+05
     7    0.85438E+03    0.38881E-01    0.29011E+01    0.31698E+07    0.41473E+05
     8    0.83492E+03    0.22214E-01    0.23441E+01    0.34641E+07    0.40720E+05
     9    0.82252E+03    0.13102E-01    0.18691E+01    0.37267E+07    0.39729E+05
    10    0.81562E+03    0.94192E-02    0.15000E+01    0.39614E+07    0.38605E+05
    11    0.81264E+03    0.82925E-02    0.12445E+01    0.41727E+07    0.37474E+05
    12    0.81364E+03    0.77398E-02    0.11002E+01    0.43621E+07    0.36396E+05
    13    0.81683E+03    0.69109E-02    0.10427E+01    0.45321E+07    0.35377E+05
    14    0.82124E+03    0.60052E-02    0.10431E+01    0.46854E+07    0.34402E+05
    15    0.82715E+03    0.53139E-02    0.10823E+01    0.48235E+07    0.33441E+05
    16    0.83491E+03    0.50431E-02    0.11446E+01    0.49479E+07    0.32471E+05
    17    0.84446E+03    0.51885E-02    0.12150E+01    0.50601E+07    0.31520E+05
    18    0.85484E+03    0.55083E-02    0.12820E+01    0.51614E+07    0.30616E+05
    19    0.86687E+03    0.58697E-02    0.13400E+01    0.52524E+07    0.29753E+05
    20    0.87888E+03    0.62504E-02    0.13842E+01    0.53339E+07    0.28917E+05
    21    0.89121E+03    0.66952E-02    0.14206E+01    0.54068E+07    0.28102E+05
    22    0.90411E+03    0.73361E-02    0.14556E+01    0.54721E+07    0.27306E+05
    23    0.91742E+03    0.82279E-02    0.14907E+01    0.55305E+07    0.26537E+05
    24    0.93117E+03    0.93662E-02    0.15267E+01    0.55822E+07    0.25802E+05
    25    0.94531E+03    0.10760E-01    0.15655E+01    0.56279E+07    0.25103E+05
    26    0.95965E+03    0.12379E-01    0.16095E+01    0.56682E+07    0.24436E+05
    27    0.97442E+03    0.14178E-01    0.16559E+01    0.57035E+07    0.23797E+05
    28    0.98948E+03    0.16144E-01    0.17018E+01    0.57341E+07    0.23179E+05
    29    0.10049E+04    0.18287E-01    0.17454E+01    0.57602E+07    0.22588E+05
    30    0.10205E+04    0.20624E-01    0.17834E+01    0.57819E+07    0.22027E+05
    31    0.10363E+04    0.23139E-01    0.18136E+01    0.57996E+07    0.21491E+05
    32    0.10524E+04    0.25806E-01    0.18337E+01    0.58140E+07    0.20972E+05
    33    0.10690E+04    0.28637E-01    0.18409E+01    0.58252E+07    0.20465E+05
    34    0.10857E+04    0.31661E-01    0.18345E+01    0.58335E+07    0.19968E+05
    35    0.11025E+04    0.34900E-01    0.18188E+01    0.58389E+07    0.19482E+05
    36    0.11195E+04    0.38374E-01    0.17967E+01    0.58417E+07    0.19009E+05
    37    0.11366E+04    0.42076E-01    0.17642E+01    0.58421E+07    0.18558E+05
    38    0.11541E+04    0.46002E-01    0.17192E+01    0.58403E+07    0.18135E+05
    39    0.11720E+04    0.50165E-01    0.16636E+01    0.58364E+07    0.17736E+05
    40    0.11900E+04    0.54584E-01    0.16006E+01    0.58305E+07    0.17350E+05
    41    0.12082E+04    0.59281E-01    0.15319E+01    0.58227E+07    0.16972E+05
    42    0.12264E+04    0.64257E-01    0.14555E+01    0.58131E+07    0.16602E+05
    43    0.12448E+04    0.69508E-01    0.13687E+01    0.58018E+07    0.16239E+05
    44    0.12632E+04    0.75014E-01    0.12696E+01    0.57891E+07    0.15887E+05
    45    0.12819E+04    0.80769E-01    0.11562E+01    0.57749E+07    0.15547E+05
    46    0.13009E+04    0.86768E-01    0.10255E+01    0.57595E+07    0.15220E+05
    47    0.13201E+04    0.93014E-01    0.87924E+00    0.57428E+07    0.14903E+05
    48    0.13393E+04    0.99517E-01    0.72311E+00    0.57251E+07    0.14596E+05
    49    0.13587E+04    0.10627E+00    0.56215E+00    0.57063E+07    0.14295E+05
    50    0.13785E+04    0.11325E+00    0.39465E+00    0.56866E+07    0.13998E+05
    51    0.13985E+04    0.12043E+00    0.21706E+00    0.56659E+07    0.13704E+05
    52    0.14188E+04    0.12790E+00    0.24159E-01    0.56445E+07    0.13414E+05
    53    0.14392E+04    0.13580E+00   -0.18784E+00    0.56223E+07    0.13132E+05
    54    0.14595E+04    0.14412E+00   -0.41475E+00    0.55994E+07    0.12860E+05
    55    0.14800E+04    0.15283E+00   -0.65228E+00    0.55758E+07    0.12600E+05
    56    0.15008E+04    0.16178E+00   -0.90222E+00    0.55516E+07    0.12356E+05
    57    0.15219E+04    0.17087E+00   -0.11644E+01    0.55269E+07    0.12124E+05
    58    0.15432E+04    0.18011E+00   -0.14394E+01    0.55016E+07    0.11902E+05
    59    0.15648E+04    0.18954E+00   -0.17278E+01    0.54757E+07    0.11688E+05
    60    0.15865E+04    0.19922E+00   -0.20288E+01    0.54494E+07    0.11480E+05
    61    0.16086E+04    0.20924E+00   -0.23414E+01    0.54227E+07    0.11274E+05
    62    0.16307E+04    0.21958E+00   -0.26666E+01    0.53955E+07    0.11071E+05
    63    0.16528E+04    0.23022E+00   -0.30055E+01    0.53680E+07    0.10869E+05
    64    0.16754E+04    0.24115E+00   -0.33594E+01    0.53401E+07    0.10669E+05
    65    0.16980E+04    0.25235E+00   -0.37290E+01    0.53120E+07    0.10469E+05
    66    0.17209E+04    0.26374E+00   -0.41125E+01    0.52837E+07    0.10271E+05
    67    0.17440E+04    0.27534E+00   -0.45070E+01    0.52552E+07    0.10075E+05
    68    0.17675E+04    0.28718E+00   -0.49107E+01    0.52265E+07    0.98830E+04
    69    0.17912E+04    0.29922E+00   -0.53219E+01    0.51977E+07    0.96968E+04
    70    0.18152E+04    0.31150E+00   -0.57420E+01    0.51688E+07    0.95181E+04
    71    0.18393E+04    0.32401E+00   -0.61733E+01    0.51397E+07    0.93481E+04
    72    0.18636E+04    0.33674E+00   -0.66173E+01    0.51106E+07    0.91863E+04
    73    0.18880E+04    0.34963E+00   -0.70747E+01    0.50813E+07    0.90315E+04
    74    0.19127E+04    0.36268E+00   -0.75446E+01    0.50520E+07    0.88828E+04
    75    0.19376E+04    0.37591E+00   -0.80257E+01    0.50226E+07    0.87391E+04
    76    0.19629E+04    0.38931E+00   -0.85175E+01    0.49931E+07    0.85992E+04
    77    0.19885E+04    0.40287E+00   -0.90196E+01    0.49635E+07    0.84618E+04
    78    0.20144E+04    0.41662E+00   -0.95337E+01    0.49339E+07    0.83255E+04
    79    0.20405E+04    0.43051E+00   -0.10056E+02    0.49043E+07    0.81887E+04
    80    0.20669E+04    0.44453E+00   -0.10587E+02    0.48747E+07    0.80501E+04
    81    0.20934E+04    0.45865E+00   -0.11129E+02    0.48451E+07    0.79090E+04
    82    0.21202E+04    0.47287E+00   -0.11679E+02    0.48155E+07    0.77686E+04
    83    0.21472E+04    0.48718E+00   -0.12237E+02    0.47860E+07    0.76327E+04
    84    0.21745E+04    0.50156E+00   -0.12803E+02    0.47565E+07    0.75052E+04
    85    0.22018E+04    0.51601E+00   -0.13375E+02    0.47271E+07    0.73901E+04
    86    0.22294E+04    0.53052E+00   -0.13954E+02    0.46978E+07    0.72887E+04
    87    0.22574E+04    0.54507E+00   -0.14539E+02    0.46685E+07    0.71914E+04
    88    0.22854E+04    0.55968E+00   -0.15130E+02    0.46394E+07    0.70864E+04
    89    0.23137E+04    0.57432E+00   -0.15728E+02    0.46103E+07    0.69614E+04
    90    0.23422E+04    0.58897E+00   -0.16330E+02    0.45815E+07    0.68044E+04
    91    0.23709E+04    0.60361E+00   -0.16938E+02    0.45527E+07    0.66061E+04
    92    0.23999E+04    0.61823E+00   -0.17550E+02    0.45242E+07    0.63679E+04
    93    0.24291E+04    0.63283E+00   -0.18167E+02    0.44958E+07    0.60940E+04
    94    0.24584E+04    0.64736E+00   -0.18788E+02    0.44675E+07    0.57885E+04
    95    0.24880E+04    0.66183E+00   -0.19412E+02    0.44395E+07    0.54555E+04
    96    0.25175E+04    0.67622E+00   -0.20040E+02    0.44115E+07    0.50993E+04
    97    0.25475E+04    0.69053E+00   -0.20670E+02    0.43838E+07    0.47241E+04
    98    0.25777E+04    0.70474E+00   -0.21301E+02    0.43561E+07    0.43338E+04
    99    0.26080E+04    0.71881E+00   -0.21935E+02    0.43287E+07    0.39328E+04
   100    0.26386E+04    0.73275E+00   -0.22568E+02    0.43014E+07    0.35252E+04
   101    0.26693E+04    0.74662E+00   -0.23203E+02    0.42742E+07    0.31151E+04
   102    0.27005E+04    0.76027E+00   -0.23838E+02    0.42473E+07    0.27068E+04
   103    0.27316E+04    0.77377E+00   -0.24473E+02    0.42204E+07    0.23043E+04
   104    0.27630E+04    0.78713E+00   -0.25107E+02    0.41937E+07    0.19117E+04
   105    0.27945E+04    0.80027E+00   -0.25739E+02    0.41672E+07    0.15334E+04
   106    0.28262E+04    0.81326E+00   -0.26370E+02    0.41408E+07    0.11734E+04
   107    0.28578E+04    0.82597E+00   -0.26997E+02    0.41146E+07    0.83593E+03
   108    0.28898E+04    0.83846E+00   -0.27623E+02    0.40886E+07    0.52509E+03
   109    0.29220E+04    0.85066E+00   -0.28244E+02    0.40626E+07    0.24506E+03
   110    0.29542E+04    0.86257E+00   -0.28861E+02    0.40369E+07    0.00000E+00
   111    0.29866E+04    0.87427E+00   -0.29474E+02    0.40113E+07   -0.20703E+03
   112    0.30191E+04    0.88568E+00   -0.30083E+02    0.39858E+07   -0.37741E+03
   113    0.30519E+04    0.89680E+00   -0.30686E+02    0.39605E+07   -0.51362E+03
   114    0.30847E+04    0.90757E+00   -0.31282E+02    0.39354E+07   -0.61812E+03
   115    0.31177E+04    0.91812E+00   -0.31871E+02    0.39104E+07   -0.69339E+03
   116    0.31508E+04    0.92823E+00   -0.32453E+02    0.38856E+07   -0.74193E+03
   117    0.31841E+04    0.93799E+00   -0.33027E+02    0.38609E+07   -0.76619E+03
   118    0.32175E+04    0.94753E+00   -0.33594E+02    0.38365E+07   -0.76866E+03
   119    0.32510E+04    0.95671E+00   -0.34151E+02    0.38121E+07   -0.75181E+03
   120    0.32846E+04    0.96539E+00   -0.34698E+02    0.37880E+07   -0.71812E+03
   121    0.33182E+04    0.97386E+00   -0.35235E+02    0.37640E+07   -0.67007E+03
   122    0.33518E+04    0.98181E+00   -0.35762E+02    0.37402E+07   -0.61014E+03
   123    0.33855E+04    0.98934E+00   -0.36278E+02    0.37165E+07   -0.54079E+03
   124    0.34193E+04    0.99651E+00   -0.36781E+02    0.36931E+07   -0.46452E+03
   125    0.34530E+04    0.10032E+01   -0.37273E+02    0.36698E+07   -0.38379E+03
   126    0.34869E+04    0.10096E+01   -0.37752E+02    0.36467E+07   -0.30108E+03
   127    0.35206E+04    0.10155E+01   -0.38219E+02    0.36237E+07   -0.21887E+03
   128    0.35544E+04    0.10210E+01   -0.38672E+02    0.36010E+07   -0.13963E+03
   129    0.35883E+04    0.10260E+01   -0.39111E+02    0.35784E+07   -0.65852E+02
   130    0.36221E+04    0.10305E+01   -0.39535E+02    0.35560E+07    0.00000E+00
   131    0.36559E+04    0.10347E+01   -0.39945E+02    0.35338E+07    0.55966E+02
   132    0.36897E+04    0.10383E+01   -0.40338E+02    0.35118E+07    0.10217E+03
   133    0.37235E+04    0.10415E+01   -0.40718E+02    0.34900E+07    0.13926E+03
   134    0.37572E+04    0.10443E+01   -0.41078E+02    0.34684E+07    0.16788E+03
   135    0.37910E+04    0.10466E+01   -0.41423E+02    0.34469E+07    0.18867E+03
   136    0.38245E+04    0.10484E+01   -0.41749E+02    0.34256E+07    0.20228E+03
   137    0.38581E+04    0.10498E+01   -0.42057E+02    0.34045E+07    0.20935E+03
   138    0.38915E+04    0.10506E+01   -0.42347E+02    0.33836E+07    0.21053E+03
   139    0.39248E+04    0.10511E+01   -0.42618E+02    0.33629E+07    0.20647E+03
   140    0.39581E+04    0.10510E+01   -0.42870E+02    0.33423E+07    0.19781E+03
   141    0.39911E+04    0.10505E+01   -0.43101E+02    0.33219E+07    0.18519E+03
   142    0.40242E+04    0.10495E+01   -0.43313E+02    0.33017E+07    0.16925E+03
   143    0.40572E+04    0.10480E+01   -0.43504E+02    0.32816E+07    0.15066E+03
   144    0.40899E+04    0.10461E+01   -0.43676E+02    0.32618E+07    0.13004E+03
   145    0.41226E+04    0.10438E+01   -0.43826E+02    0.32420E+07    0.10804E+03
   146    0.41552E+04    0.10410E+01   -0.43954E+02    0.32225E+07    0.85315E+02
   147    0.41875E+04    0.10378E+01   -0.44060E+02    0.32031E+07    0.62503E+02
   148    0.42197E+04    0.10341E+01   -0.44145E+02    0.31839E+07    0.40250E+02
   149    0.42518E+04    0.10299E+01   -0.44207E+02    0.31648E+07    0.19200E+02
   150    0.42836E+04    0.10255E+01   -0.44245E+02    0.31459E+07    0.00000E+00
   151    0.43152E+04    0.10206E+01   -0.44260E+02    0.31272E+07   -0.16835E+02
   152    0.43466E+04    0.10152E+01   -0.44253E+02    0.31086E+07   -0.31302E+02
   153    0.43778E+04    0.10094E+01   -0.44220E+02    0.30902E+07   -0.43526E+02
   154    0.44088E+04    0.10033E+01   -0.44163E+02    0.30719E+07   -0.53634E+02
   155    0.44395E+04    0.99686E+00   -0.44083E+02    0.30538E+07   -0.61752E+02
   156    0.44699E+04    0.99006E+00   -0.43979E+02    0.30359E+07   -0.68005E+02
   157    0.45003E+04    0.98291E+00   -0.43849E+02    0.30181E+07   -0.72520E+02
   158    0.45303E+04    0.97548E+00   -0.43694E+02    0.30004E+07   -0.75422E+02
   159    0.45600E+04    0.96762E+00   -0.43515E+02    0.29829E+07   -0.76837E+02
   160    0.45895E+04    0.95949E+00   -0.43309E+02    0.29656E+07   -0.76891E+02
   161    0.46188E+04    0.95116E+00   -0.43078E+02    0.29484E+07   -0.75710E+02
   162    0.46478E+04    0.94247E+00   -0.42823E+02    0.29313E+07   -0.73420E+02
   163    0.46766E+04    0.93350E+00   -0.42541E+02    0.29144E+07   -0.70147E+02
   164    0.47050E+04    0.92433E+00   -0.42235E+02    0.28977E+07   -0.66016E+02
   165    0.47332E+04    0.91488E+00   -0.41901E+02    0.28810E+07   -0.61154E+02
   166    0.47611E+04    0.90529E+00   -0.41542E+02    0.28646E+07   -0.55687E+02
   167    0.47888E+04    0.89536E+00   -0.41158E+02    0.28482E+07   -0.49739E+02
   168    0.48161E+04    0.88544E+00   -0.40747E+02    0.28320E+07   -0.43438E+02
   169    0.48430E+04    0.87524E+00   -0.40309E+02    0.28160E+07   -0.36909E+02
   170    0.48696E+04    0.86498E+00   -0.39845E+02    0.28001E+07   -0.30278E+02
   171    0.48958E+04    0.85466E+00   -0.39353E+02    0.27843E+07   -0.23671E+02
   172    0.49216E+04    0.84421E+00   -0.38836E+02    0.27687E+07   -0.17214E+02
   173    0.49469E+04    0.83362E+00   -0.38291E+02    0.27531E+07   -0.11032E+02
   174    0.49719E+04    0.82320E+00   -0.37721E+02    0.27378E+07   -0.52524E+01
   175    0.49966E+04    0.81265E+00   -0.37123E+02    0.27225E+07    0.00000E+00
   176    0.50207E+04    0.80218E+00   -0.36498E+02    0.27074E+07    0.46252E+01
   177    0.50444E+04    0.79173E+00   -0.35848E+02    0.26924E+07    0.86279E+01
   178    0.50677E+04    0.78151E+00   -0.35170E+02    0.26776E+07    0.12039E+02
   179    0.50905E+04    0.77123E+00   -0.34466E+02    0.26629E+07    0.14890E+02
   180    0.51130E+04    0.76111E+00   -0.33735E+02    0.26483E+07    0.17210E+02
   181    0.51350E+04    0.75115E+00   -0.32979E+02    0.26338E+07    0.19032E+02
   182    0.51565E+04    0.74142E+00   -0.32196E+02    0.26195E+07    0.20386E+02
   183    0.51775E+04    0.73185E+00   -0.31388E+02    0.26052E+07    0.21303E+02
   184    0.51981E+04    0.72251E+00   -0.30553E+02    0.25911E+07    0.21815E+02
   185    0.52183E+04    0.71355E+00   -0.29694E+02    0.25771E+07    0.21951E+02
   186    0.52376E+04    0.70482E+00   -0.28808E+02    0.25633E+07    0.21742E+02
   187    0.52568E+04    0.69647E+00   -0.27896E+02    0.25495E+07    0.21221E+02
   188    0.52755E+04    0.68848E+00   -0.26961E+02    0.25359E+07    0.20417E+02
   189    0.52935E+04    0.68089E+00   -0.25999E+02    0.25224E+07    0.19362E+02
   190    0.53115E+04    0.67375E+00   -0.25015E+02    0.25090E+07    0.18086E+02
   191    0.53285E+04    0.66708E+00   -0.24004E+02    0.24957E+07    0.16620E+02
   192    0.53451E+04    0.66090E+00   -0.22969E+02    0.24825E+07    0.14996E+02
   193    0.53612E+04    0.65526E+00   -0.21911E+02    0.24695E+07    0.13244E+02
   194    0.53769E+04    0.65018E+00   -0.20828E+02    0.24565E+07    0.11395E+02
   195    0.53920E+04    0.64570E+00   -0.19723E+02    0.24437E+07    0.94805E+01
   196    0.54065E+04    0.64186E+00   -0.18595E+02    0.24309E+07    0.75308E+01
   197    0.54206E+04    0.63870E+00   -0.17445E+02    0.24183E+07    0.55769E+01
   198    0.54341E+04    0.63624E+00   -0.16272E+02    0.24058E+07    0.36499E+01
   199    0.54472E+04    0.63452E+00   -0.15077E+02    0.23933E+07    0.17806E+01
   200    0.54597E+04    0.63357E+00   -0.13862E+02    0.23810E+07    0.00000E+00
   201    0.54716E+04    0.63345E+00   -0.12624E+02    0.23688E+07   -0.16667E+01
   202    0.54831E+04    0.63415E+00   -0.11366E+02    0.23566E+07   -0.32169E+01
   203    0.54939E+04    0.63575E+00   -0.10088E+02    0.23446E+07   -0.46535E+01
   204    0.55041E+04    0.63827E+00   -0.87905E+01    0.23327E+07   -0.59796E+01
   205    0.55137E+04    0.64174E+00   -0.74731E+01    0.23209E+07   -0.71984E+01
   206    0.55227E+04    0.64620E+00   -0.61365E+01    0.23091E+07   -0.83126E+01
   207    0.55312E+04    0.65167E+00   -0.47813E+01    0.22975E+07   -0.93255E+01
   208    0.55390E+04    0.65821E+00   -0.34079E+01    0.22859E+07   -0.10240E+02
   209    0.55461E+04    0.66584E+00   -0.20167E+01    0.22745E+07   -0.11059E+02
   210    0.55527E+04    0.67461E+00   -0.60850E+00    0.22631E+07   -0.11786E+02
   211    0.55587E+04    0.68454E+00    0.81654E+00    0.22519E+07   -0.12424E+02
   212    0.55639E+04    0.69567E+00    0.22575E+01    0.22407E+07   -0.12975E+02
   213    0.55687E+04    0.70803E+00    0.37146E+01    0.22296E+07   -0.13444E+02
   214    0.55728E+04    0.72163E+00    0.51864E+01    0.22186E+07   -0.13832E+02
   215    0.55762E+04    0.73665E+00    0.66723E+01    0.22077E+07   -0.14143E+02
   216    0.55791E+04    0.75291E+00    0.81729E+01    0.21969E+07   -0.14380E+02
   217    0.55814E+04    0.77055E+00    0.96861E+01    0.21861E+07   -0.14546E+02
   218    0.55830E+04    0.78959E+00    0.11212E+02    0.21755E+07   -0.14643E+02
   219    0.55841E+04    0.81002E+00    0.12752E+02    0.21649E+07   -0.14676E+02
   220    0.55845E+04    0.83198E+00    0.14301E+02    0.21545E+07   -0.14647E+02
   221    0.55844E+04    0.85541E+00    0.15862E+02    0.21441E+07   -0.14559E+02
   222    0.55837E+04    0.88044E+00    0.17433E+02    0.21338E+07   -0.14415E+02
   223    0.55822E+04    0.90702E+00    0.19015E+02    0.21235E+07   -0.14218E+02
   224    0.55803E+04    0.93512E+00    0.20604E+02    0.21134E+07   -0.13971E+02
   225    0.55778E+04    0.96491E+00    0.22204E+02    0.21033E+07   -0.13678E+02
   226    0.55746E+04    0.99637E+00    0.23810E+02    0.20933E+07   -0.13341E+02
   227    0.55708E+04    0.10295E+01    0.25423E+02    0.20834E+07   -0.12963E+02
   228    0.55665E+04    0.10643E+01    0.27044E+02    0.20736E+07   -0.12547E+02
   229    0.55615E+04    0.11009E+01    0.28669E+02    0.20638E+07   -0.12097E+02
   230    0.55559E+04    0.11392E+01    0.30300E+02    0.20542E+07   -0.11615E+02
   231    0.55497E+04    0.11794E+01    0.31936E+02    0.20446E+07   -0.11104E+02
   232    0.55429E+04    0.12213E+01    0.33576E+02    0.20350E+07   -0.10568E+02
   233    0.55355E+04    0.12652E+01    0.35218E+02    0.20256E+07   -0.10009E+02
   234    0.55274E+04    0.13109E+01    0.36863E+02    0.20162E+07   -0.94308E+01
   235    0.55188E+04    0.13584E+01    0.38509E+02    0.20069E+07   -0.88361E+01
   236    0.55095E+04    0.14079E+01    0.40156E+02    0.19977E+07   -0.82279E+01
   237    0.54997E+04    0.14594E+01    0.41804E+02    0.19885E+07   -0.76093E+01
   238    0.54892E+04    0.15129E+01    0.43451E+02    0.19794E+07   -0.69834E+01
   239    0.54782E+04    0.15683E+01    0.45097E+02    0.19704E+07   -0.63530E+01
   240    0.54665E+04    0.16256E+01    0.46741E+02    0.19614E+07   -0.57214E+01
   241    0.54543E+04    0.16851E+01    0.48382E+02    0.19525E+07   -0.50915E+01
   242    0.54415E+04    0.17465E+01    0.50020E+02    0.19437E+07   -0.44664E+01
   243    0.54282E+04    0.18100E+01    0.51654E+02    0.19349E+07   -0.38490E+01
   244    0.54142E+04    0.18756E+01    0.53284E+02    0.19262E+07   -0.32424E+01
   245    0.53997E+04    0.19433E+01    0.54908E+02    0.19176E+07   -0.26497E+01
   246    0.53846E+04    0.20130E+01    0.56526E+02    0.19090E+07   -0.20739E+01
   247    0.53690E+04    0.20849E+01    0.58136E+02    0.19005E+07   -0.15180E+01
   248    0.53528E+04    0.21591E+01    0.59740E+02    0.18920E+07   -0.98499E+00
   249    0.53362E+04    0.22352E+01    0.61335E+02    0.18837E+07   -0.47799E+00
   250    0.53190E+04    0.23136E+01    0.62921E+02    0.18753E+07    0.00000E+00
   251    0.53013E+04    0.23941E+01    0.64497E+02    0.18670E+07    0.44659E+00
   252    0.52830E+04    0.24768E+01    0.66064E+02    0.18588E+07    0.86195E+00
   253    0.52644E+04    0.25615E+01    0.67618E+02    0.18507E+07    0.12469E+01
   254    0.52451E+04    0.26486E+01    0.69161E+02    0.18426E+07    0.16022E+01
   255    0.52254E+04    0.27377E+01    0.70692E+02    0.18345E+07    0.19288E+01
   256    0.52052E+04    0.28292E+01    0.72212E+02    0.18265E+07    0.22274E+01
   257    0.51846E+04    0.29227E+01    0.73711E+02    0.18186E+07    0.24988E+01
   258    0.51634E+04    0.30185E+01    0.75203E+02    0.18107E+07    0.27438E+01
   259    0.51418E+04    0.31165E+01    0.76673E+02    0.18029E+07    0.29633E+01
   260    0.51199E+04    0.32166E+01    0.78136E+02    0.17952E+07    0.31581E+01
   261    0.50974E+04    0.33189E+01    0.79569E+02    0.17874E+07    0.33290E+01
   262    0.50744E+04    0.34235E+01    0.80995E+02    0.17798E+07    0.34768E+01
   263    0.50512E+04    0.35302E+01    0.82406E+02    0.17722E+07    0.36022E+01
   264    0.50275E+04    0.36391E+01    0.83796E+02    0.17646E+07    0.37062E+01
   265    0.50032E+04    0.37501E+01    0.85156E+02    0.17571E+07    0.37895E+01
   266    0.49786E+04    0.38635E+01    0.86508E+02    0.17497E+07    0.38530E+01
   267    0.49535E+04    0.39788E+01    0.87831E+02    0.17423E+07    0.38975E+01
   268    0.49281E+04    0.40964E+01    0.89140E+02    0.17349E+07    0.39237E+01
   269    0.49021E+04    0.42161E+01    0.90426E+02    0.17276E+07    0.39325E+01
   270    0.48759E+04    0.43379E+01    0.91691E+02    0.17204E+07    0.39246E+01
   271    0.48493E+04    0.44618E+01    0.92934E+02    0.17132E+07    0.39010E+01
   272    0.48224E+04    0.45879E+01    0.94147E+02    0.17060E+07    0.38625E+01
   273    0.47951E+04    0.47159E+01    0.95346E+02    0.16989E+07    0.38097E+01
   274    0.47675E+04    0.48461E+01    0.96507E+02    0.16919E+07    0.37436E+01
   275    0.47395E+04    0.49782E+01    0.97655E+02    0.16849E+07    0.36650E+01
   276    0.47113E+04    0.51124E+01    0.98765E+02    0.16779E+07    0.35746E+01
   277    0.46827E+04    0.52486E+01    0.99862E+02    0.16710E+07    0.34733E+01
   278    0.46538E+04    0.53867E+01    0.10092E+03    0.16641E+07    0.33619E+01
   279    0.46247E+04    0.55268E+01    0.10195E+03    0.16573E+07    0.32413E+01
   280    0.45952E+04    0.56687E+01    0.10297E+03    0.16505E+07    0.31121E+01
   281    0.45656E+04    0.58126E+01    0.10395E+03    0.16438E+07    0.29753E+01
   282    0.45356E+04    0.59582E+01    0.10490E+03    0.16371E+07    0.28316E+01
   283    0.45054E+04    0.61057E+01    0.10582E+03    0.16304E+07    0.26819E+01
   284    0.44750E+04    0.62550E+01    0.10671E+03    0.16238E+07    0.25270E+01
   285    0.44443E+04    0.64062E+01    0.10757E+03    0.16173E+07    0.23676E+01
   286    0.44134E+04    0.65590E+01    0.10839E+03    0.16108E+07    0.22047E+01
   287    0.43822E+04    0.67135E+01    0.10920E+03    0.16043E+07    0.20389E+01
   288    0.43509E+04    0.68697E+01    0.10996E+03    0.15979E+07    0.18712E+01
   289    0.43194E+04    0.70275E+01    0.11070E+03    0.15915E+07    0.17023E+01
   290    0.42877E+04    0.71868E+01    0.11141E+03    0.15851E+07    0.15331E+01
   291    0.42559E+04    0.73482E+01    0.11207E+03    0.15788E+07    0.13643E+01
   292    0.42237E+04    0.75108E+01    0.11272E+03    0.15725E+07    0.11968E+01
   293    0.41916E+04    0.76740E+01    0.11332E+03    0.15663E+07    0.10313E+01
   294    0.41591E+04    0.78395E+01    0.11389E+03    0.15601E+07    0.86881E+00
   295    0.41268E+04    0.80057E+01    0.11443E+03    0.15539E+07    0.70999E+00
   296    0.40942E+04    0.81741E+01    0.11493E+03    0.15478E+07    0.55570E+00
   297    0.40615E+04    0.83425E+01    0.11540E+03    0.15417E+07    0.40674E+00
   298    0.40286E+04    0.85130E+01    0.11584E+03    0.15357E+07    0.26393E+00
   299    0.39956E+04    0.86851E+01    0.11623E+03    0.15297E+07    0.12808E+00
   300    0.39626E+04    0.88571E+01    0.11659E+03    0.15237E+07    0.00000E+00
   301    0.39294E+04    0.90306E+01    0.11692E+03    0.15177E+07   -0.11966E+00
   302    0.38963E+04    0.92048E+01    0.11722E+03    0.15118E+07   -0.23096E+00
   303    0.38631E+04    0.93805E+01    0.11747E+03    0.15060E+07   -0.33411E+00
   304    0.38298E+04    0.95576E+01    0.11768E+03    0.15001E+07   -0.42932E+00
   305    0.37965E+04    0.97347E+01    0.11787E+03    0.14943E+07   -0.51682E+00
   306    0.37632E+04    0.99126E+01    0.11801E+03    0.14886E+07   -0.59682E+00
   307    0.37298E+04    0.10091E+02    0.11812E+03    0.14828E+07   -0.66954E+00
   308    0.36965E+04    0.10272E+02    0.11820E+03    0.14771E+07   -0.73521E+00
   309    0.36632E+04    0.10452E+02    0.11823E+03    0.14715E+07   -0.79402E+00
   310    0.36298E+04    0.10632E+02    0.11823E+03    0.14658E+07   -0.84622E+00
   311    0.35965E+04    0.10814E+02    0.11818E+03    0.14602E+07   -0.89200E+00
   312    0.35633E+04    0.10996E+02    0.11811E+03    0.14547E+07   -0.93159E+00
   313    0.35301E+04    0.11178E+02    0.11799E+03    0.14491E+07   -0.96521E+00
   314    0.34970E+04    0.11361E+02    0.11785E+03    0.14436E+07   -0.99308E+00
   315    0.34639E+04    0.11544E+02    0.11766E+03    0.14382E+07   -0.10154E+01
   316    0.34309E+04    0.11727E+02    0.11743E+03    0.14327E+07   -0.10324E+01
   317    0.33980E+04    0.11909E+02    0.11716E+03    0.14273E+07   -0.10443E+01
   318    0.33652E+04    0.12093E+02    0.11686E+03    0.14219E+07   -0.10513E+01
   319    0.33325E+04    0.12276E+02    0.11653E+03    0.14166E+07   -0.10537E+01
   320    0.32999E+04    0.12459E+02    0.11616E+03    0.14113E+07   -0.10516E+01
   321    0.32675E+04    0.12642E+02    0.11575E+03    0.14060E+07   -0.10453E+01
   322    0.32351E+04    0.12825E+02    0.11530E+03    0.14007E+07   -0.10349E+01
   323    0.32029E+04    0.13007E+02    0.11482E+03    0.13955E+07   -0.10208E+01
   324    0.31709E+04    0.13190E+02    0.11429E+03    0.13903E+07   -0.10031E+01
   325    0.31391E+04    0.13370E+02    0.11374E+03    0.13851E+07   -0.98203E+00
   326    0.31073E+04    0.13552E+02    0.11314E+03    0.13800E+07   -0.95781E+00
   327    0.30758E+04    0.13733E+02    0.11251E+03    0.13749E+07   -0.93068E+00
   328    0.30445E+04    0.13912E+02    0.11185E+03    0.13698E+07   -0.90083E+00
   329    0.30133E+04    0.14092E+02    0.11115E+03    0.13647E+07   -0.86849E+00
   330    0.29824E+04    0.14270E+02    0.11041E+03    0.13597E+07   -0.83389E+00
   331    0.29517E+04    0.14447E+02    0.10963E+03    0.13547E+07   -0.79723E+00
   332    0.29212E+04    0.14624E+02    0.10883E+03    0.13497E+07   -0.75873E+00
   333    0.28909E+04    0.14800E+02    0.10800E+03    0.13448E+07   -0.71862E+00
   334    0.28609E+04    0.14976E+02    0.10712E+03    0.13399E+07   -0.67710E+00
   335    0.28311E+04    0.15148E+02    0.10621E+03    0.13350E+07   -0.63440E+00
   336    0.28015E+04    0.15321E+02    0.10527E+03    0.13301E+07   -0.59074E+00
   337    0.27723E+04    0.15492E+02    0.10429E+03    0.13253E+07   -0.54632E+00
   338    0.27432E+04    0.15662E+02    0.10328E+03    0.13205E+07   -0.50138E+00
   339    0.27145E+04    0.15831E+02    0.10224E+03    0.13157E+07   -0.45613E+00
   340    0.26861E+04    0.15998E+02    0.10118E+03    0.13109E+07   -0.41078E+00
   341    0.26578E+04    0.16163E+02    0.10007E+03    0.13062E+07   -0.36555E+00
   342    0.26299E+04    0.16328E+02    0.98929E+02    0.13015E+07   -0.32067E+00
   343    0.26023E+04    0.16490E+02    0.97760E+02    0.12968E+07   -0.27635E+00
   344    0.25751E+04    0.16651E+02    0.96563E+02    0.12921E+07   -0.23280E+00
   345    0.25481E+04    0.16810E+02    0.95335E+02    0.12875E+07   -0.19024E+00
   346    0.25214E+04    0.16967E+02    0.94086E+02    0.12829E+07   -0.14890E+00
   347    0.24951E+04    0.17122E+02    0.92799E+02    0.12783E+07   -0.10899E+00
   348    0.24691E+04    0.17275E+02    0.91483E+02    0.12737E+07   -0.70719E-01
   349    0.24434E+04    0.17426E+02    0.90138E+02    0.12692E+07   -0.34318E-01
   350    0.24181E+04    0.17575E+02    0.88770E+02    0.12647E+07    0.00000E+00
   351    0.23932E+04    0.17721E+02    0.87373E+02    0.12602E+07    0.32064E-01
   352    0.23685E+04    0.17866E+02    0.85946E+02    0.12557E+07    0.61885E-01
   353    0.23443E+04    0.18008E+02    0.84504E+02    0.12513E+07    0.89523E-01
   354    0.23203E+04    0.18148E+02    0.83025E+02    0.12468E+07    0.11504E+00
   355    0.22968E+04    0.18285E+02    0.81524E+02    0.12424E+07    0.13848E+00
   356    0.22737E+04    0.18421E+02    0.80009E+02    0.12380E+07    0.15992E+00
   357    0.22509E+04    0.18553E+02    0.78463E+02    0.12337E+07    0.17940E+00
   358    0.22285E+04    0.18682E+02    0.76903E+02    0.12293E+07    0.19700E+00
   359    0.22064E+04    0.18808E+02    0.75313E+02    0.12250E+07    0.21276E+00
   360    0.21848E+04    0.18933E+02    0.73705E+02    0.12207E+07    0.22674E+00
   361    0.21636E+04    0.19054E+02    0.72073E+02    0.12165E+07    0.23901E+00
   362    0.21427E+04    0.19173E+02    0.70421E+02    0.12122E+07    0.24962E+00
   363    0.21223E+04    0.19289E+02    0.68752E+02    0.12080E+07    0.25863E+00
   364    0.21023E+04    0.19401E+02    0.67061E+02    0.12038E+07    0.26609E+00
   365    0.20826E+04    0.19511E+02    0.65354E+02    0.11996E+07    0.27208E+00
   366    0.20634E+04    0.19618E+02    0.63629E+02    0.11954E+07    0.27663E+00
   367    0.20446E+04    0.19721E+02    0.61887E+02    0.11912E+07    0.27983E+00
   368    0.20262E+04    0.19821E+02    0.60130E+02    0.11871E+07    0.28171E+00
   369    0.20083E+04    0.19919E+02    0.58356E+02    0.11830E+07    0.28234E+00
   370    0.19908E+04    0.20013E+02    0.56570E+02    0.11789E+07    0.28178E+00
   371    0.19736E+04    0.20103E+02    0.54769E+02    0.11749E+07    0.28008E+00
   372    0.19569E+04    0.20190E+02    0.52956E+02    0.11708E+07    0.27731E+00
   373    0.19406E+04    0.20274E+02    0.51129E+02    0.11668E+07    0.27353E+00
   374    0.19248E+04    0.20355E+02    0.49291E+02    0.11628E+07    0.26878E+00
   375    0.19093E+04    0.20432E+02    0.47442E+02    0.11588E+07    0.26313E+00
   376    0.18943E+04    0.20506E+02    0.45583E+02    0.11548E+07    0.25665E+00
   377    0.18798E+04    0.20576E+02    0.43717E+02    0.11509E+07    0.24937E+00
   378    0.18657E+04    0.20642E+02    0.41839E+02    0.11469E+07    0.24138E+00
   379    0.18520E+04    0.20705E+02    0.39956E+02    0.11430E+07    0.23271E+00
   380    0.18388E+04    0.20766E+02    0.38064E+02    0.11391E+07    0.22344E+00
   381    0.18260E+04    0.20819E+02    0.36167E+02    0.11353E+07    0.21362E+00
   382    0.18135E+04    0.20872E+02    0.34265E+02    0.11314E+07    0.20330E+00
   383    0.18016E+04    0.20920E+02    0.32356E+02    0.11276E+07    0.19255E+00
   384    0.17902E+04    0.20963E+02    0.30446E+02    0.11237E+07    0.18143E+00
   385    0.17790E+04    0.21005E+02    0.28531E+02    0.11199E+07    0.16999E+00
   386    0.17684E+04    0.21042E+02    0.26614E+02    0.11162E+07    0.15829E+00
   387    0.17582E+04    0.21075E+02    0.24696E+02    0.11124E+07    0.14639E+00
   388    0.17484E+04    0.21104E+02    0.22777E+02    0.11086E+07    0.13434E+00
   389    0.17390E+04    0.21127E+02    0.20858E+02    0.11049E+07    0.12222E+00
   390    0.17301E+04    0.21149E+02    0.18940E+02    0.11012E+07    0.11007E+00
   391    0.17216E+04    0.21167E+02    0.17023E+02    0.10975E+07    0.97950E-01
   392    0.17135E+04    0.21182E+02    0.15109E+02    0.10938E+07    0.85923E-01
   393    0.17060E+04    0.21192E+02    0.13198E+02    0.10902E+07    0.74046E-01
   394    0.16987E+04    0.21199E+02    0.11292E+02    0.10865E+07    0.62378E-01
   395    0.16919E+04    0.21201E+02    0.93888E+01    0.10829E+07    0.50975E-01
   396    0.16856E+04    0.21199E+02    0.74925E+01    0.10793E+07    0.39897E-01
   397    0.16795E+04    0.21194E+02    0.56017E+01    0.10757E+07    0.29203E-01
   398    0.16740E+04    0.21185E+02    0.37177E+01    0.10721E+07    0.18949E-01
   399    0.16689E+04    0.21171E+02    0.18413E+01    0.10686E+07    0.91955E-02
   400    0.16641E+04    0.21155E+02   -0.26538E-01    0.10650E+07    0.00000E+00
   401    0.16597E+04    0.21134E+02   -0.18853E+01    0.10615E+07   -0.85915E-02
   402    0.16559E+04    0.21108E+02   -0.37340E+01    0.10580E+07   -0.16582E-01
   403    0.16523E+04    0.21080E+02   -0.55720E+01    0.10545E+07   -0.23988E-01
   404    0.16492E+04    0.21047E+02   -0.73979E+01    0.10510E+07   -0.30824E-01
   405    0.16465E+04    0.21010E+02   -0.92125E+01    0.10476E+07   -0.37106E-01
   406    0.16441E+04    0.20969E+02   -0.11013E+02    0.10441E+07   -0.42850E-01
   407    0.16421E+04    0.20925E+02   -0.12802E+02    0.10407E+07   -0.48071E-01
   408    0.16405E+04    0.20877E+02   -0.14575E+02    0.10373E+07   -0.52785E-01
   409    0.16394E+04    0.20826E+02   -0.16333E+02    0.10339E+07   -0.57008E-01
   410    0.16385E+04    0.20770E+02   -0.18076E+02    0.10305E+07   -0.60756E-01
   411    0.16381E+04    0.20711E+02   -0.19802E+02    0.10271E+07   -0.64043E-01
   412    0.16380E+04    0.20648E+02   -0.21511E+02    0.10237E+07   -0.66885E-01
   413    0.16383E+04    0.20581E+02   -0.23202E+02    0.10204E+07   -0.69299E-01
   414    0.16388E+04    0.20511E+02   -0.24875E+02    0.10171E+07   -0.71300E-01
   415    0.16398E+04    0.20438E+02   -0.26528E+02    0.10138E+07   -0.72903E-01
   416    0.16412E+04    0.20361E+02   -0.28162E+02    0.10105E+07   -0.74124E-01
   417    0.16428E+04    0.20281E+02   -0.29777E+02    0.10072E+07   -0.74979E-01
   418    0.16447E+04    0.20195E+02   -0.31369E+02    0.10039E+07   -0.75483E-01
   419    0.16471E+04    0.20108E+02   -0.32940E+02    0.10007E+07   -0.75652E-01
   420    0.16497E+04    0.20017E+02   -0.34489E+02    0.99744E+06   -0.75502E-01
   421    0.16527E+04    0.19923E+02   -0.36015E+02    0.99422E+06   -0.75048E-01
   422    0.16561E+04    0.19825E+02   -0.37518E+02    0.99101E+06   -0.74306E-01
   423    0.16596E+04    0.19723E+02   -0.38997E+02    0.98782E+06   -0.73291E-01
   424    0.16634E+04    0.19618E+02   -0.40452E+02    0.98464E+06   -0.72019E-01
   425    0.16677E+04    0.19510E+02   -0.41880E+02    0.98148E+06   -0.70506E-01
   426    0.16722E+04    0.19400E+02   -0.43283E+02    0.97833E+06   -0.68768E-01
   427    0.16769E+04    0.19285E+02   -0.44662E+02    0.97519E+06   -0.66819E-01
   428    0.16819E+04    0.19168E+02   -0.46012E+02    0.97207E+06   -0.64677E-01
   429    0.16872E+04    0.19048E+02   -0.47336E+02    0.96896E+06   -0.62355E-01
   430    0.16928E+04    0.18926E+02   -0.48632E+02    0.96587E+06   -0.59870E-01
   431    0.16987E+04    0.18800E+02   -0.49900E+02    0.96279E+06   -0.57238E-01
   432    0.17047E+04    0.18671E+02   -0.51141E+02    0.95972E+06   -0.54474E-01
   433    0.17111E+04    0.18540E+02   -0.52351E+02    0.95666E+06   -0.51594E-01
   434    0.17176E+04    0.18406E+02   -0.53533E+02    0.95362E+06   -0.48614E-01
   435    0.17244E+04    0.18270E+02   -0.54686E+02    0.95060E+06   -0.45548E-01
   436    0.17315E+04    0.18132E+02   -0.55809E+02    0.94758E+06   -0.42413E-01
   437    0.17388E+04    0.17990E+02   -0.56901E+02    0.94458E+06   -0.39224E-01
   438    0.17462E+04    0.17846E+02   -0.57961E+02    0.94160E+06   -0.35998E-01
   439    0.17540E+04    0.17701E+02   -0.58991E+02    0.93862E+06   -0.32749E-01
   440    0.17619E+04    0.17552E+02   -0.59989E+02    0.93566E+06   -0.29493E-01
   441    0.17700E+04    0.17402E+02   -0.60956E+02    0.93271E+06   -0.26246E-01
   442    0.17782E+04    0.17249E+02   -0.61891E+02    0.92978E+06   -0.23023E-01
   443    0.17867E+04    0.17094E+02   -0.62793E+02    0.92686E+06   -0.19841E-01
   444    0.17953E+04    0.16938E+02   -0.63662E+02    0.92395E+06   -0.16714E-01
   445    0.18042E+04    0.16779E+02   -0.64498E+02    0.92105E+06   -0.13659E-01
   446    0.18130E+04    0.16619E+02   -0.65300E+02    0.91816E+06   -0.10690E-01
   447    0.18222E+04    0.16458E+02   -0.66070E+02    0.91529E+06   -0.78248E-02
   448    0.18314E+04    0.16294E+02   -0.66807E+02    0.91243E+06   -0.50774E-02
   449    0.18408E+04    0.16129E+02   -0.67508E+02    0.90958E+06   -0.24639E-02
   450    0.18504E+04    0.15963E+02   -0.68177E+02    0.90675E+06    0.00000E+00
   451    0.18600E+04    0.15795E+02   -0.68811E+02    0.90393E+06    0.23021E-02
   452    0.18698E+04    0.15626E+02   -0.69412E+02    0.90112E+06    0.44432E-02
   453    0.18797E+04    0.15456E+02   -0.69978E+02    0.89832E+06    0.64275E-02
   454    0.18897E+04    0.15285E+02   -0.70511E+02    0.89553E+06    0.82592E-02
   455    0.18997E+04    0.15113E+02   -0.71010E+02    0.89275E+06    0.99425E-02
   456    0.19100E+04    0.14940E+02   -0.71469E+02    0.88999E+06    0.11482E-01
   457    0.19202E+04    0.14766E+02   -0.71901E+02    0.88724E+06    0.12881E-01
   458    0.19306E+04    0.14592E+02   -0.72289E+02    0.88450E+06    0.14144E-01
   459    0.19411E+04    0.14417E+02   -0.72648E+02    0.88177E+06    0.15275E-01
   460    0.19516E+04    0.14241E+02   -0.72971E+02    0.87906E+06    0.16279E-01
   461    0.19621E+04    0.14065E+02   -0.73260E+02    0.87635E+06    0.17160E-01
   462    0.19727E+04    0.13888E+02   -0.73509E+02    0.87366E+06    0.17922E-01
   463    0.19833E+04    0.13712E+02   -0.73736E+02    0.87098E+06    0.18569E-01
   464    0.19940E+04    0.13536E+02   -0.73911E+02    0.86831E+06    0.19105E-01
   465    0.20046E+04    0.13359E+02   -0.74065E+02    0.86565E+06    0.19534E-01
   466    0.20153E+04    0.13182E+02   -0.74174E+02    0.86300E+06    0.19861E-01
   467    0.20261E+04    0.13006E+02   -0.74254E+02    0.86037E+06    0.20091E-01
   468    0.20368E+04    0.12830E+02   -0.74297E+02    0.85774E+06    0.20226E-01
   469    0.20475E+04    0.12653E+02   -0.74311E+02    0.85513E+06    0.20271E-01
   470    0.20583E+04    0.12478E+02   -0.74288E+02    0.85253E+06    0.20231E-01
   471    0.20689E+04    0.12304E+02   -0.74228E+02    0.84994E+06    0.20109E-01
   472    0.20797E+04    0.12130E+02   -0.74139E+02    0.84736E+06    0.19910E-01
   473    0.20904E+04    0.11956E+02   -0.74012E+02    0.84479E+06    0.19638E-01
   474    0.21010E+04    0.11784E+02   -0.73857E+02    0.84223E+06    0.19298E-01
   475    0.21117E+04    0.11612E+02   -0.73664E+02    0.83968E+06    0.18892E-01
   476    0.21223E+04    0.11442E+02   -0.73436E+02    0.83715E+06    0.18426E-01
   477    0.21328E+04    0.11273E+02   -0.73184E+02    0.83462E+06    0.17904E-01
   478    0.21432E+04    0.11104E+02   -0.72888E+02    0.83211E+06    0.17330E-01
   479    0.21537E+04    0.10937E+02   -0.72572E+02    0.82960E+06    0.16708E-01
   480    0.21640E+04    0.10772E+02   -0.72218E+02    0.82711E+06    0.16042E-01
   481    0.21743E+04    0.10608E+02   -0.71829E+02    0.82463E+06    0.15337E-01
   482    0.21846E+04    0.10446E+02   -0.71411E+02    0.82216E+06    0.14596E-01
   483    0.21946E+04    0.10285E+02   -0.70967E+02    0.81970E+06    0.13825E-01
   484    0.22046E+04    0.10127E+02   -0.70490E+02    0.81725E+06    0.13026E-01
   485    0.22146E+04    0.99699E+01   -0.69981E+02    0.81480E+06    0.12205E-01
   486    0.22244E+04    0.98157E+01   -0.69444E+02    0.81237E+06    0.11365E-01
   487    0.22342E+04    0.96636E+01   -0.68878E+02    0.80996E+06    0.10510E-01
   488    0.22437E+04    0.95128E+01   -0.68281E+02    0.80755E+06    0.96455E-02
   489    0.22533E+04    0.93648E+01   -0.67657E+02    0.80515E+06    0.87749E-02
   490    0.22627E+04    0.92197E+01   -0.67003E+02    0.80276E+06    0.79025E-02
   491    0.22719E+04    0.90766E+01   -0.66323E+02    0.80038E+06    0.70325E-02
   492    0.22810E+04    0.89363E+01   -0.65617E+02    0.79801E+06    0.61690E-02
   493    0.22900E+04    0.87974E+01   -0.64882E+02    0.79565E+06    0.53163E-02
   494    0.22989E+04    0.86627E+01   -0.64122E+02    0.79330E+06    0.44785E-02
   495    0.23076E+04    0.85302E+01   -0.63336E+02    0.79096E+06    0.36598E-02
   496    0.23161E+04    0.84012E+01   -0.62525E+02    0.78863E+06    0.28645E-02
   497    0.23245E+04    0.82749E+01   -0.61689E+02    0.78631E+06    0.20966E-02
   498    0.23327E+04    0.81508E+01   -0.60830E+02    0.78401E+06    0.13605E-02
   499    0.23409E+04    0.80309E+01   -0.59945E+02    0.78171E+06    0.66021E-03
   500    0.23488E+04    0.79131E+01   -0.59040E+02    0.77942E+06    0.00000E+00
   501    0.23565E+04    0.77995E+01   -0.58111E+02    0.77713E+06   -0.61684E-03
   502    0.23642E+04    0.76895E+01   -0.57160E+02    0.77486E+06   -0.11905E-02
   503    0.23715E+04    0.75823E+01   -0.56189E+02    0.77260E+06   -0.17222E-02
   504    0.23787E+04    0.74786E+01   -0.55196E+02    0.77035E+06   -0.22130E-02
   505    0.23859E+04    0.73792E+01   -0.54184E+02    0.76811E+06   -0.26641E-02
   506    0.23927E+04    0.72835E+01   -0.53152E+02    0.76587E+06   -0.30765E-02
   507    0.23994E+04    0.71911E+01   -0.52102E+02    0.76365E+06   -0.34514E-02
   508    0.24058E+04    0.71032E+01   -0.51032E+02    0.76144E+06   -0.37898E-02
   509    0.24121E+04    0.70188E+01   -0.49947E+02    0.75923E+06   -0.40930E-02
   510    0.24181E+04    0.69385E+01   -0.48844E+02    0.75704E+06   -0.43621E-02
   511    0.24241E+04    0.68621E+01   -0.47725E+02    0.75485E+06   -0.45981E-02
   512    0.24297E+04    0.67899E+01   -0.46590E+02    0.75267E+06   -0.48022E-02
   513    0.24352E+04    0.67219E+01   -0.45442E+02    0.75050E+06   -0.49755E-02
   514    0.24405E+04    0.66581E+01   -0.44279E+02    0.74834E+06   -0.51191E-02
   515    0.24456E+04    0.65987E+01   -0.43102E+02    0.74619E+06   -0.52342E-02
   516    0.24504E+04    0.65436E+01   -0.41913E+02    0.74405E+06   -0.53219E-02
   517    0.24550E+04    0.64931E+01   -0.40712E+02    0.74192E+06   -0.53832E-02
   518    0.24594E+04    0.64469E+01   -0.39500E+02    0.73980E+06   -0.54194E-02
   519    0.24636E+04    0.64053E+01   -0.38276E+02    0.73768E+06   -0.54316E-02
   520    0.24676E+04    0.63683E+01   -0.37044E+02    0.73558E+06   -0.54208E-02
   521    0.24713E+04    0.63358E+01   -0.35802E+02    0.73348E+06   -0.53882E-02
   522    0.24748E+04    0.63082E+01   -0.34552E+02    0.73139E+06   -0.53349E-02
   523    0.24781E+04    0.62852E+01   -0.33294E+02    0.72931E+06   -0.52621E-02
   524    0.24812E+04    0.62669E+01   -0.32029E+02    0.72724E+06   -0.51708E-02
   525    0.24839E+04    0.62534E+01   -0.30757E+02    0.72518E+06   -0.50621E-02
   526    0.24865E+04    0.62448E+01   -0.29479E+02    0.72313E+06   -0.49373E-02
   527    0.24890E+04    0.62409E+01   -0.28198E+02    0.72108E+06   -0.47974E-02
   528    0.24912E+04    0.62419E+01   -0.26912E+02    0.71905E+06   -0.46436E-02
   529    0.24931E+04    0.62481E+01   -0.25623E+02    0.71702E+06   -0.44769E-02
   530    0.24947E+04    0.62591E+01   -0.24332E+02    0.71500E+06   -0.42985E-02
   531    0.24964E+04    0.62749E+01   -0.23038E+02    0.71299E+06   -0.41095E-02
   532    0.24976E+04    0.62959E+01   -0.21743E+02    0.71099E+06   -0.39111E-02
   533    0.24985E+04    0.63219E+01   -0.20449E+02    0.70899E+06   -0.37043E-02
   534    0.24993E+04    0.63529E+01   -0.19154E+02    0.70701E+06   -0.34903E-02
   535    0.24998E+04    0.63890E+01   -0.17861E+02    0.70503E+06   -0.32702E-02
   536    0.25001E+04    0.64301E+01   -0.16569E+02    0.70306E+06   -0.30451E-02
   537    0.25003E+04    0.64763E+01   -0.15280E+02    0.70110E+06   -0.28162E-02
   538    0.25001E+04    0.65277E+01   -0.13995E+02    0.69915E+06   -0.25845E-02
   539    0.24997E+04    0.65840E+01   -0.12713E+02    0.69720E+06   -0.23512E-02
   540    0.24992E+04    0.66457E+01   -0.11436E+02    0.69526E+06   -0.21175E-02
   541    0.24983E+04    0.67122E+01   -0.10165E+02    0.69333E+06   -0.18844E-02
   542    0.24973E+04    0.67840E+01   -0.88999E+01    0.69141E+06   -0.16530E-02
   543    0.24960E+04    0.68609E+01   -0.76418E+01    0.68950E+06   -0.14245E-02
   544    0.24945E+04    0.69429E+01   -0.63912E+01    0.68760E+06   -0.12000E-02
   545    0.24928E+04    0.70299E+01   -0.51487E+01    0.68570E+06   -0.98065E-03
   546    0.24909E+04    0.71218E+01   -0.39153E+01    0.68381E+06   -0.76754E-03
   547    0.24887E+04    0.72188E+01   -0.26914E+01    0.68193E+06   -0.56180E-03
   548    0.24863E+04    0.73208E+01   -0.14779E+01    0.68005E+06   -0.36454E-03
   549    0.24838E+04    0.74279E+01   -0.27557E+00    0.67819E+06   -0.17690E-03
   550    0.24810E+04    0.75401E+01    0.91510E+00    0.67633E+06    0.00000E+00
   551    0.24780E+04    0.76574E+01    0.20935E+01    0.67448E+06    0.16528E-03
   552    0.24748E+04    0.77797E+01    0.32585E+01    0.67263E+06    0.31901E-03
   553    0.24714E+04    0.79056E+01    0.44100E+01    0.67080E+06    0.46147E-03
   554    0.24678E+04    0.80381E+01    0.55470E+01    0.66897E+06    0.59299E-03
   555    0.24640E+04    0.81750E+01    0.66687E+01    0.66715E+06    0.71384E-03
   556    0.24599E+04    0.83169E+01    0.77751E+01    0.66534E+06    0.82434E-03
   557    0.24557E+04    0.84632E+01    0.88642E+01    0.66353E+06    0.92479E-03
   558    0.24513E+04    0.86154E+01    0.99367E+01    0.66173E+06    0.10155E-02
   559    0.24467E+04    0.87711E+01    0.10992E+02    0.65994E+06    0.10967E-02
   560    0.24419E+04    0.89313E+01    0.12028E+02    0.65816E+06    0.11688E-02
   561    0.24368E+04    0.90965E+01    0.13046E+02    0.65638E+06    0.12321E-02
   562    0.24317E+04    0.92669E+01    0.14043E+02    0.65461E+06    0.12867E-02
   563    0.24264E+04    0.94410E+01    0.15023E+02    0.65285E+06    0.13332E-02
   564    0.24209E+04    0.96208E+01    0.15979E+02    0.65110E+06    0.13717E-02
   565    0.24152E+04    0.98037E+01    0.16916E+02    0.64935E+06    0.14025E-02
   566    0.24094E+04    0.99916E+01    0.17830E+02    0.64761E+06    0.14260E-02
   567    0.24034E+04    0.10183E+02    0.18722E+02    0.64587E+06    0.14424E-02
   568    0.23973E+04    0.10380E+02    0.19591E+02    0.64415E+06    0.14521E-02
   569    0.23909E+04    0.10581E+02    0.20439E+02    0.64243E+06    0.14554E-02
   570    0.23844E+04    0.10786E+02    0.21260E+02    0.64072E+06    0.14525E-02
   571    0.23777E+04    0.10995E+02    0.22057E+02    0.63901E+06    0.14438E-02
   572    0.23709E+04    0.11208E+02    0.22830E+02    0.63731E+06    0.14295E-02
   573    0.23640E+04    0.11425E+02    0.23576E+02    0.63562E+06    0.14100E-02
   574    0.23570E+04    0.11646E+02    0.24298E+02    0.63394E+06    0.13855E-02
   575    0.23497E+04    0.11870E+02    0.24992E+02    0.63226E+06    0.13564E-02
   576    0.23425E+04    0.12098E+02    0.25661E+02    0.63059E+06    0.13230E-02
   577    0.23349E+04    0.12330E+02    0.26302E+02    0.62892E+06    0.12855E-02
   578    0.23274E+04    0.12566E+02    0.26916E+02    0.62727E+06    0.12443E-02
   579    0.23197E+04    0.12805E+02    0.27502E+02    0.62562E+06    0.11996E-02
   580    0.23119E+04    0.13048E+02    0.28059E+02    0.62397E+06    0.11518E-02
   581    0.23039E+04    0.13293E+02    0.28589E+02    0.62234E+06    0.11012E-02
   582    0.22958E+04    0.13542E+02    0.29089E+02    0.62071E+06    0.10480E-02
   583    0.22877E+04    0.13795E+02    0.29559E+02    0.61908E+06    0.99257E-03
   584    0.22795E+04    0.14050E+02    0.30001E+02    0.61746E+06    0.93523E-03
   585    0.22712E+04    0.14308E+02    0.30412E+02    0.61585E+06    0.87625E-03
   586    0.22628E+04    0.14569E+02    0.30793E+02    0.61425E+06    0.81594E-03
   587    0.22543E+04    0.14833E+02    0.31143E+02    0.61265E+06    0.75460E-03
   588    0.22457E+04    0.15099E+02    0.31462E+02    0.61106E+06    0.69253E-03
   589    0.22370E+04    0.15369E+02    0.31751E+02    0.60948E+06    0.63002E-03
   590    0.22282E+04    0.15640E+02    0.32008E+02    0.60790E+06    0.56738E-03
   591    0.22195E+04    0.15915E+02    0.32234E+02    0.60632E+06    0.50492E-03
   592    0.22106E+04    0.16191E+02    0.32428E+02    0.60476E+06    0.44292E-03
   593    0.22017E+04    0.16470E+02    0.32591E+02    0.60320E+06    0.38170E-03
   594    0.21926E+04    0.16751E+02    0.32721E+02    0.60165E+06    0.32155E-03
   595    0.21835E+04    0.17033E+02    0.32819E+02    0.60010E+06    0.26277E-03
   596    0.21745E+04    0.17318E+02    0.32885E+02    0.59856E+06    0.20567E-03
   597    0.21654E+04    0.17603E+02    0.32918E+02    0.59702E+06    0.15054E-03
   598    0.21564E+04    0.17891E+02    0.32919E+02    0.59549E+06    0.97681E-04
   599    0.21473E+04    0.18181E+02    0.32888E+02    0.59397E+06    0.47402E-04
   600    0.21381E+04    0.18472E+02    0.32824E+02    0.59246E+06    0.00000E+00
   601    0.21289E+04    0.18764E+02    0.32728E+02    0.59095E+06   -0.44288E-04
   602    0.21197E+04    0.19057E+02    0.32598E+02    0.58944E+06   -0.85480E-04
   603    0.21104E+04    0.19352E+02    0.32436E+02    0.58794E+06   -0.12366E-03
   604    0.21012E+04    0.19648E+02    0.32242E+02    0.58645E+06   -0.15889E-03
   605    0.20920E+04    0.19944E+02    0.32014E+02    0.58496E+06   -0.19128E-03
   606    0.20828E+04    0.20241E+02    0.31754E+02    0.58348E+06   -0.22089E-03
   607    0.20734E+04    0.20538E+02    0.31461E+02    0.58201E+06   -0.24781E-03
   608    0.20642E+04    0.20837E+02    0.31135E+02    0.58054E+06   -0.27211E-03
   609    0.20551E+04    0.21135E+02    0.30777E+02    0.57908E+06   -0.29388E-03
   610    0.20459E+04    0.21433E+02    0.30386E+02    0.57762E+06   -0.31320E-03
   611    0.20367E+04    0.21732E+02    0.29962E+02    0.57617E+06   -0.33014E-03
   612    0.20277E+04    0.22032E+02    0.29507E+02    0.57472E+06   -0.34480E-03
   613    0.20185E+04    0.22330E+02    0.29019E+02    0.57328E+06   -0.35724E-03
   614    0.20095E+04    0.22628E+02    0.28498E+02    0.57185E+06   -0.36756E-03
   615    0.20005E+04    0.22926E+02    0.27945E+02    0.57042E+06   -0.37582E-03
   616    0.19915E+04    0.23224E+02    0.27362E+02    0.56900E+06   -0.38212E-03
   617    0.19827E+04    0.23522E+02    0.26746E+02    0.56758E+06   -0.38653E-03
   618    0.19739E+04    0.23819E+02    0.26098E+02    0.56617E+06   -0.38913E-03
   619    0.19651E+04    0.24116E+02    0.25421E+02    0.56476E+06   -0.39000E-03
   620    0.19565E+04    0.24410E+02    0.24712E+02    0.56336E+06   -0.38923E-03
   621    0.19478E+04    0.24705E+02    0.23973E+02    0.56197E+06   -0.38689E-03
   622    0.19392E+04    0.24998E+02    0.23202E+02    0.56058E+06   -0.38306E-03
   623    0.19308E+04    0.25290E+02    0.22403E+02    0.55919E+06   -0.37783E-03
   624    0.19224E+04    0.25579E+02    0.21573E+02    0.55781E+06   -0.37128E-03
   625    0.19140E+04    0.25868E+02    0.20713E+02    0.55644E+06   -0.36348E-03
   626    0.19058E+04    0.26155E+02    0.19824E+02    0.55507E+06   -0.35452E-03
   627    0.18978E+04    0.26441E+02    0.18906E+02    0.55371E+06   -0.34448E-03
   628    0.18898E+04    0.26724E+02    0.17960E+02    0.55235E+06   -0.33343E-03
   629    0.18819E+04    0.27005E+02    0.16985E+02    0.55100E+06   -0.32146E-03
   630    0.18740E+04    0.27284E+02    0.15981E+02    0.54966E+06   -0.30866E-03
   631    0.18663E+04    0.27561E+02    0.14951E+02    0.54831E+06   -0.29509E-03
   632    0.18588E+04    0.27836E+02    0.13893E+02    0.54698E+06   -0.28084E-03
   633    0.18513E+04    0.28109E+02    0.12809E+02    0.54565E+06   -0.26600E-03
   634    0.18440E+04    0.28378E+02    0.11698E+02    0.54432E+06   -0.25063E-03
   635    0.18368E+04    0.28645E+02    0.10562E+02    0.54300E+06   -0.23483E-03
   636    0.18296E+04    0.28911E+02    0.94012E+01    0.54169E+06   -0.21867E-03
   637    0.18227E+04    0.29171E+02    0.82143E+01    0.54038E+06   -0.20223E-03
   638    0.18159E+04    0.29430E+02    0.70037E+01    0.53907E+06   -0.18559E-03
   639    0.18092E+04    0.29686E+02    0.57686E+01    0.53777E+06   -0.16884E-03
   640    0.18027E+04    0.29939E+02    0.45104E+01    0.53648E+06   -0.15206E-03
   641    0.17963E+04    0.30188E+02    0.32291E+01    0.53519E+06   -0.13532E-03
   642    0.17899E+04    0.30433E+02    0.19255E+01    0.53390E+06   -0.11871E-03
   643    0.17838E+04    0.30677E+02    0.59994E+00    0.53262E+06   -0.10230E-03
   644    0.17779E+04    0.30914E+02   -0.74687E+00    0.53135E+06   -0.86179E-04
   645    0.17721E+04    0.31149E+02   -0.21147E+01    0.53008E+06   -0.70427E-04
   646    0.17664E+04    0.31381E+02   -0.35028E+01    0.52882E+06   -0.55123E-04
   647    0.17610E+04    0.31608E+02   -0.49112E+01    0.52756E+06   -0.40347E-04
   648    0.17556E+04    0.31832E+02   -0.63379E+01    0.52630E+06   -0.26181E-04
   649    0.17505E+04    0.32051E+02   -0.77838E+01    0.52505E+06   -0.12705E-04
   650    0.17455E+04    0.32265E+02   -0.92472E+01    0.52380E+06    0.00000E+00
   651    0.17407E+04    0.32477E+02   -0.10728E+02    0.52256E+06    0.11871E-04
   652    0.17360E+04    0.32684E+02   -0.12226E+02    0.52133E+06    0.22913E-04
   653    0.17316E+04    0.32886E+02   -0.13740E+02    0.52010E+06    0.33147E-04
   654    0.17273E+04    0.33083E+02   -0.15268E+02    0.51887E+06    0.42595E-04
   655    0.17231E+04    0.33277E+02   -0.16812E+02    0.51765E+06    0.51277E-04
   656    0.17192E+04    0.33466E+02   -0.18370E+02    0.51643E+06    0.59217E-04
   657    0.17154E+04    0.33650E+02   -0.19941E+02    0.51522E+06    0.66435E-04
   658    0.17118E+04    0.33829E+02   -0.21525E+02    0.51401E+06    0.72952E-04
   659    0.17084E+04    0.34004E+02   -0.23121E+02    0.51281E+06    0.78791E-04
   660    0.17052E+04    0.34173E+02   -0.24728E+02    0.51161E+06    0.83973E-04
   661    0.17022E+04    0.34337E+02   -0.26345E+02    0.51041E+06    0.88519E-04
   662    0.16994E+04    0.34497E+02   -0.27973E+02    0.50922E+06    0.92452E-04
   663    0.16967E+04    0.34651E+02   -0.29611E+02    0.50804E+06    0.95792E-04
   664    0.16942E+04    0.34800E+02   -0.31256E+02    0.50686E+06    0.98562E-04
   665    0.16919E+04    0.34943E+02   -0.32910E+02    0.50568E+06    0.10078E-03
   666    0.16898E+04    0.35082E+02   -0.34571E+02    0.50451E+06    0.10247E-03
   667    0.16879E+04    0.35215E+02   -0.36239E+02    0.50334E+06    0.10366E-03
   668    0.16861E+04    0.35342E+02   -0.37912E+02    0.50218E+06    0.10436E-03
   669    0.16847E+04    0.35465E+02   -0.39591E+02    0.50102E+06    0.10460E-03
   670    0.16833E+04    0.35581E+02   -0.41273E+02    0.49987E+06    0.10440E-03
   671    0.16822E+04    0.35693E+02   -0.42960E+02    0.49872E+06    0.10378E-03
   672    0.16812E+04    0.35798E+02   -0.44650E+02    0.49757E+06    0.10276E-03
   673    0.16805E+04    0.35899E+02   -0.46341E+02    0.49643E+06    0.10136E-03
   674    0.16799E+04    0.35993E+02   -0.48034E+02    0.49529E+06    0.99606E-04
   675    0.16796E+04    0.36082E+02   -0.49728E+02    0.49416E+06    0.97519E-04
   676    0.16794E+04    0.36165E+02   -0.51421E+02    0.49303E+06    0.95121E-04
   677    0.16794E+04    0.36242E+02   -0.53114E+02    0.49190E+06    0.92432E-04
   678    0.16796E+04    0.36313E+02   -0.54806E+02    0.49078E+06    0.89474E-04
   679    0.16800E+04    0.36379E+02   -0.56496E+02    0.48966E+06    0.86269E-04
   680    0.16807E+04    0.36439E+02   -0.58183E+02    0.48855E+06    0.82838E-04
   681    0.16815E+04    0.36493E+02   -0.59865E+02    0.48744E+06    0.79203E-04
   682    0.16824E+04    0.36540E+02   -0.61545E+02    0.48634E+06    0.75385E-04
   683    0.16837E+04    0.36583E+02   -0.63220E+02    0.48523E+06    0.71406E-04
   684    0.16850E+04    0.36618E+02   -0.64890E+02    0.48414E+06    0.67287E-04
   685    0.16865E+04    0.36648E+02   -0.66553E+02    0.48304E+06    0.63051E-04
   686    0.16882E+04    0.36672E+02   -0.68202E+02    0.48196E+06    0.58718E-04
   687    0.16902E+04    0.36691E+02   -0.69847E+02    0.48087E+06    0.54310E-04
   688    0.16923E+04    0.36702E+02   -0.71486E+02    0.47979E+06    0.49848E-04
   689    0.16946E+04    0.36708E+02   -0.73112E+02    0.47871E+06    0.45355E-04
   690    0.16970E+04    0.36708E+02   -0.74731E+02    0.47764E+06    0.40852E-04
   691    0.16997E+04    0.36701E+02   -0.76338E+02    0.47657E+06    0.36360E-04
   692    0.17025E+04    0.36690E+02   -0.77931E+02    0.47550E+06    0.31901E-04
   693    0.17055E+04    0.36672E+02   -0.79518E+02    0.47444E+06    0.27496E-04
   694    0.17086E+04    0.36647E+02   -0.81085E+02    0.47338E+06    0.23167E-04
   695    0.17120E+04    0.36619E+02   -0.82639E+02    0.47232E+06    0.18936E-04
   696    0.17156E+04    0.36583E+02   -0.84194E+02    0.47127E+06    0.14825E-04
   697    0.17193E+04    0.36541E+02   -0.85721E+02    0.47022E+06    0.10854E-04
   698    0.17231E+04    0.36493E+02   -0.87235E+02    0.46918E+06    0.70446E-05
   699    0.17271E+04    0.36440E+02   -0.88729E+02    0.46814E+06    0.34196E-05
   700    0.17313E+04    0.36381E+02   -0.90210E+02    0.46710E+06    0.00000E+00
   701    0.17357E+04    0.36316E+02   -0.91677E+02    0.46607E+06   -0.31972E-05
   702    0.17402E+04    0.36245E+02   -0.93117E+02    0.46504E+06   -0.61731E-05
   703    0.17449E+04    0.36169E+02   -0.94558E+02    0.46401E+06   -0.89335E-05
   704    0.17497E+04    0.36087E+02   -0.95964E+02    0.46299E+06   -0.11484E-04
   705    0.17546E+04    0.35999E+02   -0.97350E+02    0.46197E+06   -0.13830E-04
   706    0.17598E+04    0.35906E+02   -0.98722E+02    0.46095E+06   -0.15978E-04
   707    0.17650E+04    0.35806E+02   -0.10007E+03    0.45994E+06   -0.17932E-04
   708    0.17705E+04    0.35702E+02   -0.10139E+03    0.45893E+06   -0.19700E-04
   709    0.17760E+04    0.35592E+02   -0.10270E+03    0.45792E+06   -0.21285E-04
   710    0.17817E+04    0.35477E+02   -0.10398E+03    0.45692E+06   -0.22695E-04
   711    0.17875E+04    0.35356E+02   -0.10524E+03    0.45592E+06   -0.23935E-04
   712    0.17935E+04    0.35230E+02   -0.10648E+03    0.45493E+06   -0.25010E-04
   713    0.17996E+04    0.35098E+02   -0.10769E+03    0.45393E+06   -0.25927E-04
   714    0.18058E+04    0.34962E+02   -0.10887E+03    0.45295E+06   -0.26690E-04
   715    0.18121E+04    0.34820E+02   -0.11004E+03    0.45196E+06   -0.27305E-04
   716    0.18186E+04    0.34673E+02   -0.11118E+03    0.45098E+06   -0.27779E-04
   717    0.18252E+04    0.34522E+02   -0.11228E+03    0.45000E+06   -0.28117E-04
   718    0.18318E+04    0.34366E+02   -0.11337E+03    0.44903E+06   -0.28324E-04
   719    0.18386E+04    0.34202E+02   -0.11441E+03    0.44806E+06   -0.28406E-04
   720    0.18455E+04    0.34036E+02   -0.11544E+03    0.44709E+06   -0.28369E-04
   721    0.18526E+04    0.33865E+02   -0.11643E+03    0.44613E+06   -0.28219E-04
   722    0.18596E+04    0.33689E+02   -0.11739E+03    0.44517E+06   -0.27961E-04
   723    0.18668E+04    0.33509E+02   -0.11833E+03    0.44421E+06   -0.27600E-04
   724    0.18741E+04    0.33323E+02   -0.11925E+03    0.44326E+06   -0.27144E-04
   725    0.18815E+04    0.33134E+02   -0.12012E+03    0.44231E+06   -0.26596E-04
   726    0.18890E+04    0.32942E+02   -0.12097E+03    0.44136E+06   -0.25964E-04
   727    0.18965E+04    0.32745E+02   -0.12179E+03    0.44042E+06   -0.25251E-04
   728    0.19042E+04    0.32542E+02   -0.12257E+03    0.43948E+06   -0.24466E-04
   729    0.19118E+04    0.32335E+02   -0.12333E+03    0.43854E+06   -0.23612E-04
   730    0.19196E+04    0.32126E+02   -0.12405E+03    0.43761E+06   -0.22695E-04
   731    0.19275E+04    0.31911E+02   -0.12473E+03    0.43668E+06   -0.21722E-04
   732    0.19354E+04    0.31694E+02   -0.12538E+03    0.43576E+06   -0.20698E-04
   733    0.19434E+04    0.31472E+02   -0.12601E+03    0.43483E+06   -0.19629E-04
   734    0.19514E+04    0.31247E+02   -0.12659E+03    0.43392E+06   -0.18519E-04
   735    0.19595E+04    0.31018E+02   -0.12716E+03    0.43300E+06   -0.17376E-04
   736    0.19676E+04    0.30785E+02   -0.12767E+03    0.43209E+06   -0.16205E-04
   737    0.19758E+04    0.30551E+02   -0.12817E+03    0.43118E+06   -0.15010E-04
   738    0.19840E+04    0.30313E+02   -0.12861E+03    0.43028E+06   -0.13799E-04
   739    0.19922E+04    0.30071E+02   -0.12903E+03    0.42937E+06   -0.12576E-04
   740    0.20004E+04    0.29826E+02   -0.12941E+03    0.42848E+06   -0.11348E-04
   741    0.20088E+04    0.29578E+02   -0.12976E+03    0.42758E+06   -0.10119E-04
   742    0.20171E+04    0.29329E+02   -0.13007E+03    0.42669E+06   -0.88966E-05
   743    0.20255E+04    0.29078E+02   -0.13035E+03    0.42581E+06   -0.76852E-05
   744    0.20339E+04    0.28823E+02   -0.13059E+03    0.42492E+06   -0.64909E-05
   745    0.20423E+04    0.28566E+02   -0.13081E+03    0.42404E+06   -0.53192E-05
   746    0.20506E+04    0.28307E+02   -0.13096E+03    0.42316E+06   -0.41760E-05
   747    0.20589E+04    0.28045E+02   -0.13110E+03    0.42229E+06   -0.30667E-05
   748    0.20673E+04    0.27782E+02   -0.13120E+03    0.42142E+06   -0.19972E-05
   749    0.20757E+04    0.27515E+02   -0.13127E+03    0.42055E+06   -0.97306E-06
   750    0.20841E+04    0.27248E+02   -0.13130E+03    0.41969E+06    0.00000E+00
   751    0.20925E+04    0.26978E+02   -0.13130E+03    0.41883E+06    0.91746E-06
   752    0.21009E+04    0.26708E+02   -0.13125E+03    0.41797E+06    0.17793E-05
   753    0.21092E+04    0.26435E+02   -0.13117E+03    0.41712E+06    0.25867E-05
   754    0.21175E+04    0.26162E+02   -0.13105E+03    0.41627E+06    0.33408E-05
   755    0.21258E+04    0.25888E+02   -0.13090E+03    0.41543E+06    0.40426E-05
   756    0.21340E+04    0.25612E+02   -0.13072E+03    0.41458E+06    0.46934E-05
   757    0.21423E+04    0.25336E+02   -0.13049E+03    0.41374E+06    0.52943E-05
   758    0.21503E+04    0.25058E+02   -0.13022E+03    0.41290E+06    0.58463E-05
   759    0.21585E+04    0.24780E+02   -0.12993E+03    0.41207E+06    0.63507E-05
   760    0.21666E+04    0.24501E+02   -0.12960E+03    0.41124E+06    0.68086E-05
   761    0.21745E+04    0.24223E+02   -0.12923E+03    0.41041E+06    0.72211E-05
   762    0.21826E+04    0.23944E+02   -0.12883E+03    0.40958E+06    0.75893E-05
   763    0.21904E+04    0.23665E+02   -0.12839E+03    0.40876E+06    0.79145E-05
   764    0.21983E+04    0.23386E+02   -0.12793E+03    0.40794E+06    0.81976E-05
   765    0.22060E+04    0.23107E+02   -0.12742E+03    0.40712E+06    0.84398E-05
   766    0.22137E+04    0.22828E+02   -0.12688E+03    0.40630E+06    0.86424E-05
   767    0.22213E+04    0.22551E+02   -0.12630E+03    0.40549E+06    0.88064E-05
   768    0.22289E+04    0.22273E+02   -0.12568E+03    0.40468E+06    0.89329E-05
   769    0.22363E+04    0.21996E+02   -0.12504E+03    0.40387E+06    0.90231E-05
   770    0.22436E+04    0.21720E+02   -0.12437E+03    0.40306E+06    0.90782E-05
   771    0.22509E+04    0.21445E+02   -0.12366E+03    0.40226E+06    0.90991E-05
   772    0.22580E+04    0.21171E+02   -0.12290E+03    0.40145E+06    0.90872E-05
   773    0.22650E+04    0.20899E+02   -0.12212E+03    0.40065E+06    0.90435E-05
   774    0.22719E+04    0.20628E+02   -0.12131E+03    0.39985E+06    0.89692E-05
   775    0.22788E+04    0.20359E+02   -0.12047E+03    0.39905E+06    0.88654E-05
   776    0.22854E+04    0.20091E+02   -0.11960E+03    0.39826E+06    0.87332E-05
   777    0.22920E+04    0.19825E+02   -0.11869E+03    0.39746E+06    0.85738E-05
   778    0.22986E+04    0.19562E+02   -0.11774E+03    0.39667E+06    0.83882E-05
   779    0.23049E+04    0.19300E+02   -0.11678E+03    0.39588E+06    0.81777E-05
   780    0.23111E+04    0.19039E+02   -0.11577E+03    0.39509E+06    0.79434E-05
   781    0.23172E+04    0.18782E+02   -0.11475E+03    0.39430E+06    0.76864E-05
   782    0.23231E+04    0.18527E+02   -0.11370E+03    0.39352E+06    0.74078E-05
   783    0.23290E+04    0.18275E+02   -0.11261E+03    0.39273E+06    0.71088E-05
   784    0.23347E+04    0.18025E+02   -0.11149E+03    0.39195E+06    0.67905E-05
   785    0.23401E+04    0.17778E+02   -0.11034E+03    0.39116E+06    0.64540E-05
   786    0.23455E+04    0.17533E+02   -0.10915E+03    0.39038E+06    0.61005E-05
   787    0.23507E+04    0.17293E+02   -0.10794E+03    0.38960E+06    0.57312E-05
   788    0.23558E+04    0.17054E+02   -0.10671E+03    0.38882E+06    0.53470E-05
   789    0.23607E+04    0.16818E+02   -0.10546E+03    0.38804E+06    0.49493E-05
   790    0.23655E+04    0.16587E+02   -0.10417E+03    0.38726E+06    0.45391E-05
   791    0.23701E+04    0.16359E+02   -0.10285E+03    0.38648E+06    0.41175E-05
   792    0.23745E+04    0.16135E+02   -0.10152E+03    0.38570E+06    0.36857E-05
   793    0.23788E+04    0.15916E+02   -0.10015E+03    0.38493E+06    0.32449E-05
   794    0.23828E+04    0.15700E+02   -0.98762E+02    0.38415E+06    0.27961E-05
   795    0.23867E+04    0.15487E+02   -0.97347E+02    0.38337E+06    0.23405E-05
   796    0.23905E+04    0.15279E+02   -0.95918E+02    0.38260E+06    0.18792E-05
   797    0.23940E+04    0.15075E+02   -0.94459E+02    0.38182E+06    0.14134E-05
   798    0.23974E+04    0.14875E+02   -0.92985E+02    0.38105E+06    0.94413E-06
   799    0.24006E+04    0.14680E+02   -0.91489E+02    0.38027E+06    0.47263E-06
   800    0.24037E+04    0.14489E+02   -0.89971E+02    0.37950E+06    0.00000E+00
