#    L    TT             EE             BB             TE             PP             TP             EP          
     2    0.11355E+04    0.54909E-01    0.00000E+00    0.34563E+01    0.48835E-07    0.34187E-02   -0.16378E-04
     3    0.10552E+04    0.88312E-01    0.00000E+00    0.42959E+01    0.59290E-07    0.34035E-02   -0.19877E-04
     4    0.98127E+03    0.97755E-01    0.00000E+00    0.43864E+01    0.68259E-07    0.33187E-02   -0.19822E-04
     5    0.92440E+03    0.85338E-01    0.00000E+00    0.40402E+01    0.76025E-07    0.32048E-02   -0.17261E-04
     6    0.88310E+03    0.62030E-01    0.00000E+00    0.34958E+01    0.82779E-07    0.30816E-02   -0.13145E-04
     7    0.85438E+03    0.38881E-01    0.00000E+00    0.29011E+01    0.88705E-07    0.29589E-02   -0.83836E-05
     8    0.83491E+03    0.22214E-01    0.00000E+00    0.23441E+01    0.93935E-07    0.28373E-02   -0.38002E-05
     9    0.82251E+03    0.13102E-01    0.00000E+00    0.18691E+01    0.98578E-07    0.27172E-02   -0.33006E-07
    10    0.81561E+03    0.94192E-02    0.00000E+00    0.15000E+01    0.10270E-06    0.26008E-02    0.25822E-05
    11    0.81263E+03    0.82925E-02    0.00000E+00    0.12445E+01    0.10640E-06    0.24934E-02    0.40064E-05
    12    0.81364E+03    0.77398E-02    0.00000E+00    0.11002E+01    0.10969E-06    0.23965E-02    0.43409E-05
    13    0.81682E+03    0.69109E-02    0.00000E+00    0.10427E+01    0.11262E-06    0.23087E-02    0.37567E-05
    14    0.82124E+03    0.60052E-02    0.00000E+00    0.10431E+01    0.11524E-06    0.22279E-02    0.24793E-05
    15    0.82714E+03    0.53139E-02    0.00000E+00    0.10823E+01    0.11759E-06    0.21513E-02    0.92981E-06
    16    0.83491E+03    0.50431E-02    0.00000E+00    0.11446E+01    0.11968E-06    0.20767E-02   -0.48183E-06
    17    0.84446E+03    0.51885E-02    0.00000E+00    0.12150E+01    0.12155E-06    0.20054E-02   -0.15547E-05
    18    0.85484E+03    0.55083E-02    0.00000E+00    0.12820E+01    0.12322E-06    0.19389E-02   -0.21851E-05
    19    0.86687E+03    0.58697E-02    0.00000E+00    0.13400E+01    0.12470E-06    0.18764E-02   -0.24478E-05
    20    0.87888E+03    0.62504E-02    0.00000E+00    0.13842E+01    0.12600E-06    0.18168E-02   -0.24363E-05
    21    0.89121E+03    0.66952E-02    0.00000E+00    0.14206E+01    0.12714E-06    0.17596E-02   -0.21480E-05
    22    0.90412E+03    0.73361E-02    0.00000E+00    0.14556E+01    0.12815E-06    0.17045E-02   -0.15960E-05
    23    0.91742E+03    0.82279E-02    0.00000E+00    0.14907E+01    0.12902E-06    0.16518E-02   -0.95063E-06
    24    0.93117E+03    0.93662E-02    0.00000E+00    0.15267E+01    0.12978E-06    0.16019E-02   -0.40309E-06
    25    0.94531E+03    0.10760E-01    0.00000E+00    0.15655E+01    0.13043E-06    0.15547E-02   -0.76200E-07
    26    0.95965E+03    0.12379E-01    0.00000E+00    0.16095E+01    0.13097E-06    0.15101E-02   -0.31369E-07
    27    0.97442E+03    0.14178E-01    0.00000E+00    0.16559E+01    0.13142E-06    0.14675E-02   -0.15414E-06
    28    0.98948E+03    0.16144E-01    0.00000E+00    0.17018E+01    0.13179E-06    0.14267E-02   -0.31245E-06
    29    0.10049E+04    0.18287E-01    0.00000E+00    0.17454E+01    0.13208E-06    0.13878E-02   -0.47542E-06
    30    0.10205E+04    0.20624E-01    0.00000E+00    0.17834E+01    0.13228E-06    0.13511E-02   -0.64274E-06
    31    0.10363E+04    0.23139E-01    0.00000E+00    0.18136E+01    0.13241E-06    0.13162E-02   -0.83557E-06
    32    0.10524E+04    0.25806E-01    0.00000E+00    0.18336E+01    0.13248E-06    0.12825E-02   -0.10590E-05
    33    0.10690E+04    0.28637E-01    0.00000E+00    0.18409E+01    0.13249E-06    0.12498E-02   -0.12332E-05
    34    0.10857E+04    0.31661E-01    0.00000E+00    0.18345E+01    0.13245E-06    0.12179E-02   -0.12729E-05
    35    0.11025E+04    0.34900E-01    0.00000E+00    0.18188E+01    0.13236E-06    0.11867E-02   -0.11539E-05
    36    0.11195E+04    0.38374E-01    0.00000E+00    0.17967E+01    0.13222E-06    0.11566E-02   -0.89356E-06
    37    0.11366E+04    0.42076E-01    0.00000E+00    0.17642E+01    0.13203E-06    0.11279E-02   -0.61300E-06
    38    0.11541E+04    0.46002E-01    0.00000E+00    0.17192E+01    0.13181E-06    0.11011E-02   -0.42629E-06
    39    0.11720E+04    0.50165E-01    0.00000E+00    0.16637E+01    0.13155E-06    0.10758E-02   -0.31737E-06
    40    0.11900E+04    0.54584E-01    0.00000E+00    0.16006E+01    0.13125E-06    0.10514E-02   -0.23788E-06
    41    0.12082E+04    0.59281E-01    0.00000E+00    0.15319E+01    0.13092E-06    0.10276E-02   -0.15025E-06
    42    0.12264E+04    0.64257E-01    0.00000E+00    0.14555E+01    0.13056E-06    0.10043E-02   -0.59472E-07
    43    0.12448E+04    0.69507E-01    0.00000E+00    0.13687E+01    0.13016E-06    0.98157E-03    0.18872E-07
    44    0.12632E+04    0.75014E-01    0.00000E+00    0.12696E+01    0.12974E-06    0.95956E-03    0.69261E-07
    45    0.12819E+04    0.80769E-01    0.00000E+00    0.11562E+01    0.12930E-06    0.93831E-03    0.76211E-07
    46    0.13009E+04    0.86768E-01    0.00000E+00    0.10255E+01    0.12883E-06    0.91790E-03    0.29992E-07
    47    0.13201E+04    0.93013E-01    0.00000E+00    0.87926E+00    0.12834E-06    0.89821E-03   -0.56278E-07
    48    0.13393E+04    0.99517E-01    0.00000E+00    0.72313E+00    0.12784E-06    0.87909E-03   -0.16381E-06
    49    0.13587E+04    0.10627E+00    0.00000E+00    0.56218E+00    0.12731E-06    0.86042E-03   -0.27389E-06
    50    0.13785E+04    0.11325E+00    0.00000E+00    0.39469E+00    0.12677E-06    0.84204E-03   -0.36782E-06
    51    0.13985E+04    0.12043E+00    0.00000E+00    0.21710E+00    0.12621E-06    0.82387E-03   -0.43092E-06
    52    0.14188E+04    0.12790E+00    0.00000E+00    0.24209E-01    0.12564E-06    0.80602E-03   -0.46434E-06
    53    0.14392E+04    0.13580E+00    0.00000E+00   -0.18778E+00    0.12506E-06    0.78864E-03   -0.47316E-06
    54    0.14595E+04    0.14412E+00    0.00000E+00   -0.41468E+00    0.12446E-06    0.77190E-03   -0.46246E-06
    55    0.14800E+04    0.15283E+00    0.00000E+00   -0.65221E+00    0.12386E-06    0.75596E-03   -0.43729E-06
    56    0.15008E+04    0.16178E+00    0.00000E+00   -0.90214E+00    0.12324E-06    0.74092E-03   -0.40224E-06
    57    0.15219E+04    0.17087E+00    0.00000E+00   -0.11643E+01    0.12262E-06    0.72668E-03   -0.35996E-06
    58    0.15432E+04    0.18011E+00    0.00000E+00   -0.14393E+01    0.12198E-06    0.71308E-03   -0.31266E-06
    59    0.15648E+04    0.18954E+00    0.00000E+00   -0.17277E+01    0.12134E-06    0.69997E-03   -0.26251E-06
    60    0.15865E+04    0.19922E+00    0.00000E+00   -0.20287E+01    0.12069E-06    0.68719E-03   -0.21170E-06
    61    0.16086E+04    0.20924E+00    0.00000E+00   -0.23413E+01    0.12003E-06    0.67461E-03   -0.16232E-06
    62    0.16307E+04    0.21958E+00    0.00000E+00   -0.26665E+01    0.11937E-06    0.66217E-03   -0.11610E-06
    63    0.16528E+04    0.23022E+00    0.00000E+00   -0.30054E+01    0.11870E-06    0.64986E-03   -0.74665E-07
    64    0.16754E+04    0.24115E+00    0.00000E+00   -0.33593E+01    0.11803E-06    0.63765E-03   -0.39654E-07
    65    0.16980E+04    0.25235E+00    0.00000E+00   -0.37288E+01    0.11735E-06    0.62551E-03   -0.12695E-07
    66    0.17209E+04    0.26374E+00    0.00000E+00   -0.41123E+01    0.11667E-06    0.61345E-03    0.45883E-08
    67    0.17440E+04    0.27534E+00    0.00000E+00   -0.45068E+01    0.11599E-06    0.60154E-03    0.10610E-07
    68    0.17675E+04    0.28718E+00    0.00000E+00   -0.49106E+01    0.11531E-06    0.58989E-03    0.37926E-08
    69    0.17912E+04    0.29922E+00    0.00000E+00   -0.53217E+01    0.11463E-06    0.57860E-03   -0.17442E-07
    70    0.18151E+04    0.31150E+00    0.00000E+00   -0.57418E+01    0.11394E-06    0.56776E-03   -0.54668E-07
    71    0.18393E+04    0.32401E+00    0.00000E+00   -0.61731E+01    0.11326E-06    0.55745E-03   -0.10729E-06
    72    0.18636E+04    0.33674E+00    0.00000E+00   -0.66171E+01    0.11257E-06    0.54764E-03   -0.16602E-06
    73    0.18880E+04    0.34963E+00    0.00000E+00   -0.70745E+01    0.11188E-06    0.53827E-03   -0.21942E-06
    74    0.19127E+04    0.36269E+00    0.00000E+00   -0.75444E+01    0.11120E-06    0.52926E-03   -0.25607E-06
    75    0.19376E+04    0.37591E+00    0.00000E+00   -0.80255E+01    0.11051E-06    0.52055E-03   -0.26454E-06
    76    0.19629E+04    0.38931E+00    0.00000E+00   -0.85172E+01    0.10983E-06    0.51209E-03   -0.23742E-06
    77    0.19884E+04    0.40287E+00    0.00000E+00   -0.90194E+01    0.10914E-06    0.50378E-03   -0.18330E-06
    78    0.20144E+04    0.41662E+00    0.00000E+00   -0.95334E+01    0.10845E-06    0.49554E-03   -0.11475E-06
    79    0.20405E+04    0.43051E+00    0.00000E+00   -0.10055E+02    0.10777E-06    0.48729E-03   -0.44327E-07
    80    0.20669E+04    0.44453E+00    0.00000E+00   -0.10587E+02    0.10708E-06    0.47892E-03    0.15428E-07
    81    0.20934E+04    0.45865E+00    0.00000E+00   -0.11128E+02    0.10640E-06    0.47042E-03    0.54422E-07
    82    0.21202E+04    0.47287E+00    0.00000E+00   -0.11678E+02    0.10572E-06    0.46197E-03    0.72334E-07
    83    0.21472E+04    0.48718E+00    0.00000E+00   -0.12237E+02    0.10504E-06    0.45379E-03    0.71281E-07
    84    0.21745E+04    0.50156E+00    0.00000E+00   -0.12802E+02    0.10437E-06    0.44611E-03    0.53379E-07
    85    0.22018E+04    0.51601E+00    0.00000E+00   -0.13375E+02    0.10369E-06    0.43918E-03    0.20742E-07
    86    0.22294E+04    0.53052E+00    0.00000E+00   -0.13954E+02    0.10302E-06    0.43306E-03   -0.24102E-07
    87    0.22574E+04    0.54508E+00    0.00000E+00   -0.14539E+02    0.10235E-06    0.42720E-03   -0.76959E-07
    88    0.22854E+04    0.55968E+00    0.00000E+00   -0.15129E+02    0.10169E-06    0.42088E-03   -0.13322E-06
    89    0.23137E+04    0.57433E+00    0.00000E+00   -0.15727E+02    0.10103E-06    0.41338E-03   -0.18829E-06
    90    0.23422E+04    0.58897E+00    0.00000E+00   -0.16330E+02    0.10037E-06    0.40398E-03   -0.23755E-06
    91    0.23709E+04    0.60361E+00    0.00000E+00   -0.16937E+02    0.99714E-07    0.39214E-03   -0.27731E-06
    92    0.23998E+04    0.61824E+00    0.00000E+00   -0.17550E+02    0.99065E-07    0.37793E-03   -0.30738E-06
    93    0.24291E+04    0.63283E+00    0.00000E+00   -0.18167E+02    0.98420E-07    0.36161E-03   -0.32848E-06
    94    0.24584E+04    0.64736E+00    0.00000E+00   -0.18787E+02    0.97779E-07    0.34342E-03   -0.34131E-06
    95    0.24879E+04    0.66183E+00    0.00000E+00   -0.19412E+02    0.97142E-07    0.32362E-03   -0.34659E-06
    96    0.25175E+04    0.67623E+00    0.00000E+00   -0.20039E+02    0.96509E-07    0.30244E-03   -0.34502E-06
    97    0.25475E+04    0.69053E+00    0.00000E+00   -0.20670E+02    0.95879E-07    0.28014E-03   -0.33732E-06
    98    0.25777E+04    0.70474E+00    0.00000E+00   -0.21300E+02    0.95254E-07    0.25696E-03   -0.32419E-06
    99    0.26080E+04    0.71881E+00    0.00000E+00   -0.21934E+02    0.94633E-07    0.23314E-03   -0.30633E-06
   100    0.26385E+04    0.73275E+00    0.00000E+00   -0.22567E+02    0.94016E-07    0.20895E-03   -0.28446E-06
   101    0.26692E+04    0.74662E+00    0.00000E+00   -0.23202E+02    0.93403E-07    0.18462E-03   -0.25928E-06
   102    0.27005E+04    0.76027E+00    0.00000E+00   -0.23837E+02    0.92794E-07    0.16039E-03   -0.23150E-06
   103    0.27316E+04    0.77377E+00    0.00000E+00   -0.24473E+02    0.92189E-07    0.13652E-03   -0.20181E-06
   104    0.27630E+04    0.78713E+00    0.00000E+00   -0.25106E+02    0.91588E-07    0.11325E-03   -0.17094E-06
   105    0.27945E+04    0.80027E+00    0.00000E+00   -0.25738E+02    0.90991E-07    0.90825E-04   -0.13957E-06
   106    0.28262E+04    0.81327E+00    0.00000E+00   -0.26369E+02    0.90398E-07    0.69494E-04   -0.10841E-06
   107    0.28578E+04    0.82597E+00    0.00000E+00   -0.26997E+02    0.89808E-07    0.49500E-04   -0.78176E-07
   108    0.28898E+04    0.83846E+00    0.00000E+00   -0.27622E+02    0.89223E-07    0.31089E-04   -0.49560E-07
   109    0.29220E+04    0.85066E+00    0.00000E+00   -0.28244E+02    0.88642E-07    0.14507E-04   -0.23267E-07
   110    0.29542E+04    0.86258E+00    0.00000E+00   -0.28860E+02    0.88064E-07    0.00000E+00    0.00000E+00
   111    0.29866E+04    0.87427E+00    0.00000E+00   -0.29474E+02    0.87490E-07   -0.12253E-04    0.19695E-07
   112    0.30191E+04    0.88569E+00    0.00000E+00   -0.30082E+02    0.86921E-07   -0.22335E-04    0.35899E-07
   113    0.30518E+04    0.89681E+00    0.00000E+00   -0.30685E+02    0.86355E-07   -0.30391E-04    0.48849E-07
   114    0.30847E+04    0.90757E+00    0.00000E+00   -0.31281E+02    0.85793E-07   -0.36570E-04    0.58781E-07
   115    0.31177E+04    0.91812E+00    0.00000E+00   -0.31871E+02    0.85235E-07   -0.41020E-04    0.65932E-07
   116    0.31507E+04    0.92824E+00    0.00000E+00   -0.32453E+02    0.84682E-07   -0.43886E-04    0.70539E-07
   117    0.31840E+04    0.93799E+00    0.00000E+00   -0.33027E+02    0.84132E-07   -0.45316E-04    0.72838E-07
   118    0.32175E+04    0.94754E+00    0.00000E+00   -0.33593E+02    0.83586E-07   -0.45457E-04    0.73064E-07
   119    0.32510E+04    0.95672E+00    0.00000E+00   -0.34150E+02    0.83044E-07   -0.44456E-04    0.71455E-07
   120    0.32846E+04    0.96540E+00    0.00000E+00   -0.34697E+02    0.82507E-07   -0.42459E-04    0.68246E-07
   121    0.33181E+04    0.97386E+00    0.00000E+00   -0.35234E+02    0.81973E-07   -0.39614E-04    0.63673E-07
   122    0.33518E+04    0.98182E+00    0.00000E+00   -0.35761E+02    0.81444E-07   -0.36067E-04    0.57972E-07
   123    0.33855E+04    0.98935E+00    0.00000E+00   -0.36278E+02    0.80918E-07   -0.31965E-04    0.51378E-07
   124    0.34193E+04    0.99651E+00    0.00000E+00   -0.36781E+02    0.80397E-07   -0.27454E-04    0.44128E-07
   125    0.34530E+04    0.10032E+01    0.00000E+00   -0.37272E+02    0.79880E-07   -0.22680E-04    0.36455E-07
   126    0.34868E+04    0.10096E+01    0.00000E+00   -0.37752E+02    0.79367E-07   -0.17791E-04    0.28596E-07
   127    0.35206E+04    0.10155E+01    0.00000E+00   -0.38218E+02    0.78859E-07   -0.12932E-04    0.20786E-07
   128    0.35544E+04    0.10210E+01    0.00000E+00   -0.38672E+02    0.78354E-07   -0.82496E-05    0.13260E-07
   129    0.35883E+04    0.10260E+01    0.00000E+00   -0.39110E+02    0.77854E-07   -0.38902E-05    0.62528E-08
   130    0.36221E+04    0.10305E+01    0.00000E+00   -0.39534E+02    0.77358E-07    0.00000E+00    0.00000E+00
   131    0.36559E+04    0.10347E+01    0.00000E+00   -0.39944E+02    0.76867E-07    0.33056E-05   -0.53132E-08
   132    0.36897E+04    0.10383E+01    0.00000E+00   -0.40338E+02    0.76379E-07    0.60341E-05   -0.96989E-08
   133    0.37235E+04    0.10416E+01    0.00000E+00   -0.40717E+02    0.75896E-07    0.82239E-05   -0.13218E-07
   134    0.37572E+04    0.10443E+01    0.00000E+00   -0.41078E+02    0.75417E-07    0.99130E-05   -0.15933E-07
   135    0.37910E+04    0.10466E+01    0.00000E+00   -0.41423E+02    0.74942E-07    0.11140E-04   -0.17905E-07
   136    0.38245E+04    0.10484E+01    0.00000E+00   -0.41748E+02    0.74472E-07    0.11942E-04   -0.19195E-07
   137    0.38581E+04    0.10498E+01    0.00000E+00   -0.42057E+02    0.74005E-07    0.12359E-04   -0.19865E-07
   138    0.38916E+04    0.10506E+01    0.00000E+00   -0.42347E+02    0.73542E-07    0.12428E-04   -0.19976E-07
   139    0.39248E+04    0.10511E+01    0.00000E+00   -0.42617E+02    0.73084E-07    0.12187E-04   -0.19589E-07
   140    0.39581E+04    0.10510E+01    0.00000E+00   -0.42870E+02    0.72629E-07    0.11675E-04   -0.18765E-07
   141    0.39912E+04    0.10505E+01    0.00000E+00   -0.43101E+02    0.72179E-07    0.10929E-04   -0.17567E-07
   142    0.40243E+04    0.10495E+01    0.00000E+00   -0.43313E+02    0.71732E-07    0.99881E-05   -0.16054E-07
   143    0.40572E+04    0.10480E+01    0.00000E+00   -0.43504E+02    0.71289E-07    0.88899E-05   -0.14289E-07
   144    0.40900E+04    0.10461E+01    0.00000E+00   -0.43676E+02    0.70850E-07    0.76727E-05   -0.12332E-07
   145    0.41226E+04    0.10438E+01    0.00000E+00   -0.43826E+02    0.70415E-07    0.63744E-05   -0.10246E-07
   146    0.41553E+04    0.10410E+01    0.00000E+00   -0.43954E+02    0.69983E-07    0.50332E-05   -0.80900E-08
   147    0.41876E+04    0.10378E+01    0.00000E+00   -0.44060E+02    0.69556E-07    0.36871E-05   -0.59264E-08
   148    0.42198E+04    0.10341E+01    0.00000E+00   -0.44145E+02    0.69132E-07    0.23742E-05   -0.38162E-08
   149    0.42519E+04    0.10299E+01    0.00000E+00   -0.44208E+02    0.68712E-07    0.11325E-05   -0.18203E-08
   150    0.42836E+04    0.10255E+01    0.00000E+00   -0.44245E+02    0.68295E-07    0.00000E+00    0.00000E+00
   151    0.43153E+04    0.10206E+01    0.00000E+00   -0.44261E+02    0.67882E-07   -0.99284E-06    0.15958E-08
   152    0.43467E+04    0.10152E+01    0.00000E+00   -0.44253E+02    0.67473E-07   -0.18459E-05    0.29670E-08
   153    0.43779E+04    0.10094E+01    0.00000E+00   -0.44220E+02    0.67067E-07   -0.25666E-05    0.41254E-08
   154    0.44089E+04    0.10033E+01    0.00000E+00   -0.44164E+02    0.66665E-07   -0.31625E-05    0.50832E-08
   155    0.44396E+04    0.99686E+00    0.00000E+00   -0.44084E+02    0.66267E-07   -0.36409E-05    0.58522E-08
   156    0.44700E+04    0.99006E+00    0.00000E+00   -0.43979E+02    0.65871E-07   -0.40094E-05    0.64444E-08
   157    0.45004E+04    0.98291E+00    0.00000E+00   -0.43849E+02    0.65480E-07   -0.42753E-05    0.68718E-08
   158    0.45304E+04    0.97548E+00    0.00000E+00   -0.43695E+02    0.65091E-07   -0.44461E-05    0.71464E-08
   159    0.45601E+04    0.96762E+00    0.00000E+00   -0.43515E+02    0.64707E-07   -0.45293E-05    0.72800E-08
   160    0.45896E+04    0.95949E+00    0.00000E+00   -0.43309E+02    0.64325E-07   -0.45322E-05    0.72847E-08
   161    0.46189E+04    0.95115E+00    0.00000E+00   -0.43079E+02    0.63947E-07   -0.44623E-05    0.71724E-08
   162    0.46479E+04    0.94246E+00    0.00000E+00   -0.42823E+02    0.63572E-07   -0.43271E-05    0.69551E-08
   163    0.46767E+04    0.93350E+00    0.00000E+00   -0.42542E+02    0.63201E-07   -0.41339E-05    0.66446E-08
   164    0.47051E+04    0.92432E+00    0.00000E+00   -0.42235E+02    0.62832E-07   -0.38903E-05    0.62530E-08
   165    0.47333E+04    0.91487E+00    0.00000E+00   -0.41902E+02    0.62467E-07   -0.36036E-05    0.57921E-08
   166    0.47612E+04    0.90529E+00    0.00000E+00   -0.41543E+02    0.62106E-07   -0.32812E-05    0.52740E-08
   167    0.47889E+04    0.89535E+00    0.00000E+00   -0.41159E+02    0.61747E-07   -0.29306E-05    0.47105E-08
   168    0.48162E+04    0.88543E+00    0.00000E+00   -0.40748E+02    0.61391E-07   -0.25592E-05    0.41135E-08
   169    0.48431E+04    0.87523E+00    0.00000E+00   -0.40309E+02    0.61039E-07   -0.21744E-05    0.34951E-08
   170    0.48697E+04    0.86497E+00    0.00000E+00   -0.39846E+02    0.60690E-07   -0.17837E-05    0.28670E-08
   171    0.48959E+04    0.85465E+00    0.00000E+00   -0.39354E+02    0.60344E-07   -0.13944E-05    0.22413E-08
   172    0.49217E+04    0.84420E+00    0.00000E+00   -0.38836E+02    0.60001E-07   -0.10140E-05    0.16298E-08
   173    0.49470E+04    0.83362E+00    0.00000E+00   -0.38292E+02    0.59660E-07   -0.64982E-06    0.10445E-08
   174    0.49720E+04    0.82320E+00    0.00000E+00   -0.37722E+02    0.59323E-07   -0.30936E-06    0.49724E-09
   175    0.49967E+04    0.81265E+00    0.00000E+00   -0.37124E+02    0.58989E-07    0.00000E+00    0.00000E+00
   176    0.50208E+04    0.80218E+00    0.00000E+00   -0.36499E+02    0.58658E-07    0.27239E-06   -0.43782E-09
   177    0.50445E+04    0.79173E+00    0.00000E+00   -0.35849E+02    0.58329E-07    0.50810E-06   -0.81668E-09
   178    0.50678E+04    0.78151E+00    0.00000E+00   -0.35171E+02    0.58004E-07    0.70894E-06   -0.11395E-08
   179    0.50906E+04    0.77123E+00    0.00000E+00   -0.34466E+02    0.57681E-07    0.87676E-06   -0.14092E-08
   180    0.51131E+04    0.76112E+00    0.00000E+00   -0.33736E+02    0.57362E-07    0.10134E-05   -0.16288E-08
   181    0.51350E+04    0.75116E+00    0.00000E+00   -0.32980E+02    0.57044E-07    0.11206E-05   -0.18012E-08
   182    0.51565E+04    0.74143E+00    0.00000E+00   -0.32197E+02    0.56730E-07    0.12003E-05   -0.19292E-08
   183    0.51775E+04    0.73186E+00    0.00000E+00   -0.31389E+02    0.56419E-07    0.12542E-05   -0.20159E-08
   184    0.51981E+04    0.72252E+00    0.00000E+00   -0.30554E+02    0.56110E-07    0.12843E-05   -0.20642E-08
   185    0.52183E+04    0.71356E+00    0.00000E+00   -0.29695E+02    0.55804E-07    0.12922E-05   -0.20770E-08
   186    0.52376E+04    0.70483E+00    0.00000E+00   -0.28809E+02    0.55500E-07    0.12799E-05   -0.20572E-08
   187    0.52568E+04    0.69648E+00    0.00000E+00   -0.27897E+02    0.55199E-07    0.12491E-05   -0.20078E-08
   188    0.52755E+04    0.68850E+00    0.00000E+00   -0.26961E+02    0.54901E-07    0.12018E-05   -0.19316E-08
   189    0.52935E+04    0.68091E+00    0.00000E+00   -0.26000E+02    0.54605E-07    0.11396E-05   -0.18317E-08
   190    0.53115E+04    0.67377E+00    0.00000E+00   -0.25015E+02    0.54312E-07    0.10645E-05   -0.17109E-08
   191    0.53285E+04    0.66709E+00    0.00000E+00   -0.24004E+02    0.54021E-07    0.97816E-06   -0.15722E-08
   192    0.53451E+04    0.66092E+00    0.00000E+00   -0.22969E+02    0.53733E-07    0.88254E-06   -0.14185E-08
   193    0.53612E+04    0.65527E+00    0.00000E+00   -0.21912E+02    0.53447E-07    0.77940E-06   -0.12528E-08
   194    0.53769E+04    0.65019E+00    0.00000E+00   -0.20829E+02    0.53164E-07    0.67058E-06   -0.10778E-08
   195    0.53920E+04    0.64571E+00    0.00000E+00   -0.19724E+02    0.52883E-07    0.55788E-06   -0.89670E-09
   196    0.54065E+04    0.64187E+00    0.00000E+00   -0.18596E+02    0.52604E-07    0.44313E-06   -0.71226E-09
   197    0.54205E+04    0.63871E+00    0.00000E+00   -0.17445E+02    0.52328E-07    0.32815E-06   -0.52744E-09
   198    0.54341E+04    0.63625E+00    0.00000E+00   -0.16273E+02    0.52054E-07    0.21475E-06   -0.34518E-09
   199    0.54471E+04    0.63452E+00    0.00000E+00   -0.15078E+02    0.51782E-07    0.10476E-06   -0.16839E-09
   200    0.54596E+04    0.63357E+00    0.00000E+00   -0.13862E+02    0.51513E-07    0.00000E+00    0.00000E+00
   201    0.54716E+04    0.63344E+00    0.00000E+00   -0.12625E+02    0.51246E-07   -0.98055E-07    0.15761E-09
   202    0.54830E+04    0.63414E+00    0.00000E+00   -0.11367E+02    0.50981E-07   -0.18925E-06    0.30418E-09
   203    0.54938E+04    0.63574E+00    0.00000E+00   -0.10088E+02    0.50718E-07   -0.27375E-06    0.44001E-09
   204    0.55040E+04    0.63824E+00    0.00000E+00   -0.87907E+01    0.50457E-07   -0.35176E-06    0.56539E-09
   205    0.55137E+04    0.64171E+00    0.00000E+00   -0.74732E+01    0.50199E-07   -0.42343E-06    0.68060E-09
   206    0.55226E+04    0.64616E+00    0.00000E+00   -0.61366E+01    0.49942E-07   -0.48896E-06    0.78593E-09
   207    0.55311E+04    0.65163E+00    0.00000E+00   -0.47813E+01    0.49688E-07   -0.54853E-06    0.88167E-09
   208    0.55389E+04    0.65817E+00    0.00000E+00   -0.34078E+01    0.49436E-07   -0.60230E-06    0.96810E-09
   209    0.55460E+04    0.66579E+00    0.00000E+00   -0.20165E+01    0.49186E-07   -0.65047E-06    0.10455E-08
   210    0.55526E+04    0.67454E+00    0.00000E+00   -0.60825E+00    0.48938E-07   -0.69320E-06    0.11142E-08
   211    0.55586E+04    0.68447E+00    0.00000E+00    0.81687E+00    0.48692E-07   -0.73068E-06    0.11744E-08
   212    0.55639E+04    0.69559E+00    0.00000E+00    0.22580E+01    0.48448E-07   -0.76309E-06    0.12265E-08
   213    0.55686E+04    0.70795E+00    0.00000E+00    0.37151E+01    0.48206E-07   -0.79061E-06    0.12708E-08
   214    0.55727E+04    0.72153E+00    0.00000E+00    0.51870E+01    0.47966E-07   -0.81341E-06    0.13074E-08
   215    0.55762E+04    0.73655E+00    0.00000E+00    0.66730E+01    0.47728E-07   -0.83167E-06    0.13368E-08
   216    0.55790E+04    0.75279E+00    0.00000E+00    0.81736E+01    0.47492E-07   -0.84558E-06    0.13591E-08
   217    0.55813E+04    0.77043E+00    0.00000E+00    0.96869E+01    0.47257E-07   -0.85530E-06    0.13748E-08
   218    0.55829E+04    0.78946E+00    0.00000E+00    0.11213E+02    0.47025E-07   -0.86103E-06    0.13840E-08
   219    0.55840E+04    0.80988E+00    0.00000E+00    0.12753E+02    0.46795E-07   -0.86294E-06    0.13870E-08
   220    0.55844E+04    0.83184E+00    0.00000E+00    0.14302E+02    0.46566E-07   -0.86120E-06    0.13842E-08
   221    0.55843E+04    0.85526E+00    0.00000E+00    0.15863E+02    0.46339E-07   -0.85600E-06    0.13759E-08
   222    0.55836E+04    0.88029E+00    0.00000E+00    0.17434E+02    0.46114E-07   -0.84751E-06    0.13622E-08
   223    0.55822E+04    0.90686E+00    0.00000E+00    0.19016E+02    0.45891E-07   -0.83591E-06    0.13436E-08
   224    0.55803E+04    0.93495E+00    0.00000E+00    0.20606E+02    0.45670E-07   -0.82139E-06    0.13202E-08
   225    0.55777E+04    0.96474E+00    0.00000E+00    0.22205E+02    0.45451E-07   -0.80411E-06    0.12925E-08
   226    0.55746E+04    0.99620E+00    0.00000E+00    0.23811E+02    0.45233E-07   -0.78427E-06    0.12606E-08
   227    0.55707E+04    0.10293E+01    0.00000E+00    0.25425E+02    0.45017E-07   -0.76203E-06    0.12248E-08
   228    0.55664E+04    0.10642E+01    0.00000E+00    0.27045E+02    0.44802E-07   -0.73757E-06    0.11855E-08
   229    0.55615E+04    0.11007E+01    0.00000E+00    0.28671E+02    0.44590E-07   -0.71108E-06    0.11429E-08
   230    0.55559E+04    0.11391E+01    0.00000E+00    0.30302E+02    0.44379E-07   -0.68273E-06    0.10974E-08
   231    0.55497E+04    0.11792E+01    0.00000E+00    0.31938E+02    0.44170E-07   -0.65270E-06    0.10491E-08
   232    0.55429E+04    0.12211E+01    0.00000E+00    0.33578E+02    0.43962E-07   -0.62117E-06    0.99843E-09
   233    0.55355E+04    0.12650E+01    0.00000E+00    0.35220E+02    0.43756E-07   -0.58832E-06    0.94562E-09
   234    0.55274E+04    0.13107E+01    0.00000E+00    0.36864E+02    0.43552E-07   -0.55432E-06    0.89097E-09
   235    0.55188E+04    0.13583E+01    0.00000E+00    0.38511E+02    0.43349E-07   -0.51935E-06    0.83477E-09
   236    0.55095E+04    0.14077E+01    0.00000E+00    0.40158E+02    0.43148E-07   -0.48360E-06    0.77730E-09
   237    0.54996E+04    0.14592E+01    0.00000E+00    0.41805E+02    0.42948E-07   -0.44723E-06    0.71885E-09
   238    0.54892E+04    0.15127E+01    0.00000E+00    0.43453E+02    0.42750E-07   -0.41043E-06    0.65970E-09
   239    0.54782E+04    0.15681E+01    0.00000E+00    0.45099E+02    0.42553E-07   -0.37338E-06    0.60015E-09
   240    0.54665E+04    0.16254E+01    0.00000E+00    0.46743E+02    0.42358E-07   -0.33625E-06    0.54047E-09
   241    0.54543E+04    0.16849E+01    0.00000E+00    0.48384E+02    0.42164E-07   -0.29923E-06    0.48096E-09
   242    0.54415E+04    0.17463E+01    0.00000E+00    0.50022E+02    0.41972E-07   -0.26249E-06    0.42190E-09
   243    0.54282E+04    0.18099E+01    0.00000E+00    0.51656E+02    0.41781E-07   -0.22620E-06    0.36358E-09
   244    0.54142E+04    0.18755E+01    0.00000E+00    0.53286E+02    0.41592E-07   -0.19055E-06    0.30628E-09
   245    0.53997E+04    0.19432E+01    0.00000E+00    0.54909E+02    0.41404E-07   -0.15572E-06    0.25029E-09
   246    0.53846E+04    0.20130E+01    0.00000E+00    0.56527E+02    0.41218E-07   -0.12188E-06    0.19590E-09
   247    0.53690E+04    0.20848E+01    0.00000E+00    0.58138E+02    0.41032E-07   -0.89206E-07    0.14338E-09
   248    0.53529E+04    0.21590E+01    0.00000E+00    0.59741E+02    0.40848E-07   -0.57884E-07    0.93039E-10
   249    0.53362E+04    0.22352E+01    0.00000E+00    0.61336E+02    0.40666E-07   -0.28090E-07    0.45150E-10
   250    0.53190E+04    0.23136E+01    0.00000E+00    0.62922E+02    0.40485E-07    0.00000E+00    0.00000E+00
   251    0.53014E+04    0.23941E+01    0.00000E+00    0.64498E+02    0.40305E-07    0.26245E-07   -0.42184E-10
   252    0.52830E+04    0.24768E+01    0.00000E+00    0.66065E+02    0.40126E-07    0.50654E-07   -0.81418E-10
   253    0.52644E+04    0.25616E+01    0.00000E+00    0.67619E+02    0.39949E-07    0.73276E-07   -0.11778E-09
   254    0.52452E+04    0.26487E+01    0.00000E+00    0.69162E+02    0.39773E-07    0.94159E-07   -0.15134E-09
   255    0.52255E+04    0.27378E+01    0.00000E+00    0.70693E+02    0.39598E-07    0.11335E-06   -0.18219E-09
   256    0.52053E+04    0.28294E+01    0.00000E+00    0.72212E+02    0.39424E-07    0.13090E-06   -0.21040E-09
   257    0.51846E+04    0.29229E+01    0.00000E+00    0.73711E+02    0.39252E-07    0.14685E-06   -0.23603E-09
   258    0.51635E+04    0.30187E+01    0.00000E+00    0.75203E+02    0.39081E-07    0.16125E-06   -0.25919E-09
   259    0.51419E+04    0.31167E+01    0.00000E+00    0.76673E+02    0.38911E-07    0.17415E-06   -0.27992E-09
   260    0.51199E+04    0.32169E+01    0.00000E+00    0.78135E+02    0.38742E-07    0.18560E-06   -0.29833E-09
   261    0.50975E+04    0.33192E+01    0.00000E+00    0.79568E+02    0.38574E-07    0.19565E-06   -0.31447E-09
   262    0.50744E+04    0.34238E+01    0.00000E+00    0.80994E+02    0.38408E-07    0.20434E-06   -0.32844E-09
   263    0.50513E+04    0.35306E+01    0.00000E+00    0.82405E+02    0.38243E-07    0.21171E-06   -0.34029E-09
   264    0.50275E+04    0.36395E+01    0.00000E+00    0.83794E+02    0.38079E-07    0.21783E-06   -0.35012E-09
   265    0.50033E+04    0.37506E+01    0.00000E+00    0.85154E+02    0.37916E-07    0.22273E-06   -0.35800E-09
   266    0.49787E+04    0.38639E+01    0.00000E+00    0.86507E+02    0.37754E-07    0.22647E-06   -0.36401E-09
   267    0.49536E+04    0.39793E+01    0.00000E+00    0.87829E+02    0.37593E-07    0.22908E-06   -0.36822E-09
   268    0.49282E+04    0.40970E+01    0.00000E+00    0.89138E+02    0.37434E-07    0.23063E-06   -0.37070E-09
   269    0.49022E+04    0.42167E+01    0.00000E+00    0.90424E+02    0.37275E-07    0.23115E-06   -0.37154E-09
   270    0.48760E+04    0.43385E+01    0.00000E+00    0.91689E+02    0.37118E-07    0.23070E-06   -0.37081E-09
   271    0.48494E+04    0.44624E+01    0.00000E+00    0.92931E+02    0.36961E-07    0.22932E-06   -0.36860E-09
   272    0.48225E+04    0.45886E+01    0.00000E+00    0.94144E+02    0.36806E-07    0.22706E-06   -0.36496E-09
   273    0.47952E+04    0.47165E+01    0.00000E+00    0.95343E+02    0.36652E-07    0.22397E-06   -0.35999E-09
   274    0.47676E+04    0.48468E+01    0.00000E+00    0.96505E+02    0.36498E-07    0.22009E-06   -0.35376E-09
   275    0.47396E+04    0.49789E+01    0.00000E+00    0.97652E+02    0.36346E-07    0.21548E-06   -0.34634E-09
   276    0.47114E+04    0.51131E+01    0.00000E+00    0.98762E+02    0.36195E-07    0.21017E-06   -0.33782E-09
   277    0.46828E+04    0.52493E+01    0.00000E+00    0.99858E+02    0.36045E-07    0.20423E-06   -0.32826E-09
   278    0.46539E+04    0.53874E+01    0.00000E+00    0.10092E+03    0.35896E-07    0.19769E-06   -0.31775E-09
   279    0.46248E+04    0.55275E+01    0.00000E+00    0.10195E+03    0.35748E-07    0.19060E-06   -0.30636E-09
   280    0.45953E+04    0.56694E+01    0.00000E+00    0.10296E+03    0.35600E-07    0.18302E-06   -0.29417E-09
   281    0.45657E+04    0.58134E+01    0.00000E+00    0.10394E+03    0.35454E-07    0.17499E-06   -0.28126E-09
   282    0.45357E+04    0.59590E+01    0.00000E+00    0.10489E+03    0.35309E-07    0.16655E-06   -0.26770E-09
   283    0.45055E+04    0.61065E+01    0.00000E+00    0.10581E+03    0.35165E-07    0.15775E-06   -0.25356E-09
   284    0.44751E+04    0.62558E+01    0.00000E+00    0.10670E+03    0.35021E-07    0.14865E-06   -0.23893E-09
   285    0.44444E+04    0.64069E+01    0.00000E+00    0.10757E+03    0.34879E-07    0.13929E-06   -0.22388E-09
   286    0.44135E+04    0.65597E+01    0.00000E+00    0.10839E+03    0.34737E-07    0.12971E-06   -0.20849E-09
   287    0.43823E+04    0.67142E+01    0.00000E+00    0.10919E+03    0.34596E-07    0.11997E-06   -0.19284E-09
   288    0.43510E+04    0.68704E+01    0.00000E+00    0.10996E+03    0.34457E-07    0.11012E-06   -0.17699E-09
   289    0.43195E+04    0.70282E+01    0.00000E+00    0.11070E+03    0.34318E-07    0.10019E-06   -0.16104E-09
   290    0.42878E+04    0.71874E+01    0.00000E+00    0.11141E+03    0.34180E-07    0.90240E-07   -0.14505E-09
   291    0.42560E+04    0.73488E+01    0.00000E+00    0.11207E+03    0.34042E-07    0.80316E-07   -0.12909E-09
   292    0.42238E+04    0.75113E+01    0.00000E+00    0.11271E+03    0.33906E-07    0.70465E-07   -0.11326E-09
   293    0.41917E+04    0.76745E+01    0.00000E+00    0.11331E+03    0.33771E-07    0.60735E-07   -0.97621E-10
   294    0.41592E+04    0.78399E+01    0.00000E+00    0.11389E+03    0.33636E-07    0.51173E-07   -0.82251E-10
   295    0.41269E+04    0.80061E+01    0.00000E+00    0.11442E+03    0.33502E-07    0.41826E-07   -0.67229E-10
   296    0.40943E+04    0.81744E+01    0.00000E+00    0.11493E+03    0.33369E-07    0.32744E-07   -0.52630E-10
   297    0.40616E+04    0.83427E+01    0.00000E+00    0.11540E+03    0.33237E-07    0.23972E-07   -0.38531E-10
   298    0.40287E+04    0.85132E+01    0.00000E+00    0.11584E+03    0.33105E-07    0.15559E-07   -0.25009E-10
   299    0.39958E+04    0.86852E+01    0.00000E+00    0.11623E+03    0.32974E-07    0.75527E-08   -0.12140E-10
   300    0.39627E+04    0.88571E+01    0.00000E+00    0.11659E+03    0.32844E-07    0.00000E+00    0.00000E+00
   301    0.39295E+04    0.90305E+01    0.00000E+00    0.11692E+03    0.32715E-07   -0.70612E-08    0.11350E-10
   302    0.38964E+04    0.92046E+01    0.00000E+00    0.11722E+03    0.32586E-07   -0.13633E-07    0.21914E-10
   303    0.38632E+04    0.93802E+01    0.00000E+00    0.11747E+03    0.32459E-07   -0.19729E-07    0.31712E-10
   304    0.38299E+04    0.95572E+01    0.00000E+00    0.11769E+03    0.32332E-07   -0.25361E-07    0.40764E-10
   305    0.37966E+04    0.97342E+01    0.00000E+00    0.11787E+03    0.32205E-07   -0.30542E-07    0.49092E-10
   306    0.37633E+04    0.99120E+01    0.00000E+00    0.11802E+03    0.32080E-07   -0.35284E-07    0.56714E-10
   307    0.37299E+04    0.10090E+02    0.00000E+00    0.11812E+03    0.31955E-07   -0.39600E-07    0.63651E-10
   308    0.36966E+04    0.10271E+02    0.00000E+00    0.11820E+03    0.31831E-07   -0.43503E-07    0.69923E-10
   309    0.36633E+04    0.10451E+02    0.00000E+00    0.11823E+03    0.31707E-07   -0.47004E-07    0.75551E-10
   310    0.36299E+04    0.10631E+02    0.00000E+00    0.11823E+03    0.31585E-07   -0.50117E-07    0.80554E-10
   311    0.35967E+04    0.10813E+02    0.00000E+00    0.11819E+03    0.31463E-07   -0.52854E-07    0.84953E-10
   312    0.35634E+04    0.10995E+02    0.00000E+00    0.11812E+03    0.31341E-07   -0.55227E-07    0.88768E-10
   313    0.35302E+04    0.11177E+02    0.00000E+00    0.11800E+03    0.31221E-07   -0.57249E-07    0.92019E-10
   314    0.34971E+04    0.11360E+02    0.00000E+00    0.11786E+03    0.31101E-07   -0.58934E-07    0.94726E-10
   315    0.34640E+04    0.11542E+02    0.00000E+00    0.11767E+03    0.30982E-07   -0.60292E-07    0.96909E-10
   316    0.34311E+04    0.11725E+02    0.00000E+00    0.11744E+03    0.30863E-07   -0.61337E-07    0.98589E-10
   317    0.33981E+04    0.11907E+02    0.00000E+00    0.11718E+03    0.30746E-07   -0.62082E-07    0.99786E-10
   318    0.33653E+04    0.12091E+02    0.00000E+00    0.11688E+03    0.30629E-07   -0.62538E-07    0.10052E-09
   319    0.33326E+04    0.12274E+02    0.00000E+00    0.11654E+03    0.30512E-07   -0.62719E-07    0.10081E-09
   320    0.33001E+04    0.12456E+02    0.00000E+00    0.11617E+03    0.30397E-07   -0.62636E-07    0.10068E-09
   321    0.32676E+04    0.12640E+02    0.00000E+00    0.11576E+03    0.30282E-07   -0.62304E-07    0.10014E-09
   322    0.32353E+04    0.12822E+02    0.00000E+00    0.11532E+03    0.30167E-07   -0.61733E-07    0.99225E-10
   323    0.32031E+04    0.13005E+02    0.00000E+00    0.11483E+03    0.30054E-07   -0.60936E-07    0.97945E-10
   324    0.31710E+04    0.13188E+02    0.00000E+00    0.11431E+03    0.29941E-07   -0.59927E-07    0.96323E-10
   325    0.31392E+04    0.13368E+02    0.00000E+00    0.11376E+03    0.29828E-07   -0.58717E-07    0.94378E-10
   326    0.31075E+04    0.13549E+02    0.00000E+00    0.11316E+03    0.29717E-07   -0.57320E-07    0.92132E-10
   327    0.30759E+04    0.13730E+02    0.00000E+00    0.11253E+03    0.29606E-07   -0.55747E-07    0.89604E-10
   328    0.30446E+04    0.13910E+02    0.00000E+00    0.11187E+03    0.29495E-07   -0.54012E-07    0.86814E-10
   329    0.30135E+04    0.14089E+02    0.00000E+00    0.11116E+03    0.29386E-07   -0.52126E-07    0.83783E-10
   330    0.29825E+04    0.14267E+02    0.00000E+00    0.11042E+03    0.29277E-07   -0.50102E-07    0.80531E-10
   331    0.29519E+04    0.14444E+02    0.00000E+00    0.10965E+03    0.29168E-07   -0.47953E-07    0.77077E-10
   332    0.29214E+04    0.14622E+02    0.00000E+00    0.10885E+03    0.29061E-07   -0.45692E-07    0.73442E-10
   333    0.28911E+04    0.14798E+02    0.00000E+00    0.10801E+03    0.28954E-07   -0.43330E-07    0.69646E-10
   334    0.28611E+04    0.14973E+02    0.00000E+00    0.10714E+03    0.28847E-07   -0.40881E-07    0.65709E-10
   335    0.28312E+04    0.15146E+02    0.00000E+00    0.10623E+03    0.28742E-07   -0.38357E-07    0.61652E-10
   336    0.28017E+04    0.15318E+02    0.00000E+00    0.10529E+03    0.28636E-07   -0.35770E-07    0.57494E-10
   337    0.27724E+04    0.15490E+02    0.00000E+00    0.10430E+03    0.28532E-07   -0.33133E-07    0.53256E-10
   338    0.27433E+04    0.15659E+02    0.00000E+00    0.10330E+03    0.28428E-07   -0.30459E-07    0.48957E-10
   339    0.27147E+04    0.15829E+02    0.00000E+00    0.10225E+03    0.28325E-07   -0.27759E-07    0.44619E-10
   340    0.26862E+04    0.15996E+02    0.00000E+00    0.10119E+03    0.28222E-07   -0.25048E-07    0.40260E-10
   341    0.26579E+04    0.16161E+02    0.00000E+00    0.10008E+03    0.28120E-07   -0.22336E-07    0.35901E-10
   342    0.26300E+04    0.16326E+02    0.00000E+00    0.98939E+02    0.28019E-07   -0.19637E-07    0.31563E-10
   343    0.26024E+04    0.16489E+02    0.00000E+00    0.97769E+02    0.27918E-07   -0.16963E-07    0.27265E-10
   344    0.25752E+04    0.16649E+02    0.00000E+00    0.96570E+02    0.27818E-07   -0.14327E-07    0.23028E-10
   345    0.25482E+04    0.16808E+02    0.00000E+00    0.95341E+02    0.27718E-07   -0.11740E-07    0.18871E-10
   346    0.25215E+04    0.16966E+02    0.00000E+00    0.94091E+02    0.27619E-07   -0.92169E-08    0.14815E-10
   347    0.24952E+04    0.17121E+02    0.00000E+00    0.92803E+02    0.27521E-07   -0.67685E-08    0.10879E-10
   348    0.24692E+04    0.17274E+02    0.00000E+00    0.91485E+02    0.27423E-07   -0.44080E-08    0.70850E-11
   349    0.24435E+04    0.17426E+02    0.00000E+00    0.90137E+02    0.27326E-07   -0.21476E-08    0.34519E-11
   350    0.24181E+04    0.17575E+02    0.00000E+00    0.88768E+02    0.27229E-07    0.00000E+00    0.00000E+00
   351    0.23933E+04    0.17722E+02    0.00000E+00    0.87368E+02    0.27134E-07    0.20248E-08   -0.32546E-11
   352    0.23686E+04    0.17867E+02    0.00000E+00    0.85939E+02    0.27038E-07    0.39269E-08   -0.63118E-11
   353    0.23443E+04    0.18009E+02    0.00000E+00    0.84495E+02    0.26943E-07    0.57087E-08   -0.91758E-11
   354    0.23204E+04    0.18149E+02    0.00000E+00    0.83014E+02    0.26849E-07    0.73728E-08   -0.11850E-10
   355    0.22968E+04    0.18287E+02    0.00000E+00    0.81510E+02    0.26755E-07    0.89216E-08   -0.14340E-10
   356    0.22737E+04    0.18423E+02    0.00000E+00    0.79992E+02    0.26662E-07    0.10358E-07   -0.16648E-10
   357    0.22509E+04    0.18556E+02    0.00000E+00    0.78444E+02    0.26569E-07    0.11684E-07   -0.18779E-10
   358    0.22285E+04    0.18685E+02    0.00000E+00    0.76881E+02    0.26477E-07    0.12902E-07   -0.20737E-10
   359    0.22065E+04    0.18812E+02    0.00000E+00    0.75288E+02    0.26386E-07    0.14015E-07   -0.22526E-10
   360    0.21848E+04    0.18937E+02    0.00000E+00    0.73677E+02    0.26294E-07    0.15025E-07   -0.24150E-10
   361    0.21636E+04    0.19059E+02    0.00000E+00    0.72043E+02    0.26204E-07    0.15935E-07   -0.25613E-10
   362    0.21427E+04    0.19178E+02    0.00000E+00    0.70388E+02    0.26113E-07    0.16747E-07   -0.26919E-10
   363    0.21223E+04    0.19295E+02    0.00000E+00    0.68716E+02    0.26024E-07    0.17465E-07   -0.28071E-10
   364    0.21022E+04    0.19407E+02    0.00000E+00    0.67023E+02    0.25934E-07    0.18089E-07   -0.29075E-10
   365    0.20826E+04    0.19517E+02    0.00000E+00    0.65313E+02    0.25845E-07    0.18624E-07   -0.29934E-10
   366    0.20634E+04    0.19625E+02    0.00000E+00    0.63585E+02    0.25757E-07    0.19070E-07   -0.30652E-10
   367    0.20446E+04    0.19728E+02    0.00000E+00    0.61841E+02    0.25669E-07    0.19432E-07   -0.31234E-10
   368    0.20261E+04    0.19829E+02    0.00000E+00    0.60082E+02    0.25581E-07    0.19711E-07   -0.31682E-10
   369    0.20082E+04    0.19927E+02    0.00000E+00    0.58305E+02    0.25493E-07    0.19910E-07   -0.32002E-10
   370    0.19907E+04    0.20021E+02    0.00000E+00    0.56517E+02    0.25406E-07    0.20031E-07   -0.32196E-10
   371    0.19735E+04    0.20111E+02    0.00000E+00    0.54714E+02    0.25320E-07    0.20077E-07   -0.32271E-10
   372    0.19568E+04    0.20199E+02    0.00000E+00    0.52899E+02    0.25234E-07    0.20051E-07   -0.32228E-10
   373    0.19405E+04    0.20283E+02    0.00000E+00    0.51070E+02    0.25148E-07    0.19954E-07   -0.32073E-10
   374    0.19247E+04    0.20364E+02    0.00000E+00    0.49230E+02    0.25062E-07    0.19790E-07   -0.31809E-10
   375    0.19092E+04    0.20441E+02    0.00000E+00    0.47380E+02    0.24977E-07    0.19560E-07   -0.31440E-10
   376    0.18943E+04    0.20516E+02    0.00000E+00    0.45520E+02    0.24892E-07    0.19269E-07   -0.30971E-10
   377    0.18797E+04    0.20586E+02    0.00000E+00    0.43652E+02    0.24807E-07    0.18917E-07   -0.30405E-10
   378    0.18656E+04    0.20652E+02    0.00000E+00    0.41774E+02    0.24722E-07    0.18507E-07   -0.29747E-10
   379    0.18519E+04    0.20716E+02    0.00000E+00    0.39890E+02    0.24638E-07    0.18042E-07   -0.29000E-10
   380    0.18387E+04    0.20776E+02    0.00000E+00    0.37998E+02    0.24554E-07    0.17525E-07   -0.28169E-10
   381    0.18259E+04    0.20830E+02    0.00000E+00    0.36101E+02    0.24470E-07    0.16958E-07   -0.27257E-10
   382    0.18134E+04    0.20882E+02    0.00000E+00    0.34199E+02    0.24387E-07    0.16343E-07   -0.26269E-10
   383    0.18015E+04    0.20930E+02    0.00000E+00    0.32291E+02    0.24303E-07    0.15683E-07   -0.25208E-10
   384    0.17901E+04    0.20974E+02    0.00000E+00    0.30381E+02    0.24220E-07    0.14981E-07   -0.24079E-10
   385    0.17790E+04    0.21015E+02    0.00000E+00    0.28467E+02    0.24137E-07    0.14239E-07   -0.22886E-10
   386    0.17684E+04    0.21052E+02    0.00000E+00    0.26552E+02    0.24055E-07    0.13459E-07   -0.21632E-10
   387    0.17581E+04    0.21084E+02    0.00000E+00    0.24635E+02    0.23972E-07    0.12644E-07   -0.20322E-10
   388    0.17483E+04    0.21113E+02    0.00000E+00    0.22718E+02    0.23890E-07    0.11796E-07   -0.18960E-10
   389    0.17390E+04    0.21136E+02    0.00000E+00    0.20801E+02    0.23808E-07    0.10919E-07   -0.17550E-10
   390    0.17301E+04    0.21158E+02    0.00000E+00    0.18887E+02    0.23725E-07    0.10013E-07   -0.16095E-10
   391    0.17216E+04    0.21175E+02    0.00000E+00    0.16973E+02    0.23643E-07    0.90833E-08   -0.14600E-10
   392    0.17135E+04    0.21189E+02    0.00000E+00    0.15063E+02    0.23561E-07    0.81307E-08   -0.13069E-10
   393    0.17060E+04    0.21199E+02    0.00000E+00    0.13156E+02    0.23480E-07    0.71581E-08   -0.11506E-10
   394    0.16988E+04    0.21205E+02    0.00000E+00    0.11254E+02    0.23398E-07    0.61680E-08   -0.99141E-11
   395    0.16919E+04    0.21206E+02    0.00000E+00    0.93554E+01    0.23316E-07    0.51629E-08   -0.82985E-11
   396    0.16856E+04    0.21203E+02    0.00000E+00    0.74645E+01    0.23235E-07    0.41453E-08   -0.66629E-11
   397    0.16796E+04    0.21197E+02    0.00000E+00    0.55794E+01    0.23153E-07    0.31177E-08   -0.50112E-11
   398    0.16741E+04    0.21187E+02    0.00000E+00    0.37017E+01    0.23072E-07    0.20826E-08   -0.33475E-11
   399    0.16690E+04    0.21173E+02    0.00000E+00    0.18321E+01    0.22990E-07    0.10426E-08   -0.16757E-11
   400    0.16642E+04    0.21155E+02    0.00000E+00   -0.28441E-01    0.22909E-07    0.00000E+00    0.00000E+00
