#    L    TT             EE             BB             TE          
     2    0.11355E+04    0.54911E-01    0.14886E-05    0.34563E+01
     3    0.10552E+04    0.88315E-01    0.29774E-05    0.42959E+01
     4    0.98128E+03    0.97760E-01    0.49625E-05    0.43864E+01
     5    0.92442E+03    0.85345E-01    0.74443E-05    0.40402E+01
     6    0.88312E+03    0.62040E-01    0.10423E-04    0.34959E+01
     7    0.85441E+03    0.38895E-01    0.13899E-04    0.29011E+01
     8    0.83495E+03    0.22232E-01    0.17872E-04    0.23441E+01
     9    0.82256E+03    0.13124E-01    0.22343E-04    0.18691E+01
    10    0.81567E+03    0.94465E-02    0.27311E-04    0.15000E+01
    11    0.81270E+03    0.83253E-02    0.32779E-04    0.12445E+01
    12    0.81372E+03    0.77786E-02    0.38746E-04    0.11002E+01
    13    0.81691E+03    0.69561E-02    0.45212E-04    0.10426E+01
    14    0.82134E+03    0.60574E-02    0.52178E-04    0.10430E+01
    15    0.82726E+03    0.53736E-02    0.59646E-04    0.10823E+01
    16    0.83504E+03    0.51107E-02    0.67615E-04    0.11446E+01
    17    0.84460E+03    0.52645E-02    0.76086E-04    0.12150E+01
    18    0.85500E+03    0.55934E-02    0.85061E-04    0.12819E+01
    19    0.86705E+03    0.59642E-02    0.94540E-04    0.13399E+01
    20    0.87907E+03    0.63549E-02    0.10452E-03    0.13841E+01
    21    0.89142E+03    0.68102E-02    0.11502E-03    0.14205E+01
    22    0.90435E+03    0.74621E-02    0.12601E-03    0.14554E+01
    23    0.91767E+03    0.83654E-02    0.13752E-03    0.14905E+01
    24    0.93144E+03    0.95157E-02    0.14953E-03    0.15265E+01
    25    0.94560E+03    0.10922E-01    0.16206E-03    0.15652E+01
    26    0.95996E+03    0.12554E-01    0.17510E-03    0.16092E+01
    27    0.97476E+03    0.14366E-01    0.18865E-03    0.16555E+01
    28    0.98984E+03    0.16347E-01    0.20272E-03    0.17014E+01
    29    0.10053E+04    0.18504E-01    0.21730E-03    0.17449E+01
    30    0.10209E+04    0.20856E-01    0.23240E-03    0.17829E+01
    31    0.10367E+04    0.23386E-01    0.24803E-03    0.18130E+01
    32    0.10529E+04    0.26070E-01    0.26417E-03    0.18330E+01
    33    0.10694E+04    0.28917E-01    0.28083E-03    0.18402E+01
    34    0.10862E+04    0.31958E-01    0.29802E-03    0.18338E+01
    35    0.11031E+04    0.35215E-01    0.31573E-03    0.18180E+01
    36    0.11201E+04    0.38707E-01    0.33397E-03    0.17958E+01
    37    0.11372E+04    0.42427E-01    0.35273E-03    0.17632E+01
    38    0.11547E+04    0.46373E-01    0.37203E-03    0.17181E+01
    39    0.11726E+04    0.50555E-01    0.39186E-03    0.16625E+01
    40    0.11906E+04    0.54994E-01    0.41222E-03    0.15994E+01
    41    0.12089E+04    0.59711E-01    0.43311E-03    0.15305E+01
    42    0.12271E+04    0.64708E-01    0.45454E-03    0.14541E+01
    43    0.12455E+04    0.69980E-01    0.47650E-03    0.13672E+01
    44    0.12639E+04    0.75509E-01    0.49900E-03    0.12679E+01
    45    0.12827E+04    0.81286E-01    0.52204E-03    0.11545E+01
    46    0.13017E+04    0.87307E-01    0.54561E-03    0.10237E+01
    47    0.13209E+04    0.93576E-01    0.56973E-03    0.87731E+00
    48    0.13402E+04    0.10010E+00    0.59438E-03    0.72108E+00
    49    0.13596E+04    0.10688E+00    0.61958E-03    0.56002E+00
    50    0.13794E+04    0.11388E+00    0.64531E-03    0.39242E+00
    51    0.13994E+04    0.12109E+00    0.67159E-03    0.21474E+00
    52    0.14198E+04    0.12859E+00    0.69841E-03    0.21745E-01
    53    0.14402E+04    0.13651E+00    0.72576E-03   -0.19034E+00
    54    0.14606E+04    0.14486E+00    0.75366E-03   -0.41733E+00
    55    0.14810E+04    0.15359E+00    0.78210E-03   -0.65495E+00
    56    0.15019E+04    0.16257E+00    0.81107E-03   -0.90496E+00
    57    0.15230E+04    0.17169E+00    0.84059E-03   -0.11672E+01
    58    0.15444E+04    0.18095E+00    0.87064E-03   -0.14423E+01
    59    0.15660E+04    0.19041E+00    0.90123E-03   -0.17307E+01
    60    0.15877E+04    0.20011E+00    0.93236E-03   -0.20318E+01
    61    0.16099E+04    0.21016E+00    0.96402E-03   -0.23444E+01
    62    0.16320E+04    0.22054E+00    0.99621E-03   -0.26697E+01
    63    0.16541E+04    0.23120E+00    0.10289E-02   -0.30086E+01
    64    0.16767E+04    0.24216E+00    0.10622E-02   -0.33625E+01
    65    0.16993E+04    0.25338E+00    0.10960E-02   -0.37320E+01
    66    0.17223E+04    0.26481E+00    0.11303E-02   -0.41155E+01
    67    0.17454E+04    0.27643E+00    0.11651E-02   -0.45099E+01
    68    0.17689E+04    0.28830E+00    0.12005E-02   -0.49136E+01
    69    0.17926E+04    0.30037E+00    0.12364E-02   -0.53247E+01
    70    0.18167E+04    0.31268E+00    0.12728E-02   -0.57447E+01
    71    0.18408E+04    0.32522E+00    0.13097E-02   -0.61759E+01
    72    0.18651E+04    0.33798E+00    0.13472E-02   -0.66198E+01
    73    0.18896E+04    0.35090E+00    0.13852E-02   -0.70770E+01
    74    0.19143E+04    0.36398E+00    0.14236E-02   -0.75467E+01
    75    0.19393E+04    0.37724E+00    0.14626E-02   -0.80277E+01
    76    0.19646E+04    0.39066E+00    0.15022E-02   -0.85192E+01
    77    0.19902E+04    0.40426E+00    0.15422E-02   -0.90211E+01
    78    0.20161E+04    0.41804E+00    0.15827E-02   -0.95348E+01
    79    0.20422E+04    0.43195E+00    0.16238E-02   -0.10057E+02
    80    0.20686E+04    0.44601E+00    0.16653E-02   -0.10588E+02
    81    0.20952E+04    0.46015E+00    0.17074E-02   -0.11129E+02
    82    0.21221E+04    0.47440E+00    0.17500E-02   -0.11679E+02
    83    0.21491E+04    0.48873E+00    0.17931E-02   -0.12237E+02
    84    0.21764E+04    0.50315E+00    0.18367E-02   -0.12801E+02
    85    0.22038E+04    0.51762E+00    0.18808E-02   -0.13374E+02
    86    0.22314E+04    0.53217E+00    0.19255E-02   -0.13952E+02
    87    0.22594E+04    0.54675E+00    0.19706E-02   -0.14536E+02
    88    0.22874E+04    0.56138E+00    0.20163E-02   -0.15126E+02
    89    0.23157E+04    0.57605E+00    0.20625E-02   -0.15723E+02
    90    0.23443E+04    0.59073E+00    0.21092E-02   -0.16325E+02
    91    0.23730E+04    0.60540E+00    0.21564E-02   -0.16932E+02
    92    0.24019E+04    0.62005E+00    0.22042E-02   -0.17544E+02
    93    0.24312E+04    0.63467E+00    0.22525E-02   -0.18160E+02
    94    0.24605E+04    0.64923E+00    0.23013E-02   -0.18780E+02
    95    0.24901E+04    0.66373E+00    0.23507E-02   -0.19403E+02
    96    0.25196E+04    0.67815E+00    0.24006E-02   -0.20030E+02
    97    0.25497E+04    0.69249E+00    0.24510E-02   -0.20659E+02
    98    0.25799E+04    0.70672E+00    0.25020E-02   -0.21289E+02
    99    0.26102E+04    0.72082E+00    0.25536E-02   -0.21922E+02
   100    0.26407E+04    0.73479E+00    0.26057E-02   -0.22554E+02
   101    0.26715E+04    0.74869E+00    0.26584E-02   -0.23188E+02
   102    0.27027E+04    0.76237E+00    0.27117E-02   -0.23822E+02
   103    0.27338E+04    0.77590E+00    0.27656E-02   -0.24456E+02
   104    0.27652E+04    0.78929E+00    0.28200E-02   -0.25088E+02
   105    0.27967E+04    0.80246E+00    0.28750E-02   -0.25719E+02
   106    0.28284E+04    0.81549E+00    0.29307E-02   -0.26348E+02
   107    0.28601E+04    0.82823E+00    0.29869E-02   -0.26974E+02
   108    0.28921E+04    0.84076E+00    0.30437E-02   -0.27598E+02
   109    0.29242E+04    0.85299E+00    0.31012E-02   -0.28218E+02
   110    0.29564E+04    0.86494E+00    0.31593E-02   -0.28834E+02
   111    0.29888E+04    0.87667E+00    0.32180E-02   -0.29445E+02
   112    0.30213E+04    0.88812E+00    0.32774E-02   -0.30052E+02
   113    0.30541E+04    0.89928E+00    0.33374E-02   -0.30653E+02
   114    0.30869E+04    0.91008E+00    0.33981E-02   -0.31247E+02
   115    0.31199E+04    0.92067E+00    0.34594E-02   -0.31835E+02
   116    0.31529E+04    0.93082E+00    0.35214E-02   -0.32415E+02
   117    0.31862E+04    0.94062E+00    0.35840E-02   -0.32987E+02
   118    0.32197E+04    0.95020E+00    0.36474E-02   -0.33552E+02
   119    0.32531E+04    0.95943E+00    0.37114E-02   -0.34107E+02
   120    0.32867E+04    0.96815E+00    0.37762E-02   -0.34652E+02
   121    0.33203E+04    0.97666E+00    0.38416E-02   -0.35187E+02
   122    0.33539E+04    0.98467E+00    0.39077E-02   -0.35712E+02
   123    0.33876E+04    0.99224E+00    0.39745E-02   -0.36226E+02
   124    0.34213E+04    0.99946E+00    0.40421E-02   -0.36727E+02
   125    0.34550E+04    0.10062E+01    0.41104E-02   -0.37216E+02
   126    0.34888E+04    0.10127E+01    0.41794E-02   -0.37693E+02
   127    0.35226E+04    0.10186E+01    0.42491E-02   -0.38158E+02
   128    0.35563E+04    0.10242E+01    0.43196E-02   -0.38608E+02
   129    0.35901E+04    0.10293E+01    0.43908E-02   -0.39045E+02
   130    0.36239E+04    0.10338E+01    0.44628E-02   -0.39466E+02
   131    0.36577E+04    0.10380E+01    0.45355E-02   -0.39874E+02
   132    0.36915E+04    0.10418E+01    0.46090E-02   -0.40265E+02
   133    0.37252E+04    0.10450E+01    0.46832E-02   -0.40642E+02
   134    0.37589E+04    0.10479E+01    0.47582E-02   -0.41000E+02
   135    0.37926E+04    0.10503E+01    0.48339E-02   -0.41342E+02
   136    0.38261E+04    0.10521E+01    0.49104E-02   -0.41665E+02
   137    0.38596E+04    0.10536E+01    0.49877E-02   -0.41971E+02
   138    0.38931E+04    0.10545E+01    0.50658E-02   -0.42258E+02
   139    0.39263E+04    0.10551E+01    0.51446E-02   -0.42526E+02
   140    0.39595E+04    0.10551E+01    0.52243E-02   -0.42775E+02
   141    0.39925E+04    0.10546E+01    0.53047E-02   -0.43004E+02
   142    0.40255E+04    0.10537E+01    0.53859E-02   -0.43213E+02
   143    0.40585E+04    0.10524E+01    0.54678E-02   -0.43402E+02
   144    0.40911E+04    0.10505E+01    0.55506E-02   -0.43570E+02
   145    0.41237E+04    0.10483E+01    0.56342E-02   -0.43718E+02
   146    0.41563E+04    0.10456E+01    0.57185E-02   -0.43843E+02
   147    0.41885E+04    0.10425E+01    0.58037E-02   -0.43947E+02
   148    0.42206E+04    0.10389E+01    0.58896E-02   -0.44029E+02
   149    0.42527E+04    0.10349E+01    0.59764E-02   -0.44088E+02
   150    0.42844E+04    0.10306E+01    0.60639E-02   -0.44123E+02
   151    0.43160E+04    0.10258E+01    0.61523E-02   -0.44136E+02
   152    0.43472E+04    0.10205E+01    0.62414E-02   -0.44126E+02
   153    0.43784E+04    0.10149E+01    0.63314E-02   -0.44090E+02
   154    0.44093E+04    0.10089E+01    0.64222E-02   -0.44031E+02
   155    0.44400E+04    0.10026E+01    0.65138E-02   -0.43948E+02
   156    0.44703E+04    0.99599E+00    0.66062E-02   -0.43841E+02
   157    0.45005E+04    0.98899E+00    0.66994E-02   -0.43708E+02
   158    0.45305E+04    0.98172E+00    0.67934E-02   -0.43551E+02
   159    0.45601E+04    0.97403E+00    0.68883E-02   -0.43369E+02
   160    0.45895E+04    0.96607E+00    0.69840E-02   -0.43161E+02
   161    0.46187E+04    0.95791E+00    0.70805E-02   -0.42928E+02
   162    0.46476E+04    0.94940E+00    0.71778E-02   -0.42670E+02
   163    0.46763E+04    0.94062E+00    0.72759E-02   -0.42386E+02
   164    0.47046E+04    0.93163E+00    0.73749E-02   -0.42077E+02
   165    0.47327E+04    0.92238E+00    0.74747E-02   -0.41741E+02
   166    0.47605E+04    0.91300E+00    0.75754E-02   -0.41380E+02
   167    0.47881E+04    0.90326E+00    0.76769E-02   -0.40994E+02
   168    0.48152E+04    0.89356E+00    0.77792E-02   -0.40581E+02
   169    0.48420E+04    0.88357E+00    0.78823E-02   -0.40140E+02
   170    0.48686E+04    0.87354E+00    0.79863E-02   -0.39675E+02
   171    0.48946E+04    0.86345E+00    0.80911E-02   -0.39181E+02
   172    0.49203E+04    0.85323E+00    0.81968E-02   -0.38662E+02
   173    0.49455E+04    0.84289E+00    0.83033E-02   -0.38116E+02
   174    0.49704E+04    0.83272E+00    0.84107E-02   -0.37544E+02
   175    0.49949E+04    0.82242E+00    0.85188E-02   -0.36944E+02
   176    0.50189E+04    0.81221E+00    0.86278E-02   -0.36318E+02
   177    0.50425E+04    0.80202E+00    0.87377E-02   -0.35666E+02
   178    0.50656E+04    0.79208E+00    0.88484E-02   -0.34988E+02
   179    0.50883E+04    0.78208E+00    0.89599E-02   -0.34282E+02
   180    0.51107E+04    0.77224E+00    0.90723E-02   -0.33550E+02
   181    0.51325E+04    0.76257E+00    0.91854E-02   -0.32794E+02
   182    0.51539E+04    0.75313E+00    0.92994E-02   -0.32010E+02
   183    0.51747E+04    0.74387E+00    0.94143E-02   -0.31201E+02
   184    0.51952E+04    0.73483E+00    0.95299E-02   -0.30365E+02
   185    0.52152E+04    0.72618E+00    0.96464E-02   -0.29506E+02
   186    0.52344E+04    0.71778E+00    0.97636E-02   -0.28619E+02
   187    0.52535E+04    0.70975E+00    0.98817E-02   -0.27708E+02
   188    0.52720E+04    0.70210E+00    0.10001E-01   -0.26772E+02
   189    0.52899E+04    0.69484E+00    0.10120E-01   -0.25811E+02
   190    0.53077E+04    0.68805E+00    0.10241E-01   -0.24826E+02
   191    0.53246E+04    0.68172E+00    0.10362E-01   -0.23816E+02
   192    0.53411E+04    0.67590E+00    0.10484E-01   -0.22781E+02
   193    0.53570E+04    0.67061E+00    0.10607E-01   -0.21724E+02
   194    0.53726E+04    0.66590E+00    0.10730E-01   -0.20643E+02
   195    0.53875E+04    0.66179E+00    0.10854E-01   -0.19539E+02
   196    0.54019E+04    0.65832E+00    0.10979E-01   -0.18411E+02
   197    0.54158E+04    0.65554E+00    0.11105E-01   -0.17263E+02
   198    0.54292E+04    0.65346E+00    0.11231E-01   -0.16091E+02
   199    0.54421E+04    0.65213E+00    0.11359E-01   -0.14898E+02
   200    0.54545E+04    0.65157E+00    0.11486E-01   -0.13685E+02
   201    0.54663E+04    0.65184E+00    0.11615E-01   -0.12449E+02
   202    0.54776E+04    0.65295E+00    0.11744E-01   -0.11194E+02
   203    0.54883E+04    0.65496E+00    0.11874E-01   -0.99171E+01
   204    0.54983E+04    0.65787E+00    0.12004E-01   -0.86227E+01
   205    0.55078E+04    0.66175E+00    0.12135E-01   -0.73080E+01
   206    0.55167E+04    0.66663E+00    0.12267E-01   -0.59745E+01
   207    0.55250E+04    0.67252E+00    0.12399E-01   -0.46224E+01
   208    0.55326E+04    0.67948E+00    0.12532E-01   -0.32524E+01
   209    0.55397E+04    0.68753E+00    0.12665E-01   -0.18647E+01
   210    0.55461E+04    0.69671E+00    0.12799E-01   -0.46031E+00
   211    0.55520E+04    0.70707E+00    0.12934E-01    0.96078E+00
   212    0.55571E+04    0.71862E+00    0.13069E-01    0.23976E+01
   213    0.55617E+04    0.73141E+00    0.13204E-01    0.38503E+01
   214    0.55656E+04    0.74544E+00    0.13340E-01    0.53176E+01
   215    0.55690E+04    0.76088E+00    0.13477E-01    0.67987E+01
   216    0.55717E+04    0.77757E+00    0.13614E-01    0.82943E+01
   217    0.55738E+04    0.79564E+00    0.13751E-01    0.98023E+01
   218    0.55754E+04    0.81511E+00    0.13889E-01    0.11323E+02
   219    0.55763E+04    0.83596E+00    0.14027E-01    0.12857E+02
   220    0.55766E+04    0.85835E+00    0.14166E-01    0.14401E+02
   221    0.55764E+04    0.88220E+00    0.14305E-01    0.15956E+02
   222    0.55756E+04    0.90766E+00    0.14444E-01    0.17520E+02
   223    0.55740E+04    0.93465E+00    0.14584E-01    0.19096E+02
   224    0.55720E+04    0.96317E+00    0.14724E-01    0.20678E+02
   225    0.55693E+04    0.99337E+00    0.14864E-01    0.22271E+02
   226    0.55661E+04    0.10252E+01    0.15005E-01    0.23870E+02
   227    0.55621E+04    0.10588E+01    0.15146E-01    0.25476E+02
   228    0.55577E+04    0.10940E+01    0.15287E-01    0.27089E+02
   229    0.55527E+04    0.11310E+01    0.15428E-01    0.28707E+02
   230    0.55470E+04    0.11697E+01    0.15570E-01    0.30330E+02
   231    0.55406E+04    0.12103E+01    0.15712E-01    0.31958E+02
   232    0.55338E+04    0.12525E+01    0.15854E-01    0.33589E+02
   233    0.55263E+04    0.12968E+01    0.15996E-01    0.35223E+02
   234    0.55181E+04    0.13429E+01    0.16138E-01    0.36859E+02
   235    0.55094E+04    0.13908E+01    0.16281E-01    0.38496E+02
   236    0.55001E+04    0.14406E+01    0.16423E-01    0.40134E+02
   237    0.54901E+04    0.14924E+01    0.16566E-01    0.41772E+02
   238    0.54795E+04    0.15463E+01    0.16709E-01    0.43410E+02
   239    0.54685E+04    0.16020E+01    0.16852E-01    0.45047E+02
   240    0.54567E+04    0.16597E+01    0.16995E-01    0.46680E+02
   241    0.54444E+04    0.17194E+01    0.17138E-01    0.48311E+02
   242    0.54316E+04    0.17812E+01    0.17281E-01    0.49939E+02
   243    0.54182E+04    0.18450E+01    0.17424E-01    0.51563E+02
   244    0.54042E+04    0.19108E+01    0.17567E-01    0.53182E+02
   245    0.53896E+04    0.19788E+01    0.17711E-01    0.54794E+02
   246    0.53745E+04    0.20488E+01    0.17854E-01    0.56402E+02
   247    0.53588E+04    0.21209E+01    0.17997E-01    0.58001E+02
   248    0.53426E+04    0.21953E+01    0.18140E-01    0.59593E+02
   249    0.53260E+04    0.22716E+01    0.18283E-01    0.61177E+02
   250    0.53087E+04    0.23503E+01    0.18426E-01    0.62751E+02
   251    0.52910E+04    0.24309E+01    0.18568E-01    0.64316E+02
   252    0.52726E+04    0.25138E+01    0.18711E-01    0.65870E+02
   253    0.52540E+04    0.25987E+01    0.18853E-01    0.67413E+02
   254    0.52348E+04    0.26859E+01    0.18996E-01    0.68943E+02
   255    0.52150E+04    0.27751E+01    0.19138E-01    0.70462E+02
   256    0.51948E+04    0.28668E+01    0.19280E-01    0.71969E+02
   257    0.51742E+04    0.29603E+01    0.19421E-01    0.73456E+02
   258    0.51530E+04    0.30562E+01    0.19563E-01    0.74935E+02
   259    0.51314E+04    0.31542E+01    0.19704E-01    0.76392E+02
   260    0.51094E+04    0.32544E+01    0.19845E-01    0.77842E+02
   261    0.50870E+04    0.33567E+01    0.19986E-01    0.79262E+02
   262    0.50640E+04    0.34613E+01    0.20126E-01    0.80675E+02
   263    0.50408E+04    0.35680E+01    0.20266E-01    0.82073E+02
   264    0.50171E+04    0.36768E+01    0.20406E-01    0.83449E+02
   265    0.49929E+04    0.37878E+01    0.20545E-01    0.84795E+02
   266    0.49683E+04    0.39010E+01    0.20684E-01    0.86134E+02
   267    0.49433E+04    0.40162E+01    0.20823E-01    0.87444E+02
   268    0.49179E+04    0.41337E+01    0.20961E-01    0.88739E+02
   269    0.48919E+04    0.42532E+01    0.21099E-01    0.90012E+02
   270    0.48658E+04    0.43749E+01    0.21237E-01    0.91263E+02
   271    0.48392E+04    0.44985E+01    0.21374E-01    0.92491E+02
   272    0.48124E+04    0.46245E+01    0.21510E-01    0.93691E+02
   273    0.47851E+04    0.47521E+01    0.21646E-01    0.94876E+02
   274    0.47576E+04    0.48821E+01    0.21782E-01    0.96024E+02
   275    0.47297E+04    0.50139E+01    0.21917E-01    0.97157E+02
   276    0.47016E+04    0.51477E+01    0.22052E-01    0.98254E+02
   277    0.46730E+04    0.52835E+01    0.22186E-01    0.99336E+02
   278    0.46442E+04    0.54213E+01    0.22319E-01    0.10038E+03
   279    0.46152E+04    0.55609E+01    0.22452E-01    0.10140E+03
   280    0.45858E+04    0.57024E+01    0.22585E-01    0.10240E+03
   281    0.45563E+04    0.58458E+01    0.22716E-01    0.10337E+03
   282    0.45263E+04    0.59909E+01    0.22848E-01    0.10430E+03
   283    0.44963E+04    0.61379E+01    0.22978E-01    0.10521E+03
   284    0.44660E+04    0.62867E+01    0.23108E-01    0.10609E+03
   285    0.44354E+04    0.64372E+01    0.23238E-01    0.10693E+03
   286    0.44046E+04    0.65894E+01    0.23367E-01    0.10775E+03
   287    0.43736E+04    0.67433E+01    0.23495E-01    0.10854E+03
   288    0.43424E+04    0.68988E+01    0.23623E-01    0.10929E+03
   289    0.43110E+04    0.70559E+01    0.23750E-01    0.11001E+03
   290    0.42795E+04    0.72144E+01    0.23876E-01    0.11071E+03
   291    0.42478E+04    0.73751E+01    0.24001E-01    0.11136E+03
   292    0.42157E+04    0.75368E+01    0.24126E-01    0.11199E+03
   293    0.41837E+04    0.76993E+01    0.24251E-01    0.11258E+03
   294    0.41515E+04    0.78639E+01    0.24374E-01    0.11314E+03
   295    0.41193E+04    0.80292E+01    0.24497E-01    0.11366E+03
   296    0.40868E+04    0.81966E+01    0.24620E-01    0.11415E+03
   297    0.40543E+04    0.83640E+01    0.24741E-01    0.11462E+03
   298    0.40216E+04    0.85336E+01    0.24862E-01    0.11504E+03
   299    0.39888E+04    0.87047E+01    0.24983E-01    0.11542E+03
   300    0.39559E+04    0.88756E+01    0.25102E-01    0.11577E+03
   301    0.39230E+04    0.90480E+01    0.25221E-01    0.11608E+03
   302    0.38900E+04    0.92211E+01    0.25339E-01    0.11637E+03
   303    0.38570E+04    0.93957E+01    0.25457E-01    0.11662E+03
   304    0.38239E+04    0.95716E+01    0.25574E-01    0.11682E+03
   305    0.37908E+04    0.97476E+01    0.25690E-01    0.11699E+03
   306    0.37576E+04    0.99242E+01    0.25805E-01    0.11713E+03
   307    0.37245E+04    0.10102E+02    0.25920E-01    0.11722E+03
   308    0.36913E+04    0.10281E+02    0.26034E-01    0.11729E+03
   309    0.36583E+04    0.10460E+02    0.26147E-01    0.11731E+03
   310    0.36251E+04    0.10638E+02    0.26260E-01    0.11730E+03
   311    0.35920E+04    0.10819E+02    0.26372E-01    0.11725E+03
   312    0.35590E+04    0.10999E+02    0.26483E-01    0.11717E+03
   313    0.35261E+04    0.11180E+02    0.26594E-01    0.11704E+03
   314    0.34931E+04    0.11362E+02    0.26704E-01    0.11689E+03
   315    0.34603E+04    0.11543E+02    0.26813E-01    0.11669E+03
   316    0.34275E+04    0.11724E+02    0.26922E-01    0.11646E+03
   317    0.33949E+04    0.11905E+02    0.27030E-01    0.11619E+03
   318    0.33622E+04    0.12087E+02    0.27137E-01    0.11588E+03
   319    0.33298E+04    0.12268E+02    0.27244E-01    0.11554E+03
   320    0.32975E+04    0.12450E+02    0.27350E-01    0.11517E+03
   321    0.32652E+04    0.12632E+02    0.27455E-01    0.11475E+03
   322    0.32331E+04    0.12813E+02    0.27560E-01    0.11430E+03
   323    0.32012E+04    0.12993E+02    0.27664E-01    0.11381E+03
   324    0.31694E+04    0.13175E+02    0.27767E-01    0.11328E+03
   325    0.31378E+04    0.13353E+02    0.27870E-01    0.11273E+03
   326    0.31063E+04    0.13533E+02    0.27972E-01    0.11212E+03
   327    0.30751E+04    0.13712E+02    0.28074E-01    0.11149E+03
   328    0.30440E+04    0.13890E+02    0.28175E-01    0.11083E+03
   329    0.30131E+04    0.14067E+02    0.28275E-01    0.11012E+03
   330    0.29824E+04    0.14243E+02    0.28375E-01    0.10938E+03
   331    0.29520E+04    0.14419E+02    0.28474E-01    0.10861E+03
   332    0.29218E+04    0.14594E+02    0.28573E-01    0.10781E+03
   333    0.28917E+04    0.14768E+02    0.28671E-01    0.10697E+03
   334    0.28620E+04    0.14941E+02    0.28768E-01    0.10610E+03
   335    0.28324E+04    0.15112E+02    0.28865E-01    0.10519E+03
   336    0.28031E+04    0.15283E+02    0.28961E-01    0.10425E+03
   337    0.27741E+04    0.15452E+02    0.29057E-01    0.10327E+03
   338    0.27453E+04    0.15619E+02    0.29153E-01    0.10226E+03
   339    0.27169E+04    0.15787E+02    0.29247E-01    0.10122E+03
   340    0.26887E+04    0.15952E+02    0.29342E-01    0.10016E+03
   341    0.26607E+04    0.16115E+02    0.29436E-01    0.99055E+02
   342    0.26331E+04    0.16278E+02    0.29529E-01    0.97920E+02
   343    0.26057E+04    0.16438E+02    0.29622E-01    0.96757E+02
   344    0.25788E+04    0.16597E+02    0.29715E-01    0.95564E+02
   345    0.25520E+04    0.16753E+02    0.29807E-01    0.94342E+02
   346    0.25256E+04    0.16909E+02    0.29899E-01    0.93099E+02
   347    0.24995E+04    0.17062E+02    0.29990E-01    0.91819E+02
   348    0.24738E+04    0.17212E+02    0.30081E-01    0.90510E+02
   349    0.24484E+04    0.17361E+02    0.30172E-01    0.89172E+02
   350    0.24233E+04    0.17508E+02    0.30262E-01    0.87812E+02
   351    0.23987E+04    0.17653E+02    0.30352E-01    0.86423E+02
   352    0.23743E+04    0.17795E+02    0.30442E-01    0.85006E+02
   353    0.23503E+04    0.17935E+02    0.30532E-01    0.83573E+02
   354    0.23266E+04    0.18073E+02    0.30621E-01    0.82105E+02
   355    0.23033E+04    0.18208E+02    0.30710E-01    0.80614E+02
   356    0.22804E+04    0.18341E+02    0.30799E-01    0.79110E+02
   357    0.22579E+04    0.18472E+02    0.30888E-01    0.77576E+02
   358    0.22358E+04    0.18599E+02    0.30976E-01    0.76028E+02
   359    0.22139E+04    0.18723E+02    0.31064E-01    0.74450E+02
   360    0.21926E+04    0.18846E+02    0.31153E-01    0.72855E+02
   361    0.21715E+04    0.18965E+02    0.31241E-01    0.71237E+02
   362    0.21510E+04    0.19082E+02    0.31329E-01    0.69599E+02
   363    0.21307E+04    0.19196E+02    0.31417E-01    0.67944E+02
   364    0.21110E+04    0.19306E+02    0.31505E-01    0.66268E+02
   365    0.20915E+04    0.19414E+02    0.31592E-01    0.64577E+02
   366    0.20725E+04    0.19519E+02    0.31680E-01    0.62867E+02
   367    0.20540E+04    0.19620E+02    0.31768E-01    0.61142E+02
   368    0.20357E+04    0.19719E+02    0.31856E-01    0.59402E+02
   369    0.20181E+04    0.19814E+02    0.31944E-01    0.57646E+02
   370    0.20008E+04    0.19906E+02    0.32032E-01    0.55877E+02
   371    0.19838E+04    0.19995E+02    0.32120E-01    0.54094E+02
   372    0.19673E+04    0.20080E+02    0.32208E-01    0.52300E+02
   373    0.19512E+04    0.20162E+02    0.32297E-01    0.50492E+02
   374    0.19356E+04    0.20241E+02    0.32385E-01    0.48673E+02
   375    0.19203E+04    0.20317E+02    0.32474E-01    0.46845E+02
   376    0.19056E+04    0.20389E+02    0.32563E-01    0.45007E+02
   377    0.18912E+04    0.20458E+02    0.32652E-01    0.43161E+02
   378    0.18773E+04    0.20522E+02    0.32741E-01    0.41305E+02
   379    0.18637E+04    0.20584E+02    0.32831E-01    0.39443E+02
   380    0.18507E+04    0.20643E+02    0.32921E-01    0.37573E+02
   381    0.18381E+04    0.20695E+02    0.33011E-01    0.35698E+02
   382    0.18258E+04    0.20746E+02    0.33101E-01    0.33819E+02
   383    0.18140E+04    0.20793E+02    0.33192E-01    0.31934E+02
   384    0.18027E+04    0.20835E+02    0.33283E-01    0.30046E+02
   385    0.17917E+04    0.20875E+02    0.33374E-01    0.28156E+02
   386    0.17813E+04    0.20911E+02    0.33466E-01    0.26263E+02
   387    0.17712E+04    0.20943E+02    0.33557E-01    0.24369E+02
   388    0.17615E+04    0.20971E+02    0.33650E-01    0.22475E+02
   389    0.17523E+04    0.20993E+02    0.33742E-01    0.20581E+02
   390    0.17435E+04    0.21014E+02    0.33836E-01    0.18689E+02
   391    0.17351E+04    0.21031E+02    0.33929E-01    0.16798E+02
   392    0.17271E+04    0.21045E+02    0.34023E-01    0.14910E+02
   393    0.17196E+04    0.21055E+02    0.34117E-01    0.13025E+02
   394    0.17125E+04    0.21060E+02    0.34212E-01    0.11146E+02
   395    0.17058E+04    0.21062E+02    0.34307E-01    0.92692E+01
   396    0.16995E+04    0.21059E+02    0.34403E-01    0.73999E+01
   397    0.16936E+04    0.21054E+02    0.34499E-01    0.55363E+01
   398    0.16881E+04    0.21044E+02    0.34596E-01    0.36797E+01
   399    0.16830E+04    0.21030E+02    0.34693E-01    0.18310E+01
   400    0.16783E+04    0.21013E+02    0.34790E-01   -0.90604E-02
   401    0.16740E+04    0.20991E+02    0.34888E-01   -0.18398E+01
   402    0.16702E+04    0.20966E+02    0.34987E-01   -0.36604E+01
   403    0.16667E+04    0.20937E+02    0.35086E-01   -0.54703E+01
   404    0.16636E+04    0.20904E+02    0.35186E-01   -0.72679E+01
   405    0.16609E+04    0.20867E+02    0.35286E-01   -0.90540E+01
   406    0.16586E+04    0.20827E+02    0.35387E-01   -0.10826E+02
   407    0.16566E+04    0.20782E+02    0.35489E-01   -0.12587E+02
   408    0.16550E+04    0.20734E+02    0.35591E-01   -0.14330E+02
   409    0.16539E+04    0.20684E+02    0.35693E-01   -0.16060E+02
   410    0.16531E+04    0.20628E+02    0.35797E-01   -0.17774E+02
   411    0.16526E+04    0.20569E+02    0.35901E-01   -0.19471E+02
   412    0.16525E+04    0.20507E+02    0.36005E-01   -0.21151E+02
   413    0.16528E+04    0.20441E+02    0.36110E-01   -0.22814E+02
   414    0.16533E+04    0.20372E+02    0.36216E-01   -0.24458E+02
   415    0.16543E+04    0.20299E+02    0.36323E-01   -0.26083E+02
   416    0.16556E+04    0.20223E+02    0.36430E-01   -0.27688E+02
   417    0.16571E+04    0.20143E+02    0.36538E-01   -0.29275E+02
   418    0.16590E+04    0.20059E+02    0.36647E-01   -0.30839E+02
   419    0.16613E+04    0.19972E+02    0.36757E-01   -0.32381E+02
   420    0.16639E+04    0.19883E+02    0.36867E-01   -0.33902E+02
   421    0.16669E+04    0.19790E+02    0.36978E-01   -0.35399E+02
   422    0.16701E+04    0.19693E+02    0.37090E-01   -0.36875E+02
   423    0.16736E+04    0.19593E+02    0.37202E-01   -0.38326E+02
   424    0.16773E+04    0.19489E+02    0.37316E-01   -0.39753E+02
   425    0.16815E+04    0.19383E+02    0.37430E-01   -0.41154E+02
   426    0.16859E+04    0.19274E+02    0.37545E-01   -0.42530E+02
   427    0.16905E+04    0.19161E+02    0.37661E-01   -0.43882E+02
   428    0.16954E+04    0.19046E+02    0.37777E-01   -0.45206E+02
   429    0.17006E+04    0.18928E+02    0.37895E-01   -0.46503E+02
   430    0.17061E+04    0.18807E+02    0.38013E-01   -0.47773E+02
   431    0.17118E+04    0.18683E+02    0.38132E-01   -0.49016E+02
   432    0.17177E+04    0.18557E+02    0.38252E-01   -0.50231E+02
   433    0.17240E+04    0.18428E+02    0.38373E-01   -0.51416E+02
   434    0.17304E+04    0.18296E+02    0.38495E-01   -0.52574E+02
   435    0.17370E+04    0.18163E+02    0.38618E-01   -0.53702E+02
   436    0.17439E+04    0.18027E+02    0.38741E-01   -0.54801E+02
   437    0.17510E+04    0.17888E+02    0.38866E-01   -0.55868E+02
   438    0.17583E+04    0.17747E+02    0.38991E-01   -0.56905E+02
   439    0.17659E+04    0.17604E+02    0.39117E-01   -0.57913E+02
   440    0.17736E+04    0.17458E+02    0.39244E-01   -0.58888E+02
   441    0.17815E+04    0.17311E+02    0.39372E-01   -0.59834E+02
   442    0.17895E+04    0.17161E+02    0.39501E-01   -0.60747E+02
   443    0.17978E+04    0.17009E+02    0.39631E-01   -0.61628E+02
   444    0.18063E+04    0.16857E+02    0.39761E-01   -0.62476E+02
   445    0.18149E+04    0.16700E+02    0.39892E-01   -0.63292E+02
   446    0.18236E+04    0.16544E+02    0.40024E-01   -0.64075E+02
   447    0.18325E+04    0.16386E+02    0.40157E-01   -0.64826E+02
   448    0.18415E+04    0.16225E+02    0.40291E-01   -0.65544E+02
   449    0.18507E+04    0.16064E+02    0.40425E-01   -0.66228E+02
   450    0.18600E+04    0.15901E+02    0.40561E-01   -0.66879E+02
   451    0.18695E+04    0.15737E+02    0.40697E-01   -0.67496E+02
   452    0.18790E+04    0.15572E+02    0.40833E-01   -0.68081E+02
   453    0.18887E+04    0.15406E+02    0.40971E-01   -0.68632E+02
   454    0.18984E+04    0.15239E+02    0.41109E-01   -0.69149E+02
   455    0.19082E+04    0.15071E+02    0.41248E-01   -0.69634E+02
   456    0.19182E+04    0.14901E+02    0.41387E-01   -0.70079E+02
   457    0.19282E+04    0.14732E+02    0.41527E-01   -0.70499E+02
   458    0.19383E+04    0.14562E+02    0.41668E-01   -0.70874E+02
   459    0.19485E+04    0.14391E+02    0.41810E-01   -0.71221E+02
   460    0.19587E+04    0.14220E+02    0.41952E-01   -0.71534E+02
   461    0.19690E+04    0.14048E+02    0.42094E-01   -0.71813E+02
   462    0.19793E+04    0.13875E+02    0.42237E-01   -0.72052E+02
   463    0.19897E+04    0.13703E+02    0.42381E-01   -0.72270E+02
   464    0.20000E+04    0.13532E+02    0.42525E-01   -0.72437E+02
   465    0.20104E+04    0.13360E+02    0.42669E-01   -0.72584E+02
   466    0.20208E+04    0.13187E+02    0.42814E-01   -0.72686E+02
   467    0.20313E+04    0.13015E+02    0.42960E-01   -0.72760E+02
   468    0.20417E+04    0.12844E+02    0.43105E-01   -0.72798E+02
   469    0.20522E+04    0.12672E+02    0.43252E-01   -0.72808E+02
   470    0.20627E+04    0.12501E+02    0.43398E-01   -0.72781E+02
   471    0.20730E+04    0.12332E+02    0.43545E-01   -0.72719E+02
   472    0.20834E+04    0.12163E+02    0.43692E-01   -0.72627E+02
   473    0.20938E+04    0.11994E+02    0.43840E-01   -0.72500E+02
   474    0.21042E+04    0.11827E+02    0.43988E-01   -0.72344E+02
   475    0.21146E+04    0.11660E+02    0.44136E-01   -0.72151E+02
   476    0.21248E+04    0.11495E+02    0.44284E-01   -0.71925E+02
   477    0.21350E+04    0.11330E+02    0.44433E-01   -0.71675E+02
   478    0.21452E+04    0.11167E+02    0.44582E-01   -0.71382E+02
   479    0.21553E+04    0.11005E+02    0.44731E-01   -0.71070E+02
   480    0.21653E+04    0.10845E+02    0.44880E-01   -0.70721E+02
   481    0.21753E+04    0.10686E+02    0.45030E-01   -0.70337E+02
   482    0.21853E+04    0.10529E+02    0.45179E-01   -0.69926E+02
   483    0.21951E+04    0.10374E+02    0.45329E-01   -0.69489E+02
   484    0.22047E+04    0.10220E+02    0.45479E-01   -0.69020E+02
   485    0.22144E+04    0.10069E+02    0.45629E-01   -0.68520E+02
   486    0.22240E+04    0.99194E+01    0.45779E-01   -0.67993E+02
   487    0.22334E+04    0.97724E+01    0.45929E-01   -0.67437E+02
   488    0.22427E+04    0.96268E+01    0.46080E-01   -0.66853E+02
   489    0.22519E+04    0.94839E+01    0.46230E-01   -0.66240E+02
   490    0.22610E+04    0.93439E+01    0.46381E-01   -0.65600E+02
   491    0.22699E+04    0.92060E+01    0.46531E-01   -0.64935E+02
   492    0.22788E+04    0.90708E+01    0.46682E-01   -0.64243E+02
   493    0.22875E+04    0.89370E+01    0.46832E-01   -0.63524E+02
   494    0.22961E+04    0.88074E+01    0.46983E-01   -0.62781E+02
   495    0.23045E+04    0.86799E+01    0.47134E-01   -0.62012E+02
   496    0.23127E+04    0.85560E+01    0.47284E-01   -0.61220E+02
   497    0.23208E+04    0.84348E+01    0.47435E-01   -0.60403E+02
   498    0.23288E+04    0.83156E+01    0.47585E-01   -0.59564E+02
   499    0.23366E+04    0.82007E+01    0.47736E-01   -0.58701E+02
   500    0.23443E+04    0.80878E+01    0.47886E-01   -0.57817E+02
   501    0.23517E+04    0.79791E+01    0.48037E-01   -0.56911E+02
   502    0.23591E+04    0.78739E+01    0.48187E-01   -0.55984E+02
   503    0.23662E+04    0.77715E+01    0.48337E-01   -0.55037E+02
   504    0.23731E+04    0.76726E+01    0.48487E-01   -0.54068E+02
   505    0.23800E+04    0.75779E+01    0.48637E-01   -0.53083E+02
   506    0.23866E+04    0.74868E+01    0.48786E-01   -0.52077E+02
   507    0.23931E+04    0.73991E+01    0.48936E-01   -0.51054E+02
   508    0.23993E+04    0.73157E+01    0.49085E-01   -0.50013E+02
   509    0.24053E+04    0.72358E+01    0.49234E-01   -0.48956E+02
   510    0.24111E+04    0.71599E+01    0.49382E-01   -0.47883E+02
   511    0.24168E+04    0.70878E+01    0.49531E-01   -0.46794E+02
   512    0.24222E+04    0.70199E+01    0.49679E-01   -0.45691E+02
   513    0.24275E+04    0.69560E+01    0.49826E-01   -0.44574E+02
   514    0.24326E+04    0.68964E+01    0.49973E-01   -0.43444E+02
   515    0.24374E+04    0.68409E+01    0.50120E-01   -0.42300E+02
   516    0.24420E+04    0.67898E+01    0.50266E-01   -0.41145E+02
   517    0.24464E+04    0.67431E+01    0.50412E-01   -0.39978E+02
   518    0.24506E+04    0.67007E+01    0.50557E-01   -0.38801E+02
   519    0.24547E+04    0.66627E+01    0.50702E-01   -0.37613E+02
   520    0.24585E+04    0.66292E+01    0.50846E-01   -0.36416E+02
   521    0.24620E+04    0.66002E+01    0.50990E-01   -0.35211E+02
   522    0.24652E+04    0.65759E+01    0.51133E-01   -0.33998E+02
   523    0.24684E+04    0.65561E+01    0.51275E-01   -0.32778E+02
   524    0.24713E+04    0.65409E+01    0.51416E-01   -0.31552E+02
   525    0.24739E+04    0.65304E+01    0.51557E-01   -0.30318E+02
   526    0.24763E+04    0.65247E+01    0.51696E-01   -0.29080E+02
   527    0.24787E+04    0.65236E+01    0.51835E-01   -0.27838E+02
   528    0.24807E+04    0.65272E+01    0.51973E-01   -0.26593E+02
   529    0.24825E+04    0.65359E+01    0.52111E-01   -0.25344E+02
   530    0.24840E+04    0.65493E+01    0.52247E-01   -0.24095E+02
   531    0.24855E+04    0.65674E+01    0.52382E-01   -0.22842E+02
   532    0.24865E+04    0.65905E+01    0.52516E-01   -0.21589E+02
   533    0.24874E+04    0.66184E+01    0.52649E-01   -0.20337E+02
   534    0.24880E+04    0.66513E+01    0.52781E-01   -0.19085E+02
   535    0.24885E+04    0.66891E+01    0.52912E-01   -0.17835E+02
   536    0.24887E+04    0.67318E+01    0.53042E-01   -0.16586E+02
   537    0.24888E+04    0.67794E+01    0.53171E-01   -0.15341E+02
   538    0.24885E+04    0.68321E+01    0.53298E-01   -0.14099E+02
   539    0.24880E+04    0.68895E+01    0.53425E-01   -0.12861E+02
   540    0.24874E+04    0.69522E+01    0.53550E-01   -0.11629E+02
   541    0.24865E+04    0.70196E+01    0.53674E-01   -0.10401E+02
   542    0.24854E+04    0.70920E+01    0.53796E-01   -0.91810E+01
   543    0.24840E+04    0.71694E+01    0.53917E-01   -0.79675E+01
   544    0.24826E+04    0.72518E+01    0.54037E-01   -0.67617E+01
   545    0.24808E+04    0.73391E+01    0.54156E-01   -0.55642E+01
   546    0.24788E+04    0.74310E+01    0.54273E-01   -0.43758E+01
   547    0.24766E+04    0.75279E+01    0.54389E-01   -0.31970E+01
   548    0.24743E+04    0.76296E+01    0.54504E-01   -0.20286E+01
   549    0.24717E+04    0.77363E+01    0.54618E-01   -0.87139E+00
   550    0.24689E+04    0.78479E+01    0.54730E-01    0.27415E+00
   551    0.24660E+04    0.79644E+01    0.54840E-01    0.14074E+01
   552    0.24628E+04    0.80858E+01    0.54950E-01    0.25274E+01
   553    0.24594E+04    0.82107E+01    0.55058E-01    0.36339E+01
   554    0.24558E+04    0.83419E+01    0.55164E-01    0.47260E+01
   555    0.24521E+04    0.84773E+01    0.55270E-01    0.58030E+01
   556    0.24480E+04    0.86177E+01    0.55374E-01    0.68647E+01
   557    0.24439E+04    0.87622E+01    0.55476E-01    0.79094E+01
   558    0.24395E+04    0.89124E+01    0.55578E-01    0.89376E+01
   559    0.24350E+04    0.90661E+01    0.55678E-01    0.99487E+01
   560    0.24303E+04    0.92240E+01    0.55776E-01    0.10941E+02
   561    0.24253E+04    0.93868E+01    0.55874E-01    0.11915E+02
   562    0.24203E+04    0.95546E+01    0.55970E-01    0.12870E+02
   563    0.24151E+04    0.97258E+01    0.56065E-01    0.13806E+02
   564    0.24097E+04    0.99027E+01    0.56158E-01    0.14720E+02
   565    0.24041E+04    0.10082E+02    0.56251E-01    0.15614E+02
   566    0.23984E+04    0.10267E+02    0.56342E-01    0.16487E+02
   567    0.23926E+04    0.10455E+02    0.56432E-01    0.17337E+02
   568    0.23865E+04    0.10648E+02    0.56520E-01    0.18165E+02
   569    0.23803E+04    0.10846E+02    0.56608E-01    0.18972E+02
   570    0.23740E+04    0.11046E+02    0.56694E-01    0.19753E+02
   571    0.23675E+04    0.11251E+02    0.56779E-01    0.20511E+02
   572    0.23608E+04    0.11460E+02    0.56863E-01    0.21245E+02
   573    0.23541E+04    0.11672E+02    0.56945E-01    0.21953E+02
   574    0.23472E+04    0.11888E+02    0.57027E-01    0.22637E+02
   575    0.23402E+04    0.12108E+02    0.57107E-01    0.23294E+02
   576    0.23331E+04    0.12331E+02    0.57186E-01    0.23926E+02
   577    0.23258E+04    0.12558E+02    0.57264E-01    0.24532E+02
   578    0.23184E+04    0.12788E+02    0.57340E-01    0.25110E+02
   579    0.23109E+04    0.13022E+02    0.57416E-01    0.25662E+02
   580    0.23034E+04    0.13258E+02    0.57490E-01    0.26186E+02
   581    0.22956E+04    0.13498E+02    0.57563E-01    0.26683E+02
   582    0.22878E+04    0.13741E+02    0.57635E-01    0.27151E+02
   583    0.22799E+04    0.13987E+02    0.57706E-01    0.27590E+02
   584    0.22719E+04    0.14236E+02    0.57776E-01    0.28001E+02
   585    0.22638E+04    0.14487E+02    0.57844E-01    0.28383E+02
   586    0.22556E+04    0.14741E+02    0.57911E-01    0.28735E+02
   587    0.22474E+04    0.14998E+02    0.57977E-01    0.29058E+02
   588    0.22391E+04    0.15258E+02    0.58042E-01    0.29350E+02
   589    0.22307E+04    0.15520E+02    0.58105E-01    0.29613E+02
   590    0.22222E+04    0.15784E+02    0.58167E-01    0.29846E+02
   591    0.22137E+04    0.16051E+02    0.58228E-01    0.30048E+02
   592    0.22051E+04    0.16319E+02    0.58288E-01    0.30219E+02
   593    0.21964E+04    0.16590E+02    0.58346E-01    0.30361E+02
   594    0.21876E+04    0.16863E+02    0.58403E-01    0.30470E+02
   595    0.21788E+04    0.17137E+02    0.58459E-01    0.30549E+02
   596    0.21701E+04    0.17414E+02    0.58513E-01    0.30597E+02
   597    0.21613E+04    0.17690E+02    0.58566E-01    0.30613E+02
   598    0.21526E+04    0.17970E+02    0.58618E-01    0.30598E+02
   599    0.21438E+04    0.18251E+02    0.58668E-01    0.30553E+02
   600    0.21349E+04    0.18533E+02    0.58717E-01    0.30475E+02
   601    0.21260E+04    0.18816E+02    0.58765E-01    0.30366E+02
   602    0.21171E+04    0.19100E+02    0.58811E-01    0.30225E+02
   603    0.21081E+04    0.19386E+02    0.58856E-01    0.30053E+02
   604    0.20992E+04    0.19672E+02    0.58900E-01    0.29850E+02
   605    0.20903E+04    0.19958E+02    0.58942E-01    0.29615E+02
   606    0.20814E+04    0.20246E+02    0.58983E-01    0.29349E+02
   607    0.20724E+04    0.20534E+02    0.59022E-01    0.29051E+02
   608    0.20635E+04    0.20822E+02    0.59060E-01    0.28722E+02
   609    0.20547E+04    0.21110E+02    0.59097E-01    0.28361E+02
   610    0.20458E+04    0.21399E+02    0.59133E-01    0.27969E+02
   611    0.20370E+04    0.21688E+02    0.59167E-01    0.27546E+02
   612    0.20282E+04    0.21977E+02    0.59200E-01    0.27092E+02
   613    0.20194E+04    0.22264E+02    0.59231E-01    0.26607E+02
   614    0.20107E+04    0.22552E+02    0.59262E-01    0.26090E+02
   615    0.20020E+04    0.22839E+02    0.59291E-01    0.25544E+02
   616    0.19934E+04    0.23127E+02    0.59319E-01    0.24967E+02
   617    0.19849E+04    0.23414E+02    0.59346E-01    0.24359E+02
   618    0.19764E+04    0.23700E+02    0.59372E-01    0.23721E+02
   619    0.19679E+04    0.23987E+02    0.59396E-01    0.23055E+02
   620    0.19596E+04    0.24271E+02    0.59420E-01    0.22359E+02
   621    0.19513E+04    0.24554E+02    0.59442E-01    0.21633E+02
   622    0.19431E+04    0.24837E+02    0.59464E-01    0.20877E+02
   623    0.19350E+04    0.25117E+02    0.59484E-01    0.20094E+02
   624    0.19269E+04    0.25396E+02    0.59504E-01    0.19282E+02
   625    0.19188E+04    0.25674E+02    0.59522E-01    0.18441E+02
   626    0.19110E+04    0.25950E+02    0.59540E-01    0.17572E+02
   627    0.19032E+04    0.26225E+02    0.59558E-01    0.16676E+02
   628    0.18955E+04    0.26497E+02    0.59574E-01    0.15753E+02
   629    0.18880E+04    0.26767E+02    0.59590E-01    0.14802E+02
   630    0.18804E+04    0.27035E+02    0.59605E-01    0.13824E+02
   631    0.18730E+04    0.27302E+02    0.59619E-01    0.12822E+02
   632    0.18658E+04    0.27565E+02    0.59633E-01    0.11792E+02
   633    0.18586E+04    0.27827E+02    0.59646E-01    0.10737E+02
   634    0.18516E+04    0.28085E+02    0.59659E-01    0.96582E+01
   635    0.18447E+04    0.28342E+02    0.59672E-01    0.85546E+01
   636    0.18379E+04    0.28596E+02    0.59684E-01    0.74270E+01
   637    0.18312E+04    0.28846E+02    0.59696E-01    0.62751E+01
   638    0.18247E+04    0.29095E+02    0.59708E-01    0.51008E+01
   639    0.18183E+04    0.29339E+02    0.59719E-01    0.39032E+01
   640    0.18121E+04    0.29582E+02    0.59730E-01    0.26839E+01
   641    0.18060E+04    0.29821E+02    0.59741E-01    0.14427E+01
   642    0.17999E+04    0.30055E+02    0.59752E-01    0.18039E+00
   643    0.17941E+04    0.30288E+02    0.59763E-01   -0.11025E+01
   644    0.17885E+04    0.30516E+02    0.59773E-01   -0.24055E+01
   645    0.17829E+04    0.30740E+02    0.59784E-01   -0.37282E+01
   646    0.17775E+04    0.30962E+02    0.59795E-01   -0.50700E+01
   647    0.17723E+04    0.31179E+02    0.59805E-01   -0.64308E+01
   648    0.17672E+04    0.31392E+02    0.59816E-01   -0.78088E+01
   649    0.17623E+04    0.31601E+02    0.59827E-01   -0.92046E+01
   650    0.17576E+04    0.31806E+02    0.59838E-01   -0.10617E+02
   651    0.17530E+04    0.32008E+02    0.59849E-01   -0.12046E+02
   652    0.17485E+04    0.32206E+02    0.59860E-01   -0.13490E+02
   653    0.17443E+04    0.32398E+02    0.59871E-01   -0.14949E+02
   654    0.17402E+04    0.32586E+02    0.59882E-01   -0.16422E+02
   655    0.17362E+04    0.32771E+02    0.59893E-01   -0.17909E+02
   656    0.17325E+04    0.32950E+02    0.59905E-01   -0.19409E+02
   657    0.17290E+04    0.33125E+02    0.59917E-01   -0.20920E+02
   658    0.17255E+04    0.33296E+02    0.59929E-01   -0.22444E+02
   659    0.17223E+04    0.33462E+02    0.59941E-01   -0.23979E+02
   660    0.17193E+04    0.33622E+02    0.59953E-01   -0.25523E+02
   661    0.17164E+04    0.33778E+02    0.59965E-01   -0.27077E+02
   662    0.17138E+04    0.33929E+02    0.59978E-01   -0.28641E+02
   663    0.17112E+04    0.34076E+02    0.59990E-01   -0.30213E+02
   664    0.17089E+04    0.34216E+02    0.60003E-01   -0.31793E+02
   665    0.17067E+04    0.34352E+02    0.60016E-01   -0.33379E+02
   666    0.17047E+04    0.34483E+02    0.60028E-01   -0.34972E+02
   667    0.17030E+04    0.34608E+02    0.60041E-01   -0.36571E+02
   668    0.17013E+04    0.34729E+02    0.60055E-01   -0.38175E+02
   669    0.16999E+04    0.34844E+02    0.60068E-01   -0.39783E+02
   670    0.16986E+04    0.34954E+02    0.60081E-01   -0.41393E+02
   671    0.16976E+04    0.35059E+02    0.60094E-01   -0.43008E+02
   672    0.16967E+04    0.35158E+02    0.60108E-01   -0.44625E+02
   673    0.16960E+04    0.35252E+02    0.60122E-01   -0.46242E+02
   674    0.16955E+04    0.35341E+02    0.60135E-01   -0.47861E+02
   675    0.16951E+04    0.35423E+02    0.60149E-01   -0.49480E+02
   676    0.16950E+04    0.35501E+02    0.60163E-01   -0.51098E+02
   677    0.16950E+04    0.35573E+02    0.60177E-01   -0.52714E+02
   678    0.16952E+04    0.35638E+02    0.60191E-01   -0.54329E+02
   679    0.16956E+04    0.35699E+02    0.60205E-01   -0.55942E+02
   680    0.16963E+04    0.35754E+02    0.60219E-01   -0.57551E+02
   681    0.16971E+04    0.35804E+02    0.60233E-01   -0.59155E+02
   682    0.16980E+04    0.35847E+02    0.60248E-01   -0.60756E+02
   683    0.16992E+04    0.35886E+02    0.60263E-01   -0.62353E+02
   684    0.17005E+04    0.35917E+02    0.60277E-01   -0.63943E+02
   685    0.17019E+04    0.35943E+02    0.60293E-01   -0.65527E+02
   686    0.17035E+04    0.35964E+02    0.60308E-01   -0.67096E+02
   687    0.17054E+04    0.35979E+02    0.60323E-01   -0.68660E+02
   688    0.17074E+04    0.35988E+02    0.60339E-01   -0.70219E+02
   689    0.17096E+04    0.35991E+02    0.60356E-01   -0.71765E+02
   690    0.17119E+04    0.35990E+02    0.60372E-01   -0.73304E+02
   691    0.17145E+04    0.35981E+02    0.60389E-01   -0.74830E+02
   692    0.17172E+04    0.35968E+02    0.60406E-01   -0.76343E+02
   693    0.17200E+04    0.35949E+02    0.60424E-01   -0.77850E+02
   694    0.17230E+04    0.35923E+02    0.60443E-01   -0.79336E+02
   695    0.17262E+04    0.35894E+02    0.60461E-01   -0.80810E+02
   696    0.17296E+04    0.35858E+02    0.60481E-01   -0.82285E+02
   697    0.17332E+04    0.35816E+02    0.60501E-01   -0.83732E+02
   698    0.17368E+04    0.35768E+02    0.60522E-01   -0.85167E+02
   699    0.17406E+04    0.35716E+02    0.60543E-01   -0.86581E+02
   700    0.17446E+04    0.35657E+02    0.60565E-01   -0.87983E+02
