#    L    TT             EE             TE             PP             TP          
     2    0.11355E+04    0.54909E-01    0.34563E+01    0.10130E+07    0.31868E+05
     3    0.10552E+04    0.88312E-01    0.42960E+01    0.15566E+07    0.37856E+05
     4    0.98129E+03    0.97755E-01    0.43864E+01    0.20389E+07    0.40666E+05
     5    0.92442E+03    0.85338E-01    0.40402E+01    0.24641E+07    0.41750E+05
     6    0.88312E+03    0.62030E-01    0.34959E+01    0.28385E+07    0.41878E+05
     7    0.85439E+03    0.38881E-01    0.29011E+01    0.31698E+07    0.41473E+05
     8    0.83493E+03    0.22214E-01    0.23441E+01    0.34641E+07    0.40720E+05
     9    0.82253E+03    0.13102E-01    0.18691E+01    0.37267E+07    0.39729E+05
    10    0.81563E+03    0.94192E-02    0.15000E+01    0.39615E+07    0.38605E+05
    11    0.81265E+03    0.82925E-02    0.12446E+01    0.41727E+07    0.37474E+05
    12    0.81365E+03    0.77398E-02    0.11002E+01    0.43621E+07    0.36397E+05
    13    0.81684E+03    0.69109E-02    0.10427E+01    0.45321E+07    0.35377E+05
    14    0.82125E+03    0.60052E-02    0.10431E+01    0.46854E+07    0.34402E+05
    15    0.82716E+03    0.53139E-02    0.10823E+01    0.48235E+07    0.33441E+05
    16    0.83493E+03    0.50431E-02    0.11446E+01    0.49479E+07    0.32472E+05
    17    0.84447E+03    0.51885E-02    0.12151E+01    0.50601E+07    0.31520E+05
    18    0.85485E+03    0.55083E-02    0.12820E+01    0.51614E+07    0.30616E+05
    19    0.86688E+03    0.58697E-02    0.13400E+01    0.52524E+07    0.29753E+05
    20    0.87889E+03    0.62504E-02    0.13842E+01    0.53339E+07    0.28917E+05
    21    0.89122E+03    0.66952E-02    0.14207E+01    0.54068E+07    0.28102E+05
    22    0.90413E+03    0.73362E-02    0.14556E+01    0.54721E+07    0.27306E+05
    23    0.91743E+03    0.82279E-02    0.14907E+01    0.55305E+07    0.26537E+05
    24    0.93118E+03    0.93662E-02    0.15268E+01    0.55822E+07    0.25802E+05
    25    0.94532E+03    0.10760E-01    0.15655E+01    0.56280E+07    0.25103E+05
    26    0.95966E+03    0.12379E-01    0.16095E+01    0.56682E+07    0.24436E+05
    27    0.97443E+03    0.14178E-01    0.16559E+01    0.57035E+07    0.23797E+05
    28    0.98949E+03    0.16144E-01    0.17018E+01    0.57341E+07    0.23179E+05
    29    0.10049E+04    0.18287E-01    0.17454E+01    0.57602E+07    0.22588E+05
    30    0.10205E+04    0.20624E-01    0.17834E+01    0.57819E+07    0.22027E+05
    31    0.10363E+04    0.23139E-01    0.18136E+01    0.57997E+07    0.21491E+05
    32    0.10525E+04    0.25806E-01    0.18337E+01    0.58140E+07    0.20972E+05
    33    0.10690E+04    0.28637E-01    0.18409E+01    0.58253E+07    0.20465E+05
    34    0.10857E+04    0.31661E-01    0.18346E+01    0.58335E+07    0.19968E+05
    35    0.11026E+04    0.34900E-01    0.18189E+01    0.58389E+07    0.19482E+05
    36    0.11195E+04    0.38374E-01    0.17967E+01    0.58417E+07    0.19009E+05
    37    0.11366E+04    0.42076E-01    0.17643E+01    0.58421E+07    0.18558E+05
    38    0.11541E+04    0.46002E-01    0.17192E+01    0.58403E+07    0.18135E+05
    39    0.11720E+04    0.50165E-01    0.16637E+01    0.58364E+07    0.17736E+05
    40    0.11900E+04    0.54584E-01    0.16007E+01    0.58305E+07    0.17350E+05
    41    0.12082E+04    0.59281E-01    0.15319E+01    0.58227E+07    0.16973E+05
    42    0.12264E+04    0.64257E-01    0.14556E+01    0.58131E+07    0.16602E+05
    43    0.12448E+04    0.69508E-01    0.13688E+01    0.58019E+07    0.16239E+05
    44    0.12632E+04    0.75014E-01    0.12696E+01    0.57891E+07    0.15888E+05
    45    0.12819E+04    0.80769E-01    0.11563E+01    0.57750E+07    0.15547E+05
    46    0.13009E+04    0.86768E-01    0.10256E+01    0.57595E+07    0.15220E+05
    47    0.13201E+04    0.93014E-01    0.87934E+00    0.57429E+07    0.14903E+05
    48    0.13393E+04    0.99518E-01    0.72321E+00    0.57251E+07    0.14596E+05
    49    0.13587E+04    0.10627E+00    0.56226E+00    0.57063E+07    0.14295E+05
    50    0.13785E+04    0.11325E+00    0.39477E+00    0.56866E+07    0.13998E+05
    51    0.13985E+04    0.12043E+00    0.21718E+00    0.56659E+07    0.13704E+05
    52    0.14189E+04    0.12790E+00    0.24292E-01    0.56445E+07    0.13414E+05
    53    0.14392E+04    0.13580E+00   -0.18770E+00    0.56223E+07    0.13132E+05
    54    0.14595E+04    0.14412E+00   -0.41460E+00    0.55994E+07    0.12860E+05
    55    0.14800E+04    0.15283E+00   -0.65212E+00    0.55758E+07    0.12600E+05
    56    0.15008E+04    0.16178E+00   -0.90205E+00    0.55516E+07    0.12356E+05
    57    0.15219E+04    0.17087E+00   -0.11642E+01    0.55269E+07    0.12124E+05
    58    0.15432E+04    0.18011E+00   -0.14392E+01    0.55016E+07    0.11902E+05
    59    0.15648E+04    0.18954E+00   -0.17276E+01    0.54757E+07    0.11688E+05
    60    0.15865E+04    0.19922E+00   -0.20286E+01    0.54494E+07    0.11480E+05
    61    0.16086E+04    0.20924E+00   -0.23412E+01    0.54227E+07    0.11274E+05
    62    0.16307E+04    0.21959E+00   -0.26664E+01    0.53955E+07    0.11071E+05
    63    0.16528E+04    0.23022E+00   -0.30053E+01    0.53680E+07    0.10869E+05
    64    0.16754E+04    0.24115E+00   -0.33592E+01    0.53401E+07    0.10669E+05
    65    0.16980E+04    0.25235E+00   -0.37288E+01    0.53120E+07    0.10469E+05
    66    0.17209E+04    0.26374E+00   -0.41122E+01    0.52837E+07    0.10271E+05
    67    0.17440E+04    0.27534E+00   -0.45067E+01    0.52552E+07    0.10075E+05
    68    0.17675E+04    0.28718E+00   -0.49105E+01    0.52265E+07    0.98830E+04
    69    0.17912E+04    0.29922E+00   -0.53216E+01    0.51977E+07    0.96968E+04
    70    0.18151E+04    0.31150E+00   -0.57417E+01    0.51688E+07    0.95181E+04
    71    0.18393E+04    0.32401E+00   -0.61730E+01    0.51397E+07    0.93481E+04
    72    0.18636E+04    0.33674E+00   -0.66170E+01    0.51106E+07    0.91862E+04
    73    0.18880E+04    0.34963E+00   -0.70744E+01    0.50813E+07    0.90315E+04
    74    0.19127E+04    0.36269E+00   -0.75443E+01    0.50520E+07    0.88828E+04
    75    0.19376E+04    0.37591E+00   -0.80254E+01    0.50226E+07    0.87390E+04
    76    0.19629E+04    0.38931E+00   -0.85171E+01    0.49931E+07    0.85992E+04
    77    0.19884E+04    0.40287E+00   -0.90193E+01    0.49635E+07    0.84618E+04
    78    0.20144E+04    0.41662E+00   -0.95333E+01    0.49339E+07    0.83255E+04
    79    0.20405E+04    0.43051E+00   -0.10055E+02    0.49043E+07    0.81887E+04
    80    0.20668E+04    0.44454E+00   -0.10587E+02    0.48747E+07    0.80501E+04
    81    0.20934E+04    0.45865E+00   -0.11128E+02    0.48451E+07    0.79090E+04
    82    0.21202E+04    0.47287E+00   -0.11678E+02    0.48155E+07    0.77686E+04
    83    0.21472E+04    0.48718E+00   -0.12237E+02    0.47860E+07    0.76326E+04
    84    0.21745E+04    0.50157E+00   -0.12802E+02    0.47565E+07    0.75052E+04
    85    0.22018E+04    0.51601E+00   -0.13375E+02    0.47271E+07    0.73901E+04
    86    0.22294E+04    0.53052E+00   -0.13954E+02    0.46977E+07    0.72886E+04
    87    0.22574E+04    0.54508E+00   -0.14539E+02    0.46685E+07    0.71914E+04
    88    0.22854E+04    0.55968E+00   -0.15129E+02    0.46393E+07    0.70863E+04
    89    0.23137E+04    0.57433E+00   -0.15727E+02    0.46103E+07    0.69613E+04
    90    0.23422E+04    0.58897E+00   -0.16329E+02    0.45814E+07    0.68044E+04
    91    0.23709E+04    0.60361E+00   -0.16937E+02    0.45527E+07    0.66061E+04
    92    0.23998E+04    0.61824E+00   -0.17550E+02    0.45242E+07    0.63679E+04
    93    0.24291E+04    0.63283E+00   -0.18167E+02    0.44958E+07    0.60939E+04
    94    0.24584E+04    0.64736E+00   -0.18787E+02    0.44675E+07    0.57884E+04
    95    0.24879E+04    0.66183E+00   -0.19412E+02    0.44394E+07    0.54555E+04
    96    0.25175E+04    0.67623E+00   -0.20039E+02    0.44115E+07    0.50993E+04
    97    0.25475E+04    0.69053E+00   -0.20669E+02    0.43837E+07    0.47240E+04
    98    0.25777E+04    0.70474E+00   -0.21300E+02    0.43561E+07    0.43338E+04
    99    0.26080E+04    0.71881E+00   -0.21934E+02    0.43287E+07    0.39328E+04
   100    0.26385E+04    0.73275E+00   -0.22567E+02    0.43014E+07    0.35252E+04
   101    0.26692E+04    0.74662E+00   -0.23202E+02    0.42742E+07    0.31151E+04
   102    0.27005E+04    0.76027E+00   -0.23837E+02    0.42472E+07    0.27068E+04
   103    0.27316E+04    0.77377E+00   -0.24473E+02    0.42204E+07    0.23042E+04
   104    0.27630E+04    0.78713E+00   -0.25106E+02    0.41937E+07    0.19117E+04
   105    0.27945E+04    0.80027E+00   -0.25738E+02    0.41672E+07    0.15334E+04
   106    0.28262E+04    0.81327E+00   -0.26369E+02    0.41408E+07    0.11734E+04
   107    0.28578E+04    0.82597E+00   -0.26997E+02    0.41146E+07    0.83593E+03
   108    0.28898E+04    0.83846E+00   -0.27622E+02    0.40886E+07    0.52509E+03
   109    0.29220E+04    0.85066E+00   -0.28244E+02    0.40626E+07    0.24506E+03
   110    0.29542E+04    0.86258E+00   -0.28860E+02    0.40369E+07    0.00000E+00
   111    0.29866E+04    0.87428E+00   -0.29473E+02    0.40113E+07   -0.20703E+03
   112    0.30191E+04    0.88569E+00   -0.30082E+02    0.39858E+07   -0.37741E+03
   113    0.30518E+04    0.89681E+00   -0.30685E+02    0.39605E+07   -0.51361E+03
   114    0.30847E+04    0.90757E+00   -0.31281E+02    0.39354E+07   -0.61811E+03
   115    0.31177E+04    0.91812E+00   -0.31871E+02    0.39104E+07   -0.69339E+03
   116    0.31507E+04    0.92824E+00   -0.32453E+02    0.38856E+07   -0.74192E+03
   117    0.31840E+04    0.93799E+00   -0.33027E+02    0.38609E+07   -0.76618E+03
   118    0.32175E+04    0.94754E+00   -0.33593E+02    0.38365E+07   -0.76865E+03
   119    0.32510E+04    0.95672E+00   -0.34150E+02    0.38121E+07   -0.75180E+03
   120    0.32846E+04    0.96540E+00   -0.34697E+02    0.37880E+07   -0.71812E+03
   121    0.33181E+04    0.97386E+00   -0.35234E+02    0.37640E+07   -0.67007E+03
   122    0.33518E+04    0.98182E+00   -0.35761E+02    0.37402E+07   -0.61013E+03
   123    0.33855E+04    0.98935E+00   -0.36278E+02    0.37165E+07   -0.54079E+03
   124    0.34193E+04    0.99651E+00   -0.36781E+02    0.36931E+07   -0.46451E+03
   125    0.34530E+04    0.10033E+01   -0.37272E+02    0.36698E+07   -0.38378E+03
   126    0.34868E+04    0.10096E+01   -0.37752E+02    0.36467E+07   -0.30108E+03
   127    0.35206E+04    0.10155E+01   -0.38218E+02    0.36237E+07   -0.21887E+03
   128    0.35544E+04    0.10210E+01   -0.38672E+02    0.36010E+07   -0.13963E+03
   129    0.35883E+04    0.10260E+01   -0.39110E+02    0.35784E+07   -0.65852E+02
   130    0.36221E+04    0.10305E+01   -0.39534E+02    0.35560E+07    0.00000E+00
   131    0.36559E+04    0.10347E+01   -0.39944E+02    0.35338E+07    0.55966E+02
   132    0.36897E+04    0.10383E+01   -0.40338E+02    0.35118E+07    0.10217E+03
   133    0.37235E+04    0.10416E+01   -0.40717E+02    0.34900E+07    0.13926E+03
   134    0.37573E+04    0.10443E+01   -0.41078E+02    0.34684E+07    0.16788E+03
   135    0.37910E+04    0.10466E+01   -0.41423E+02    0.34469E+07    0.18867E+03
   136    0.38246E+04    0.10484E+01   -0.41748E+02    0.34256E+07    0.20228E+03
   137    0.38581E+04    0.10498E+01   -0.42057E+02    0.34046E+07    0.20935E+03
   138    0.38916E+04    0.10506E+01   -0.42347E+02    0.33836E+07    0.21053E+03
   139    0.39248E+04    0.10511E+01   -0.42617E+02    0.33629E+07    0.20647E+03
   140    0.39581E+04    0.10510E+01   -0.42870E+02    0.33423E+07    0.19781E+03
   141    0.39912E+04    0.10505E+01   -0.43101E+02    0.33219E+07    0.18518E+03
   142    0.40243E+04    0.10495E+01   -0.43313E+02    0.33017E+07    0.16925E+03
   143    0.40572E+04    0.10480E+01   -0.43504E+02    0.32816E+07    0.15065E+03
   144    0.40900E+04    0.10461E+01   -0.43676E+02    0.32618E+07    0.13004E+03
   145    0.41226E+04    0.10438E+01   -0.43826E+02    0.32421E+07    0.10804E+03
   146    0.41553E+04    0.10410E+01   -0.43954E+02    0.32225E+07    0.85315E+02
   147    0.41876E+04    0.10378E+01   -0.44060E+02    0.32031E+07    0.62503E+02
   148    0.42198E+04    0.10341E+01   -0.44145E+02    0.31839E+07    0.40249E+02
   149    0.42519E+04    0.10299E+01   -0.44207E+02    0.31648E+07    0.19200E+02
   150    0.42836E+04    0.10255E+01   -0.44245E+02    0.31460E+07    0.00000E+00
   151    0.43153E+04    0.10206E+01   -0.44261E+02    0.31272E+07   -0.16835E+02
   152    0.43467E+04    0.10152E+01   -0.44253E+02    0.31086E+07   -0.31301E+02
   153    0.43779E+04    0.10094E+01   -0.44220E+02    0.30902E+07   -0.43526E+02
   154    0.44089E+04    0.10033E+01   -0.44164E+02    0.30720E+07   -0.53634E+02
   155    0.44396E+04    0.99686E+00   -0.44084E+02    0.30539E+07   -0.61752E+02
   156    0.44700E+04    0.99006E+00   -0.43979E+02    0.30359E+07   -0.68005E+02
   157    0.45004E+04    0.98291E+00   -0.43849E+02    0.30181E+07   -0.72520E+02
   158    0.45304E+04    0.97548E+00   -0.43695E+02    0.30005E+07   -0.75422E+02
   159    0.45601E+04    0.96762E+00   -0.43515E+02    0.29830E+07   -0.76837E+02
   160    0.45896E+04    0.95949E+00   -0.43309E+02    0.29656E+07   -0.76891E+02
   161    0.46189E+04    0.95116E+00   -0.43079E+02    0.29484E+07   -0.75710E+02
   162    0.46479E+04    0.94247E+00   -0.42823E+02    0.29314E+07   -0.73420E+02
   163    0.46767E+04    0.93350E+00   -0.42542E+02    0.29144E+07   -0.70147E+02
   164    0.47051E+04    0.92433E+00   -0.42235E+02    0.28977E+07   -0.66016E+02
   165    0.47333E+04    0.91487E+00   -0.41902E+02    0.28811E+07   -0.61154E+02
   166    0.47613E+04    0.90529E+00   -0.41543E+02    0.28646E+07   -0.55686E+02
   167    0.47889E+04    0.89535E+00   -0.41159E+02    0.28483E+07   -0.49739E+02
   168    0.48162E+04    0.88543E+00   -0.40748E+02    0.28321E+07   -0.43438E+02
   169    0.48431E+04    0.87523E+00   -0.40309E+02    0.28160E+07   -0.36909E+02
   170    0.48697E+04    0.86497E+00   -0.39846E+02    0.28001E+07   -0.30278E+02
   171    0.48959E+04    0.85466E+00   -0.39354E+02    0.27843E+07   -0.23671E+02
   172    0.49217E+04    0.84420E+00   -0.38836E+02    0.27687E+07   -0.17214E+02
   173    0.49470E+04    0.83362E+00   -0.38292E+02    0.27532E+07   -0.11032E+02
   174    0.49720E+04    0.82320E+00   -0.37722E+02    0.27378E+07   -0.52524E+01
   175    0.49967E+04    0.81264E+00   -0.37124E+02    0.27226E+07    0.00000E+00
   176    0.50208E+04    0.80218E+00   -0.36499E+02    0.27075E+07    0.46251E+01
   177    0.50445E+04    0.79173E+00   -0.35849E+02    0.26925E+07    0.86278E+01
   178    0.50678E+04    0.78151E+00   -0.35171E+02    0.26776E+07    0.12039E+02
   179    0.50906E+04    0.77123E+00   -0.34466E+02    0.26629E+07    0.14889E+02
   180    0.51131E+04    0.76111E+00   -0.33736E+02    0.26483E+07    0.17210E+02
   181    0.51350E+04    0.75115E+00   -0.32980E+02    0.26338E+07    0.19032E+02
   182    0.51566E+04    0.74142E+00   -0.32197E+02    0.26195E+07    0.20386E+02
   183    0.51775E+04    0.73184E+00   -0.31389E+02    0.26053E+07    0.21303E+02
   184    0.51982E+04    0.72250E+00   -0.30554E+02    0.25912E+07    0.21814E+02
   185    0.52183E+04    0.71354E+00   -0.29695E+02    0.25772E+07    0.21950E+02
   186    0.52376E+04    0.70481E+00   -0.28809E+02    0.25633E+07    0.21742E+02
   187    0.52568E+04    0.69647E+00   -0.27897E+02    0.25496E+07    0.21221E+02
   188    0.52755E+04    0.68848E+00   -0.26961E+02    0.25359E+07    0.20417E+02
   189    0.52935E+04    0.68089E+00   -0.26000E+02    0.25224E+07    0.19361E+02
   190    0.53115E+04    0.67375E+00   -0.25015E+02    0.25090E+07    0.18086E+02
   191    0.53285E+04    0.66708E+00   -0.24004E+02    0.24957E+07    0.16620E+02
   192    0.53451E+04    0.66090E+00   -0.22969E+02    0.24826E+07    0.14996E+02
   193    0.53612E+04    0.65525E+00   -0.21911E+02    0.24695E+07    0.13244E+02
   194    0.53769E+04    0.65017E+00   -0.20829E+02    0.24565E+07    0.11395E+02
   195    0.53920E+04    0.64570E+00   -0.19724E+02    0.24437E+07    0.94805E+01
   196    0.54065E+04    0.64185E+00   -0.18595E+02    0.24309E+07    0.75307E+01
   197    0.54205E+04    0.63869E+00   -0.17445E+02    0.24183E+07    0.55769E+01
   198    0.54341E+04    0.63624E+00   -0.16272E+02    0.24058E+07    0.36499E+01
   199    0.54471E+04    0.63452E+00   -0.15078E+02    0.23934E+07    0.17806E+01
   200    0.54596E+04    0.63357E+00   -0.13862E+02    0.23810E+07    0.00000E+00
   201    0.54716E+04    0.63344E+00   -0.12625E+02    0.23688E+07   -0.16667E+01
   202    0.54830E+04    0.63415E+00   -0.11367E+02    0.23567E+07   -0.32168E+01
   203    0.54938E+04    0.63575E+00   -0.10088E+02    0.23446E+07   -0.46535E+01
   204    0.55040E+04    0.63826E+00   -0.87907E+01    0.23327E+07   -0.59796E+01
   205    0.55137E+04    0.64173E+00   -0.74733E+01    0.23209E+07   -0.71983E+01
   206    0.55227E+04    0.64619E+00   -0.61367E+01    0.23091E+07   -0.83126E+01
   207    0.55311E+04    0.65167E+00   -0.47815E+01    0.22975E+07   -0.93255E+01
   208    0.55389E+04    0.65821E+00   -0.34080E+01    0.22860E+07   -0.10240E+02
   209    0.55461E+04    0.66584E+00   -0.20168E+01    0.22745E+07   -0.11059E+02
   210    0.55526E+04    0.67461E+00   -0.60857E+00    0.22631E+07   -0.11786E+02
   211    0.55586E+04    0.68454E+00    0.81651E+00    0.22519E+07   -0.12424E+02
   212    0.55639E+04    0.69566E+00    0.22575E+01    0.22407E+07   -0.12975E+02
   213    0.55686E+04    0.70803E+00    0.37146E+01    0.22296E+07   -0.13444E+02
   214    0.55727E+04    0.72163E+00    0.51865E+01    0.22186E+07   -0.13832E+02
   215    0.55762E+04    0.73665E+00    0.66724E+01    0.22077E+07   -0.14143E+02
   216    0.55790E+04    0.75290E+00    0.81730E+01    0.21969E+07   -0.14380E+02
   217    0.55813E+04    0.77055E+00    0.96862E+01    0.21862E+07   -0.14545E+02
   218    0.55829E+04    0.78959E+00    0.11212E+02    0.21755E+07   -0.14643E+02
   219    0.55840E+04    0.81002E+00    0.12752E+02    0.21650E+07   -0.14676E+02
   220    0.55845E+04    0.83198E+00    0.14302E+02    0.21545E+07   -0.14647E+02
   221    0.55843E+04    0.85541E+00    0.15862E+02    0.21441E+07   -0.14559E+02
   222    0.55836E+04    0.88044E+00    0.17434E+02    0.21338E+07   -0.14415E+02
   223    0.55822E+04    0.90701E+00    0.19016E+02    0.21236E+07   -0.14218E+02
   224    0.55803E+04    0.93512E+00    0.20605E+02    0.21134E+07   -0.13971E+02
   225    0.55777E+04    0.96490E+00    0.22204E+02    0.21033E+07   -0.13678E+02
   226    0.55746E+04    0.99637E+00    0.23810E+02    0.20934E+07   -0.13341E+02
   227    0.55707E+04    0.10295E+01    0.25424E+02    0.20834E+07   -0.12963E+02
   228    0.55664E+04    0.10643E+01    0.27044E+02    0.20736E+07   -0.12547E+02
   229    0.55615E+04    0.11009E+01    0.28670E+02    0.20639E+07   -0.12096E+02
   230    0.55559E+04    0.11392E+01    0.30301E+02    0.20542E+07   -0.11614E+02
   231    0.55497E+04    0.11794E+01    0.31937E+02    0.20446E+07   -0.11104E+02
   232    0.55429E+04    0.12213E+01    0.33577E+02    0.20351E+07   -0.10568E+02
   233    0.55355E+04    0.12652E+01    0.35219E+02    0.20256E+07   -0.10009E+02
   234    0.55274E+04    0.13109E+01    0.36863E+02    0.20162E+07   -0.94307E+01
   235    0.55188E+04    0.13584E+01    0.38510E+02    0.20069E+07   -0.88360E+01
   236    0.55095E+04    0.14079E+01    0.40157E+02    0.19977E+07   -0.82278E+01
   237    0.54997E+04    0.14594E+01    0.41804E+02    0.19885E+07   -0.76093E+01
   238    0.54892E+04    0.15129E+01    0.43452E+02    0.19794E+07   -0.69833E+01
   239    0.54782E+04    0.15682E+01    0.45098E+02    0.19704E+07   -0.63530E+01
   240    0.54665E+04    0.16256E+01    0.46742E+02    0.19614E+07   -0.57214E+01
   241    0.54543E+04    0.16851E+01    0.48383E+02    0.19525E+07   -0.50915E+01
   242    0.54415E+04    0.17465E+01    0.50021E+02    0.19437E+07   -0.44663E+01
   243    0.54282E+04    0.18100E+01    0.51655E+02    0.19349E+07   -0.38490E+01
   244    0.54142E+04    0.18756E+01    0.53285E+02    0.19262E+07   -0.32424E+01
   245    0.53997E+04    0.19433E+01    0.54909E+02    0.19176E+07   -0.26497E+01
   246    0.53846E+04    0.20130E+01    0.56527E+02    0.19090E+07   -0.20739E+01
   247    0.53691E+04    0.20849E+01    0.58137E+02    0.19005E+07   -0.15180E+01
   248    0.53529E+04    0.21591E+01    0.59741E+02    0.18921E+07   -0.98499E+00
   249    0.53363E+04    0.22352E+01    0.61336E+02    0.18837E+07   -0.47799E+00
   250    0.53190E+04    0.23136E+01    0.62922E+02    0.18753E+07    0.00000E+00
   251    0.53014E+04    0.23941E+01    0.64499E+02    0.18671E+07    0.44659E+00
   252    0.52831E+04    0.24768E+01    0.66065E+02    0.18589E+07    0.86195E+00
   253    0.52644E+04    0.25615E+01    0.67620E+02    0.18507E+07    0.12469E+01
   254    0.52452E+04    0.26486E+01    0.69163E+02    0.18426E+07    0.16022E+01
   255    0.52255E+04    0.27377E+01    0.70694E+02    0.18346E+07    0.19288E+01
   256    0.52053E+04    0.28292E+01    0.72213E+02    0.18266E+07    0.22274E+01
   257    0.51847E+04    0.29227E+01    0.73712E+02    0.18186E+07    0.24988E+01
   258    0.51635E+04    0.30185E+01    0.75205E+02    0.18108E+07    0.27438E+01
   259    0.51419E+04    0.31165E+01    0.76675E+02    0.18030E+07    0.29633E+01
   260    0.51200E+04    0.32166E+01    0.78137E+02    0.17952E+07    0.31581E+01
   261    0.50975E+04    0.33189E+01    0.79571E+02    0.17875E+07    0.33290E+01
   262    0.50745E+04    0.34235E+01    0.80997E+02    0.17798E+07    0.34767E+01
   263    0.50513E+04    0.35302E+01    0.82408E+02    0.17722E+07    0.36022E+01
   264    0.50276E+04    0.36391E+01    0.83797E+02    0.17647E+07    0.37062E+01
   265    0.50033E+04    0.37501E+01    0.85157E+02    0.17572E+07    0.37895E+01
   266    0.49787E+04    0.38635E+01    0.86510E+02    0.17497E+07    0.38530E+01
   267    0.49537E+04    0.39788E+01    0.87833E+02    0.17423E+07    0.38974E+01
   268    0.49282E+04    0.40964E+01    0.89141E+02    0.17350E+07    0.39236E+01
   269    0.49022E+04    0.42161E+01    0.90428E+02    0.17277E+07    0.39324E+01
   270    0.48760E+04    0.43379E+01    0.91693E+02    0.17204E+07    0.39246E+01
   271    0.48494E+04    0.44618E+01    0.92935E+02    0.17132E+07    0.39010E+01
   272    0.48225E+04    0.45879E+01    0.94148E+02    0.17061E+07    0.38624E+01
   273    0.47952E+04    0.47159E+01    0.95347E+02    0.16990E+07    0.38097E+01
   274    0.47676E+04    0.48462E+01    0.96509E+02    0.16919E+07    0.37436E+01
   275    0.47396E+04    0.49782E+01    0.97656E+02    0.16849E+07    0.36650E+01
   276    0.47115E+04    0.51124E+01    0.98767E+02    0.16779E+07    0.35746E+01
   277    0.46828E+04    0.52486E+01    0.99863E+02    0.16710E+07    0.34733E+01
   278    0.46540E+04    0.53867E+01    0.10092E+03    0.16641E+07    0.33619E+01
   279    0.46248E+04    0.55268E+01    0.10195E+03    0.16573E+07    0.32412E+01
   280    0.45953E+04    0.56687E+01    0.10297E+03    0.16505E+07    0.31121E+01
   281    0.45657E+04    0.58126E+01    0.10395E+03    0.16438E+07    0.29753E+01
   282    0.45357E+04    0.59582E+01    0.10490E+03    0.16371E+07    0.28316E+01
   283    0.45055E+04    0.61057E+01    0.10582E+03    0.16305E+07    0.26819E+01
   284    0.44751E+04    0.62550E+01    0.10671E+03    0.16239E+07    0.25270E+01
   285    0.44444E+04    0.64062E+01    0.10757E+03    0.16173E+07    0.23676E+01
   286    0.44135E+04    0.65590E+01    0.10840E+03    0.16108E+07    0.22046E+01
   287    0.43824E+04    0.67135E+01    0.10920E+03    0.16043E+07    0.20389E+01
   288    0.43511E+04    0.68697E+01    0.10997E+03    0.15979E+07    0.18712E+01
   289    0.43195E+04    0.70275E+01    0.11070E+03    0.15915E+07    0.17023E+01
   290    0.42879E+04    0.71868E+01    0.11141E+03    0.15851E+07    0.15330E+01
   291    0.42560E+04    0.73482E+01    0.11208E+03    0.15788E+07    0.13643E+01
   292    0.42238E+04    0.75108E+01    0.11272E+03    0.15726E+07    0.11968E+01
   293    0.41917E+04    0.76741E+01    0.11332E+03    0.15663E+07    0.10313E+01
   294    0.41593E+04    0.78395E+01    0.11389E+03    0.15601E+07    0.86880E+00
   295    0.41269E+04    0.80057E+01    0.11443E+03    0.15540E+07    0.70999E+00
   296    0.40943E+04    0.81741E+01    0.11493E+03    0.15478E+07    0.55569E+00
   297    0.40616E+04    0.83425E+01    0.11541E+03    0.15418E+07    0.40674E+00
   298    0.40287E+04    0.85130E+01    0.11584E+03    0.15357E+07    0.26393E+00
   299    0.39958E+04    0.86851E+01    0.11623E+03    0.15297E+07    0.12808E+00
   300    0.39627E+04    0.88571E+01    0.11659E+03    0.15237E+07    0.00000E+00
   301    0.39295E+04    0.90306E+01    0.11692E+03    0.15178E+07   -0.11966E+00
   302    0.38964E+04    0.92048E+01    0.11722E+03    0.15119E+07   -0.23096E+00
   303    0.38632E+04    0.93805E+01    0.11747E+03    0.15060E+07   -0.33410E+00
   304    0.38299E+04    0.95576E+01    0.11769E+03    0.15002E+07   -0.42932E+00
   305    0.37966E+04    0.97347E+01    0.11787E+03    0.14944E+07   -0.51682E+00
   306    0.37633E+04    0.99126E+01    0.11801E+03    0.14886E+07   -0.59682E+00
   307    0.37299E+04    0.10091E+02    0.11812E+03    0.14829E+07   -0.66954E+00
   308    0.36966E+04    0.10272E+02    0.11820E+03    0.14772E+07   -0.73520E+00
   309    0.36633E+04    0.10452E+02    0.11823E+03    0.14715E+07   -0.79402E+00
   310    0.36299E+04    0.10632E+02    0.11823E+03    0.14659E+07   -0.84621E+00
   311    0.35966E+04    0.10814E+02    0.11818E+03    0.14603E+07   -0.89199E+00
   312    0.35634E+04    0.10996E+02    0.11811E+03    0.14547E+07   -0.93159E+00
   313    0.35302E+04    0.11178E+02    0.11799E+03    0.14492E+07   -0.96521E+00
   314    0.34971E+04    0.11361E+02    0.11785E+03    0.14437E+07   -0.99307E+00
   315    0.34640E+04    0.11544E+02    0.11766E+03    0.14382E+07   -0.10154E+01
   316    0.34310E+04    0.11727E+02    0.11743E+03    0.14328E+07   -0.10324E+01
   317    0.33981E+04    0.11909E+02    0.11716E+03    0.14274E+07   -0.10443E+01
   318    0.33653E+04    0.12093E+02    0.11686E+03    0.14220E+07   -0.10513E+01
   319    0.33326E+04    0.12276E+02    0.11653E+03    0.14166E+07   -0.10537E+01
   320    0.33000E+04    0.12459E+02    0.11616E+03    0.14113E+07   -0.10516E+01
   321    0.32675E+04    0.12642E+02    0.11575E+03    0.14060E+07   -0.10453E+01
   322    0.32352E+04    0.12825E+02    0.11530E+03    0.14008E+07   -0.10349E+01
   323    0.32030E+04    0.13007E+02    0.11482E+03    0.13955E+07   -0.10208E+01
   324    0.31710E+04    0.13190E+02    0.11429E+03    0.13903E+07   -0.10031E+01
   325    0.31392E+04    0.13370E+02    0.11374E+03    0.13852E+07   -0.98202E+00
   326    0.31074E+04    0.13552E+02    0.11314E+03    0.13800E+07   -0.95781E+00
   327    0.30759E+04    0.13733E+02    0.11251E+03    0.13749E+07   -0.93067E+00
   328    0.30446E+04    0.13912E+02    0.11185E+03    0.13698E+07   -0.90082E+00
   329    0.30134E+04    0.14092E+02    0.11115E+03    0.13648E+07   -0.86849E+00
   330    0.29825E+04    0.14270E+02    0.11040E+03    0.13598E+07   -0.83388E+00
   331    0.29518E+04    0.14447E+02    0.10963E+03    0.13548E+07   -0.79722E+00
   332    0.29213E+04    0.14624E+02    0.10883E+03    0.13498E+07   -0.75873E+00
   333    0.28910E+04    0.14800E+02    0.10800E+03    0.13449E+07   -0.71861E+00
   334    0.28610E+04    0.14976E+02    0.10712E+03    0.13399E+07   -0.67709E+00
   335    0.28312E+04    0.15148E+02    0.10621E+03    0.13350E+07   -0.63440E+00
   336    0.28016E+04    0.15321E+02    0.10527E+03    0.13302E+07   -0.59073E+00
   337    0.27723E+04    0.15492E+02    0.10429E+03    0.13253E+07   -0.54632E+00
   338    0.27433E+04    0.15662E+02    0.10328E+03    0.13205E+07   -0.50138E+00
   339    0.27146E+04    0.15831E+02    0.10224E+03    0.13158E+07   -0.45613E+00
   340    0.26861E+04    0.15998E+02    0.10118E+03    0.13110E+07   -0.41078E+00
   341    0.26579E+04    0.16163E+02    0.10007E+03    0.13063E+07   -0.36555E+00
   342    0.26300E+04    0.16328E+02    0.98927E+02    0.13015E+07   -0.32067E+00
   343    0.26024E+04    0.16490E+02    0.97759E+02    0.12969E+07   -0.27634E+00
   344    0.25752E+04    0.16651E+02    0.96561E+02    0.12922E+07   -0.23279E+00
   345    0.25482E+04    0.16810E+02    0.95333E+02    0.12876E+07   -0.19024E+00
   346    0.25215E+04    0.16967E+02    0.94084E+02    0.12830E+07   -0.14890E+00
   347    0.24952E+04    0.17122E+02    0.92797E+02    0.12784E+07   -0.10898E+00
   348    0.24692E+04    0.17275E+02    0.91481E+02    0.12738E+07   -0.70719E-01
   349    0.24435E+04    0.17426E+02    0.90136E+02    0.12693E+07   -0.34318E-01
   350    0.24181E+04    0.17575E+02    0.88768E+02    0.12647E+07    0.00000E+00
   351    0.23933E+04    0.17721E+02    0.87371E+02    0.12603E+07    0.32064E-01
   352    0.23686E+04    0.17866E+02    0.85944E+02    0.12558E+07    0.61885E-01
   353    0.23444E+04    0.18008E+02    0.84502E+02    0.12513E+07    0.89523E-01
   354    0.23204E+04    0.18148E+02    0.83023E+02    0.12469E+07    0.11504E+00
   355    0.22969E+04    0.18285E+02    0.81522E+02    0.12425E+07    0.13848E+00
   356    0.22737E+04    0.18421E+02    0.80007E+02    0.12381E+07    0.15992E+00
   357    0.22509E+04    0.18553E+02    0.78461E+02    0.12338E+07    0.17940E+00
   358    0.22286E+04    0.18682E+02    0.76901E+02    0.12294E+07    0.19700E+00
   359    0.22065E+04    0.18808E+02    0.75311E+02    0.12251E+07    0.21276E+00
   360    0.21849E+04    0.18933E+02    0.73702E+02    0.12208E+07    0.22674E+00
   361    0.21636E+04    0.19054E+02    0.72071E+02    0.12165E+07    0.23901E+00
   362    0.21428E+04    0.19173E+02    0.70419E+02    0.12123E+07    0.24962E+00
   363    0.21224E+04    0.19289E+02    0.68750E+02    0.12080E+07    0.25863E+00
   364    0.21024E+04    0.19401E+02    0.67059E+02    0.12038E+07    0.26609E+00
   365    0.20827E+04    0.19511E+02    0.65352E+02    0.11996E+07    0.27208E+00
   366    0.20635E+04    0.19618E+02    0.63627E+02    0.11955E+07    0.27663E+00
   367    0.20447E+04    0.19721E+02    0.61885E+02    0.11913E+07    0.27982E+00
   368    0.20263E+04    0.19821E+02    0.60128E+02    0.11872E+07    0.28170E+00
   369    0.20084E+04    0.19919E+02    0.58354E+02    0.11831E+07    0.28234E+00
   370    0.19908E+04    0.20013E+02    0.56568E+02    0.11790E+07    0.28178E+00
   371    0.19737E+04    0.20103E+02    0.54767E+02    0.11749E+07    0.28008E+00
   372    0.19570E+04    0.20190E+02    0.52954E+02    0.11709E+07    0.27731E+00
   373    0.19407E+04    0.20274E+02    0.51126E+02    0.11669E+07    0.27352E+00
   374    0.19249E+04    0.20355E+02    0.49289E+02    0.11628E+07    0.26878E+00
   375    0.19094E+04    0.20432E+02    0.47440E+02    0.11589E+07    0.26313E+00
   376    0.18944E+04    0.20506E+02    0.45581E+02    0.11549E+07    0.25664E+00
   377    0.18799E+04    0.20576E+02    0.43715E+02    0.11509E+07    0.24937E+00
   378    0.18658E+04    0.20642E+02    0.41837E+02    0.11470E+07    0.24137E+00
   379    0.18521E+04    0.20705E+02    0.39954E+02    0.11431E+07    0.23271E+00
   380    0.18389E+04    0.20766E+02    0.38062E+02    0.11392E+07    0.22344E+00
   381    0.18261E+04    0.20819E+02    0.36165E+02    0.11353E+07    0.21361E+00
   382    0.18136E+04    0.20872E+02    0.34263E+02    0.11315E+07    0.20330E+00
   383    0.18017E+04    0.20920E+02    0.32354E+02    0.11276E+07    0.19255E+00
   384    0.17903E+04    0.20963E+02    0.30444E+02    0.11238E+07    0.18143E+00
   385    0.17792E+04    0.21005E+02    0.28529E+02    0.11200E+07    0.16999E+00
   386    0.17685E+04    0.21042E+02    0.26612E+02    0.11162E+07    0.15829E+00
   387    0.17583E+04    0.21075E+02    0.24694E+02    0.11125E+07    0.14639E+00
   388    0.17485E+04    0.21104E+02    0.22775E+02    0.11087E+07    0.13434E+00
   389    0.17391E+04    0.21127E+02    0.20856E+02    0.11050E+07    0.12222E+00
   390    0.17302E+04    0.21149E+02    0.18938E+02    0.11013E+07    0.11007E+00
   391    0.17218E+04    0.21167E+02    0.17021E+02    0.10976E+07    0.97949E-01
   392    0.17137E+04    0.21182E+02    0.15108E+02    0.10939E+07    0.85923E-01
   393    0.17061E+04    0.21192E+02    0.13197E+02    0.10902E+07    0.74046E-01
   394    0.16989E+04    0.21199E+02    0.11290E+02    0.10866E+07    0.62377E-01
   395    0.16920E+04    0.21201E+02    0.93871E+01    0.10830E+07    0.50975E-01
   396    0.16857E+04    0.21199E+02    0.74908E+01    0.10794E+07    0.39897E-01
   397    0.16797E+04    0.21194E+02    0.56000E+01    0.10758E+07    0.29202E-01
   398    0.16741E+04    0.21185E+02    0.37160E+01    0.10722E+07    0.18949E-01
   399    0.16690E+04    0.21171E+02    0.18397E+01    0.10686E+07    0.91955E-02
   400    0.16642E+04    0.21155E+02   -0.28127E-01    0.10651E+07    0.00000E+00
   401    0.16599E+04    0.21134E+02   -0.18868E+01    0.10616E+07   -0.85914E-02
   402    0.16560E+04    0.21108E+02   -0.37355E+01    0.10581E+07   -0.16582E-01
   403    0.16525E+04    0.21080E+02   -0.55736E+01    0.10546E+07   -0.23988E-01
   404    0.16493E+04    0.21047E+02   -0.73994E+01    0.10511E+07   -0.30824E-01
   405    0.16466E+04    0.21010E+02   -0.92140E+01    0.10476E+07   -0.37106E-01
   406    0.16442E+04    0.20969E+02   -0.11015E+02    0.10442E+07   -0.42850E-01
   407    0.16423E+04    0.20925E+02   -0.12804E+02    0.10407E+07   -0.48071E-01
   408    0.16407E+04    0.20877E+02   -0.14576E+02    0.10373E+07   -0.52785E-01
   409    0.16395E+04    0.20826E+02   -0.16334E+02    0.10339E+07   -0.57008E-01
   410    0.16387E+04    0.20770E+02   -0.18077E+02    0.10305E+07   -0.60755E-01
   411    0.16383E+04    0.20711E+02   -0.19803E+02    0.10272E+07   -0.64042E-01
   412    0.16382E+04    0.20648E+02   -0.21512E+02    0.10238E+07   -0.66885E-01
   413    0.16384E+04    0.20581E+02   -0.23203E+02    0.10205E+07   -0.69299E-01
   414    0.16390E+04    0.20511E+02   -0.24877E+02    0.10172E+07   -0.71299E-01
   415    0.16400E+04    0.20438E+02   -0.26529E+02    0.10138E+07   -0.72902E-01
   416    0.16413E+04    0.20361E+02   -0.28164E+02    0.10106E+07   -0.74124E-01
   417    0.16429E+04    0.20281E+02   -0.29778E+02    0.10073E+07   -0.74978E-01
   418    0.16449E+04    0.20195E+02   -0.31371E+02    0.10040E+07   -0.75483E-01
   419    0.16472E+04    0.20108E+02   -0.32941E+02    0.10008E+07   -0.75652E-01
   420    0.16499E+04    0.20017E+02   -0.34490E+02    0.99752E+06   -0.75501E-01
   421    0.16529E+04    0.19923E+02   -0.36016E+02    0.99430E+06   -0.75047E-01
   422    0.16562E+04    0.19825E+02   -0.37519E+02    0.99109E+06   -0.74305E-01
   423    0.16598E+04    0.19723E+02   -0.38998E+02    0.98790E+06   -0.73290E-01
   424    0.16636E+04    0.19618E+02   -0.40453E+02    0.98472E+06   -0.72019E-01
   425    0.16678E+04    0.19510E+02   -0.41881E+02    0.98156E+06   -0.70506E-01
   426    0.16723E+04    0.19400E+02   -0.43285E+02    0.97841E+06   -0.68767E-01
   427    0.16771E+04    0.19285E+02   -0.44663E+02    0.97527E+06   -0.66819E-01
   428    0.16821E+04    0.19168E+02   -0.46013E+02    0.97215E+06   -0.64676E-01
   429    0.16874E+04    0.19048E+02   -0.47337E+02    0.96904E+06   -0.62355E-01
   430    0.16930E+04    0.18926E+02   -0.48633E+02    0.96595E+06   -0.59870E-01
   431    0.16989E+04    0.18800E+02   -0.49902E+02    0.96287E+06   -0.57238E-01
   432    0.17049E+04    0.18671E+02   -0.51142E+02    0.95980E+06   -0.54474E-01
   433    0.17113E+04    0.18540E+02   -0.52352E+02    0.95675E+06   -0.51594E-01
   434    0.17178E+04    0.18406E+02   -0.53535E+02    0.95371E+06   -0.48613E-01
   435    0.17246E+04    0.18270E+02   -0.54687E+02    0.95068E+06   -0.45548E-01
   436    0.17317E+04    0.18132E+02   -0.55810E+02    0.94767E+06   -0.42413E-01
   437    0.17389E+04    0.17990E+02   -0.56902E+02    0.94467E+06   -0.39224E-01
   438    0.17464E+04    0.17846E+02   -0.57962E+02    0.94168E+06   -0.35997E-01
   439    0.17541E+04    0.17701E+02   -0.58992E+02    0.93871E+06   -0.32748E-01
   440    0.17620E+04    0.17552E+02   -0.59990E+02    0.93575E+06   -0.29492E-01
   441    0.17702E+04    0.17402E+02   -0.60957E+02    0.93280E+06   -0.26245E-01
   442    0.17784E+04    0.17249E+02   -0.61892E+02    0.92987E+06   -0.23023E-01
   443    0.17869E+04    0.17094E+02   -0.62794E+02    0.92694E+06   -0.19841E-01
   444    0.17955E+04    0.16938E+02   -0.63663E+02    0.92404E+06   -0.16714E-01
   445    0.18043E+04    0.16779E+02   -0.64499E+02    0.92114E+06   -0.13659E-01
   446    0.18132E+04    0.16619E+02   -0.65301E+02    0.91825E+06   -0.10690E-01
   447    0.18223E+04    0.16458E+02   -0.66071E+02    0.91538E+06   -0.78247E-02
   448    0.18315E+04    0.16294E+02   -0.66808E+02    0.91252E+06   -0.50774E-02
   449    0.18410E+04    0.16129E+02   -0.67509E+02    0.90968E+06   -0.24639E-02
   450    0.18506E+04    0.15963E+02   -0.68178E+02    0.90684E+06    0.00000E+00
   451    0.18602E+04    0.15795E+02   -0.68812E+02    0.90402E+06    0.23021E-02
   452    0.18700E+04    0.15626E+02   -0.69413E+02    0.90121E+06    0.44431E-02
   453    0.18799E+04    0.15456E+02   -0.69979E+02    0.89841E+06    0.64274E-02
   454    0.18899E+04    0.15285E+02   -0.70512E+02    0.89563E+06    0.82591E-02
   455    0.18999E+04    0.15113E+02   -0.71011E+02    0.89285E+06    0.99424E-02
   456    0.19102E+04    0.14940E+02   -0.71470E+02    0.89009E+06    0.11481E-01
   457    0.19204E+04    0.14766E+02   -0.71902E+02    0.88734E+06    0.12881E-01
   458    0.19308E+04    0.14592E+02   -0.72290E+02    0.88460E+06    0.14144E-01
   459    0.19413E+04    0.14417E+02   -0.72649E+02    0.88187E+06    0.15275E-01
   460    0.19518E+04    0.14241E+02   -0.72972E+02    0.87916E+06    0.16279E-01
   461    0.19623E+04    0.14065E+02   -0.73261E+02    0.87645E+06    0.17160E-01
   462    0.19729E+04    0.13888E+02   -0.73510E+02    0.87376E+06    0.17922E-01
   463    0.19835E+04    0.13712E+02   -0.73737E+02    0.87108E+06    0.18569E-01
   464    0.19942E+04    0.13536E+02   -0.73912E+02    0.86841E+06    0.19105E-01
   465    0.20048E+04    0.13359E+02   -0.74066E+02    0.86576E+06    0.19534E-01
   466    0.20155E+04    0.13182E+02   -0.74175E+02    0.86311E+06    0.19861E-01
   467    0.20263E+04    0.13006E+02   -0.74255E+02    0.86047E+06    0.20090E-01
   468    0.20370E+04    0.12830E+02   -0.74298E+02    0.85785E+06    0.20225E-01
   469    0.20477E+04    0.12653E+02   -0.74312E+02    0.85524E+06    0.20271E-01
   470    0.20586E+04    0.12478E+02   -0.74289E+02    0.85264E+06    0.20231E-01
   471    0.20691E+04    0.12304E+02   -0.74229E+02    0.85005E+06    0.20109E-01
   472    0.20799E+04    0.12130E+02   -0.74140E+02    0.84747E+06    0.19910E-01
   473    0.20906E+04    0.11956E+02   -0.74013E+02    0.84490E+06    0.19638E-01
   474    0.21013E+04    0.11784E+02   -0.73858E+02    0.84234E+06    0.19297E-01
   475    0.21119E+04    0.11612E+02   -0.73665E+02    0.83980E+06    0.18892E-01
   476    0.21225E+04    0.11442E+02   -0.73437E+02    0.83726E+06    0.18426E-01
   477    0.21330E+04    0.11273E+02   -0.73185E+02    0.83474E+06    0.17904E-01
   478    0.21435E+04    0.11104E+02   -0.72889E+02    0.83222E+06    0.17330E-01
   479    0.21539E+04    0.10937E+02   -0.72573E+02    0.82972E+06    0.16708E-01
   480    0.21642E+04    0.10772E+02   -0.72219E+02    0.82723E+06    0.16042E-01
   481    0.21745E+04    0.10608E+02   -0.71830E+02    0.82475E+06    0.15337E-01
   482    0.21848E+04    0.10446E+02   -0.71413E+02    0.82228E+06    0.14596E-01
   483    0.21949E+04    0.10285E+02   -0.70968E+02    0.81982E+06    0.13825E-01
   484    0.22048E+04    0.10127E+02   -0.70491E+02    0.81737E+06    0.13026E-01
   485    0.22148E+04    0.99700E+01   -0.69983E+02    0.81493E+06    0.12204E-01
   486    0.22247E+04    0.98157E+01   -0.69445E+02    0.81250E+06    0.11364E-01
   487    0.22344E+04    0.96636E+01   -0.68879E+02    0.81008E+06    0.10510E-01
   488    0.22440E+04    0.95128E+01   -0.68283E+02    0.80767E+06    0.96455E-02
   489    0.22535E+04    0.93648E+01   -0.67658E+02    0.80527E+06    0.87749E-02
   490    0.22629E+04    0.92197E+01   -0.67004E+02    0.80288E+06    0.79025E-02
   491    0.22721E+04    0.90766E+01   -0.66325E+02    0.80051E+06    0.70325E-02
   492    0.22812E+04    0.89363E+01   -0.65618E+02    0.79814E+06    0.61690E-02
   493    0.22903E+04    0.87974E+01   -0.64883E+02    0.79578E+06    0.53163E-02
   494    0.22991E+04    0.86628E+01   -0.64123E+02    0.79343E+06    0.44785E-02
   495    0.23078E+04    0.85302E+01   -0.63337E+02    0.79109E+06    0.36598E-02
   496    0.23163E+04    0.84012E+01   -0.62526E+02    0.78876E+06    0.28645E-02
   497    0.23247E+04    0.82749E+01   -0.61690E+02    0.78645E+06    0.20966E-02
   498    0.23329E+04    0.81508E+01   -0.60831E+02    0.78414E+06    0.13605E-02
   499    0.23411E+04    0.80309E+01   -0.59947E+02    0.78184E+06    0.66021E-03
   500    0.23491E+04    0.79131E+01   -0.59041E+02    0.77955E+06    0.00000E+00
   501    0.23567E+04    0.77995E+01   -0.58113E+02    0.77727E+06   -0.61684E-03
   502    0.23644E+04    0.76895E+01   -0.57162E+02    0.77500E+06   -0.11905E-02
   503    0.23718E+04    0.75823E+01   -0.56190E+02    0.77274E+06   -0.17222E-02
   504    0.23789E+04    0.74786E+01   -0.55197E+02    0.77049E+06   -0.22130E-02
   505    0.23861E+04    0.73792E+01   -0.54186E+02    0.76824E+06   -0.26641E-02
   506    0.23929E+04    0.72834E+01   -0.53153E+02    0.76601E+06   -0.30765E-02
   507    0.23996E+04    0.71911E+01   -0.52103E+02    0.76379E+06   -0.34513E-02
   508    0.24061E+04    0.71032E+01   -0.51034E+02    0.76158E+06   -0.37898E-02
   509    0.24124E+04    0.70188E+01   -0.49948E+02    0.75937E+06   -0.40930E-02
   510    0.24184E+04    0.69385E+01   -0.48846E+02    0.75718E+06   -0.43620E-02
   511    0.24243E+04    0.68621E+01   -0.47727E+02    0.75499E+06   -0.45980E-02
   512    0.24299E+04    0.67899E+01   -0.46592E+02    0.75281E+06   -0.48021E-02
   513    0.24354E+04    0.67218E+01   -0.45443E+02    0.75064E+06   -0.49754E-02
   514    0.24407E+04    0.66581E+01   -0.44281E+02    0.74849E+06   -0.51191E-02
   515    0.24458E+04    0.65987E+01   -0.43104E+02    0.74634E+06   -0.52342E-02
   516    0.24506E+04    0.65436E+01   -0.41915E+02    0.74420E+06   -0.53218E-02
   517    0.24552E+04    0.64931E+01   -0.40714E+02    0.74206E+06   -0.53832E-02
   518    0.24596E+04    0.64469E+01   -0.39502E+02    0.73994E+06   -0.54194E-02
   519    0.24639E+04    0.64053E+01   -0.38278E+02    0.73783E+06   -0.54315E-02
   520    0.24679E+04    0.63682E+01   -0.37046E+02    0.73572E+06   -0.54208E-02
   521    0.24715E+04    0.63358E+01   -0.35804E+02    0.73363E+06   -0.53882E-02
   522    0.24750E+04    0.63081E+01   -0.34554E+02    0.73154E+06   -0.53349E-02
   523    0.24783E+04    0.62852E+01   -0.33296E+02    0.72946E+06   -0.52620E-02
   524    0.24814E+04    0.62669E+01   -0.32031E+02    0.72739E+06   -0.51707E-02
   525    0.24841E+04    0.62534E+01   -0.30759E+02    0.72533E+06   -0.50621E-02
   526    0.24867E+04    0.62447E+01   -0.29482E+02    0.72328E+06   -0.49373E-02
   527    0.24892E+04    0.62409E+01   -0.28200E+02    0.72123E+06   -0.47974E-02
   528    0.24914E+04    0.62419E+01   -0.26915E+02    0.71920E+06   -0.46435E-02
   529    0.24933E+04    0.62480E+01   -0.25625E+02    0.71717E+06   -0.44769E-02
   530    0.24950E+04    0.62590E+01   -0.24335E+02    0.71515E+06   -0.42985E-02
   531    0.24966E+04    0.62749E+01   -0.23040E+02    0.71314E+06   -0.41095E-02
   532    0.24978E+04    0.62958E+01   -0.21746E+02    0.71114E+06   -0.39111E-02
   533    0.24988E+04    0.63218E+01   -0.20451E+02    0.70914E+06   -0.37043E-02
   534    0.24995E+04    0.63528E+01   -0.19157E+02    0.70716E+06   -0.34903E-02
   535    0.25000E+04    0.63890E+01   -0.17864E+02    0.70518E+06   -0.32702E-02
   536    0.25004E+04    0.64301E+01   -0.16572E+02    0.70321E+06   -0.30451E-02
   537    0.25005E+04    0.64763E+01   -0.15283E+02    0.70125E+06   -0.28162E-02
   538    0.25003E+04    0.65277E+01   -0.13997E+02    0.69930E+06   -0.25845E-02
   539    0.25000E+04    0.65840E+01   -0.12716E+02    0.69735E+06   -0.23512E-02
   540    0.24994E+04    0.66456E+01   -0.11439E+02    0.69542E+06   -0.21175E-02
   541    0.24985E+04    0.67122E+01   -0.10167E+02    0.69349E+06   -0.18843E-02
   542    0.24975E+04    0.67839E+01   -0.89027E+01    0.69157E+06   -0.16530E-02
   543    0.24962E+04    0.68608E+01   -0.76446E+01    0.68966E+06   -0.14245E-02
   544    0.24947E+04    0.69428E+01   -0.63940E+01    0.68775E+06   -0.12000E-02
   545    0.24930E+04    0.70299E+01   -0.51516E+01    0.68586E+06   -0.98065E-03
   546    0.24911E+04    0.71218E+01   -0.39183E+01    0.68397E+06   -0.76753E-03
   547    0.24889E+04    0.72188E+01   -0.26944E+01    0.68209E+06   -0.56179E-03
   548    0.24866E+04    0.73208E+01   -0.14809E+01    0.68021E+06   -0.36454E-03
   549    0.24840E+04    0.74279E+01   -0.27861E+00    0.67835E+06   -0.17690E-03
   550    0.24812E+04    0.75401E+01    0.91203E+00    0.67649E+06    0.00000E+00
   551    0.24783E+04    0.76574E+01    0.20904E+01    0.67464E+06    0.16528E-03
   552    0.24750E+04    0.77797E+01    0.32554E+01    0.67280E+06    0.31900E-03
   553    0.24716E+04    0.79057E+01    0.44068E+01    0.67096E+06    0.46147E-03
   554    0.24680E+04    0.80382E+01    0.55437E+01    0.66913E+06    0.59298E-03
   555    0.24642E+04    0.81750E+01    0.66655E+01    0.66731E+06    0.71383E-03
   556    0.24602E+04    0.83170E+01    0.77718E+01    0.66550E+06    0.82433E-03
   557    0.24560E+04    0.84633E+01    0.88609E+01    0.66369E+06    0.92478E-03
   558    0.24515E+04    0.86154E+01    0.99334E+01    0.66190E+06    0.10155E-02
   559    0.24469E+04    0.87712E+01    0.10988E+02    0.66011E+06    0.10967E-02
   560    0.24422E+04    0.89314E+01    0.12025E+02    0.65832E+06    0.11688E-02
   561    0.24371E+04    0.90966E+01    0.13042E+02    0.65655E+06    0.12320E-02
   562    0.24320E+04    0.92670E+01    0.14040E+02    0.65478E+06    0.12867E-02
   563    0.24266E+04    0.94411E+01    0.15020E+02    0.65302E+06    0.13332E-02
   564    0.24212E+04    0.96210E+01    0.15976E+02    0.65126E+06    0.13716E-02
   565    0.24155E+04    0.98038E+01    0.16912E+02    0.64952E+06    0.14025E-02
   566    0.24096E+04    0.99917E+01    0.17826E+02    0.64778E+06    0.14260E-02
   567    0.24036E+04    0.10183E+02    0.18719E+02    0.64604E+06    0.14424E-02
   568    0.23975E+04    0.10380E+02    0.19587E+02    0.64432E+06    0.14521E-02
   569    0.23911E+04    0.10581E+02    0.20435E+02    0.64260E+06    0.14554E-02
   570    0.23847E+04    0.10786E+02    0.21256E+02    0.64089E+06    0.14525E-02
   571    0.23780E+04    0.10995E+02    0.22053E+02    0.63918E+06    0.14438E-02
   572    0.23711E+04    0.11208E+02    0.22826E+02    0.63748E+06    0.14295E-02
   573    0.23642E+04    0.11425E+02    0.23572E+02    0.63579E+06    0.14100E-02
   574    0.23572E+04    0.11646E+02    0.24294E+02    0.63411E+06    0.13855E-02
   575    0.23500E+04    0.11870E+02    0.24988E+02    0.63243E+06    0.13564E-02
   576    0.23427E+04    0.12098E+02    0.25657E+02    0.63076E+06    0.13229E-02
   577    0.23352E+04    0.12331E+02    0.26298E+02    0.62910E+06    0.12855E-02
   578    0.23276E+04    0.12566E+02    0.26912E+02    0.62744E+06    0.12442E-02
   579    0.23199E+04    0.12805E+02    0.27498E+02    0.62579E+06    0.11996E-02
   580    0.23122E+04    0.13048E+02    0.28055E+02    0.62415E+06    0.11518E-02
   581    0.23041E+04    0.13293E+02    0.28585E+02    0.62251E+06    0.11011E-02
   582    0.22961E+04    0.13543E+02    0.29085E+02    0.62088E+06    0.10480E-02
   583    0.22879E+04    0.13795E+02    0.29555E+02    0.61926E+06    0.99256E-03
   584    0.22797E+04    0.14050E+02    0.29996E+02    0.61764E+06    0.93522E-03
   585    0.22714E+04    0.14308E+02    0.30408E+02    0.61603E+06    0.87624E-03
   586    0.22630E+04    0.14569E+02    0.30788E+02    0.61443E+06    0.81593E-03
   587    0.22545E+04    0.14833E+02    0.31139E+02    0.61283E+06    0.75459E-03
   588    0.22459E+04    0.15100E+02    0.31458E+02    0.61124E+06    0.69251E-03
   589    0.22372E+04    0.15369E+02    0.31747E+02    0.60966E+06    0.63001E-03
   590    0.22285E+04    0.15640E+02    0.32004E+02    0.60808E+06    0.56737E-03
   591    0.22197E+04    0.15915E+02    0.32230E+02    0.60651E+06    0.50491E-03
   592    0.22109E+04    0.16191E+02    0.32423E+02    0.60494E+06    0.44291E-03
   593    0.22019E+04    0.16470E+02    0.32586E+02    0.60338E+06    0.38169E-03
   594    0.21928E+04    0.16751E+02    0.32716E+02    0.60183E+06    0.32154E-03
   595    0.21837E+04    0.17033E+02    0.32815E+02    0.60028E+06    0.26276E-03
   596    0.21747E+04    0.17318E+02    0.32880E+02    0.59874E+06    0.20566E-03
   597    0.21656E+04    0.17603E+02    0.32914E+02    0.59721E+06    0.15053E-03
   598    0.21567E+04    0.17891E+02    0.32915E+02    0.59568E+06    0.97678E-04
   599    0.21475E+04    0.18181E+02    0.32884E+02    0.59416E+06    0.47401E-04
   600    0.21383E+04    0.18472E+02    0.32820E+02    0.59264E+06    0.00000E+00
   601    0.21291E+04    0.18764E+02    0.32723E+02    0.59113E+06   -0.44287E-04
   602    0.21199E+04    0.19057E+02    0.32593E+02    0.58963E+06   -0.85477E-04
   603    0.21106E+04    0.19352E+02    0.32432E+02    0.58813E+06   -0.12365E-03
   604    0.21014E+04    0.19648E+02    0.32237E+02    0.58664E+06   -0.15889E-03
   605    0.20922E+04    0.19944E+02    0.32010E+02    0.58515E+06   -0.19127E-03
   606    0.20830E+04    0.20241E+02    0.31750E+02    0.58367E+06   -0.22088E-03
   607    0.20736E+04    0.20538E+02    0.31457E+02    0.58220E+06   -0.24779E-03
   608    0.20644E+04    0.20837E+02    0.31131E+02    0.58073E+06   -0.27210E-03
   609    0.20553E+04    0.21135E+02    0.30772E+02    0.57927E+06   -0.29386E-03
   610    0.20461E+04    0.21433E+02    0.30381E+02    0.57781E+06   -0.31318E-03
   611    0.20370E+04    0.21732E+02    0.29958E+02    0.57636E+06   -0.33012E-03
   612    0.20279E+04    0.22032E+02    0.29503E+02    0.57492E+06   -0.34478E-03
   613    0.20188E+04    0.22329E+02    0.29014E+02    0.57348E+06   -0.35722E-03
   614    0.20098E+04    0.22628E+02    0.28493E+02    0.57204E+06   -0.36753E-03
   615    0.20007E+04    0.22925E+02    0.27941E+02    0.57062E+06   -0.37580E-03
   616    0.19918E+04    0.23223E+02    0.27357E+02    0.56919E+06   -0.38209E-03
   617    0.19830E+04    0.23521E+02    0.26741E+02    0.56778E+06   -0.38650E-03
   618    0.19742E+04    0.23818E+02    0.26094E+02    0.56636E+06   -0.38910E-03
   619    0.19653E+04    0.24115E+02    0.25417E+02    0.56496E+06   -0.38997E-03
   620    0.19567E+04    0.24410E+02    0.24708E+02    0.56356E+06   -0.38919E-03
   621    0.19480E+04    0.24704E+02    0.23968E+02    0.56216E+06   -0.38685E-03
   622    0.19395E+04    0.24998E+02    0.23197E+02    0.56077E+06   -0.38303E-03
   623    0.19311E+04    0.25289E+02    0.22398E+02    0.55939E+06   -0.37780E-03
   624    0.19227E+04    0.25579E+02    0.21568E+02    0.55801E+06   -0.37124E-03
   625    0.19143E+04    0.25867E+02    0.20708E+02    0.55664E+06   -0.36344E-03
   626    0.19061E+04    0.26155E+02    0.19819E+02    0.55527E+06   -0.35448E-03
   627    0.18980E+04    0.26440E+02    0.18901E+02    0.55391E+06   -0.34444E-03
   628    0.18900E+04    0.26723E+02    0.17954E+02    0.55255E+06   -0.33339E-03
   629    0.18822E+04    0.27004E+02    0.16979E+02    0.55120E+06   -0.32142E-03
   630    0.18743E+04    0.27283E+02    0.15976E+02    0.54986E+06   -0.30862E-03
   631    0.18666E+04    0.27561E+02    0.14946E+02    0.54852E+06   -0.29505E-03
   632    0.18591E+04    0.27835E+02    0.13887E+02    0.54718E+06   -0.28080E-03
   633    0.18516E+04    0.28108E+02    0.12803E+02    0.54585E+06   -0.26595E-03
   634    0.18443E+04    0.28377E+02    0.11693E+02    0.54452E+06   -0.25059E-03
   635    0.18371E+04    0.28644E+02    0.10557E+02    0.54320E+06   -0.23479E-03
   636    0.18299E+04    0.28910E+02    0.93953E+01    0.54189E+06   -0.21863E-03
   637    0.18230E+04    0.29171E+02    0.82083E+01    0.54058E+06   -0.20219E-03
   638    0.18162E+04    0.29430E+02    0.69976E+01    0.53928E+06   -0.18556E-03
   639    0.18095E+04    0.29685E+02    0.57623E+01    0.53798E+06   -0.16881E-03
   640    0.18030E+04    0.29938E+02    0.45040E+01    0.53668E+06   -0.15203E-03
   641    0.17966E+04    0.30188E+02    0.32226E+01    0.53539E+06   -0.13529E-03
   642    0.17902E+04    0.30433E+02    0.19188E+01    0.53411E+06   -0.11868E-03
   643    0.17841E+04    0.30676E+02    0.59304E+00    0.53283E+06   -0.10227E-03
   644    0.17782E+04    0.30914E+02   -0.75394E+00    0.53155E+06   -0.86156E-04
   645    0.17724E+04    0.31149E+02   -0.21219E+01    0.53028E+06   -0.70407E-04
   646    0.17667E+04    0.31381E+02   -0.35103E+01    0.52902E+06   -0.55106E-04
   647    0.17613E+04    0.31608E+02   -0.49189E+01    0.52776E+06   -0.40335E-04
   648    0.17559E+04    0.31832E+02   -0.63458E+01    0.52650E+06   -0.26173E-04
   649    0.17508E+04    0.32051E+02   -0.77918E+01    0.52525E+06   -0.12701E-04
   650    0.17458E+04    0.32265E+02   -0.92555E+01    0.52401E+06    0.00000E+00
   651    0.17410E+04    0.32477E+02   -0.10737E+02    0.52277E+06    0.11867E-04
   652    0.17363E+04    0.32684E+02   -0.12235E+02    0.52153E+06    0.22903E-04
   653    0.17319E+04    0.32886E+02   -0.13749E+02    0.52030E+06    0.33132E-04
   654    0.17276E+04    0.33084E+02   -0.15278E+02    0.51907E+06    0.42574E-04
   655    0.17234E+04    0.33278E+02   -0.16822E+02    0.51785E+06    0.51251E-04
   656    0.17195E+04    0.33466E+02   -0.18380E+02    0.51663E+06    0.59185E-04
   657    0.17157E+04    0.33650E+02   -0.19951E+02    0.51542E+06    0.66396E-04
   658    0.17120E+04    0.33830E+02   -0.21535E+02    0.51421E+06    0.72908E-04
   659    0.17087E+04    0.34005E+02   -0.23132E+02    0.51301E+06    0.78740E-04
   660    0.17055E+04    0.34174E+02   -0.24739E+02    0.51181E+06    0.83916E-04
   661    0.17025E+04    0.34338E+02   -0.26356E+02    0.51061E+06    0.88456E-04
   662    0.16996E+04    0.34498E+02   -0.27985E+02    0.50942E+06    0.92383E-04
   663    0.16970E+04    0.34653E+02   -0.29623E+02    0.50824E+06    0.95717E-04
   664    0.16945E+04    0.34801E+02   -0.31269E+02    0.50706E+06    0.98480E-04
   665    0.16922E+04    0.34945E+02   -0.32923E+02    0.50588E+06    0.10069E-03
   666    0.16901E+04    0.35084E+02   -0.34584E+02    0.50471E+06    0.10238E-03
   667    0.16882E+04    0.35216E+02   -0.36252E+02    0.50354E+06    0.10356E-03
   668    0.16864E+04    0.35344E+02   -0.37926E+02    0.50238E+06    0.10426E-03
   669    0.16849E+04    0.35467E+02   -0.39605E+02    0.50122E+06    0.10449E-03
   670    0.16836E+04    0.35583E+02   -0.41287E+02    0.50006E+06    0.10428E-03
   671    0.16825E+04    0.35696E+02   -0.42974E+02    0.49891E+06    0.10366E-03
   672    0.16815E+04    0.35801E+02   -0.44665E+02    0.49777E+06    0.10263E-03
   673    0.16807E+04    0.35902E+02   -0.46356E+02    0.49662E+06    0.10123E-03
   674    0.16802E+04    0.35996E+02   -0.48049E+02    0.49549E+06    0.99474E-04
   675    0.16798E+04    0.36085E+02   -0.49744E+02    0.49435E+06    0.97384E-04
   676    0.16796E+04    0.36168E+02   -0.51437E+02    0.49322E+06    0.94983E-04
   677    0.16796E+04    0.36245E+02   -0.53131E+02    0.49210E+06    0.92292E-04
   678    0.16798E+04    0.36316E+02   -0.54823E+02    0.49098E+06    0.89332E-04
   679    0.16802E+04    0.36382E+02   -0.56513E+02    0.48986E+06    0.86125E-04
   680    0.16809E+04    0.36442E+02   -0.58200E+02    0.48875E+06    0.82694E-04
   681    0.16817E+04    0.36496E+02   -0.59883E+02    0.48764E+06    0.79058E-04
   682    0.16827E+04    0.36543E+02   -0.61563E+02    0.48654E+06    0.75241E-04
   683    0.16839E+04    0.36586E+02   -0.63238E+02    0.48544E+06    0.71262E-04
   684    0.16853E+04    0.36621E+02   -0.64908E+02    0.48434E+06    0.67145E-04
   685    0.16867E+04    0.36651E+02   -0.66572E+02    0.48325E+06    0.62911E-04
   686    0.16885E+04    0.36674E+02   -0.68221E+02    0.48216E+06    0.58581E-04
   687    0.16905E+04    0.36693E+02   -0.69866E+02    0.48107E+06    0.54177E-04
   688    0.16925E+04    0.36704E+02   -0.71505E+02    0.47999E+06    0.49720E-04
   689    0.16948E+04    0.36710E+02   -0.73131E+02    0.47892E+06    0.45233E-04
   690    0.16973E+04    0.36711E+02   -0.74751E+02    0.47785E+06    0.40736E-04
   691    0.16999E+04    0.36703E+02   -0.76357E+02    0.47678E+06    0.36251E-04
   692    0.17027E+04    0.36692E+02   -0.77950E+02    0.47571E+06    0.31800E-04
   693    0.17058E+04    0.36674E+02   -0.79538E+02    0.47465E+06    0.27404E-04
   694    0.17089E+04    0.36649E+02   -0.81105E+02    0.47359E+06    0.23086E-04
   695    0.17123E+04    0.36620E+02   -0.82658E+02    0.47254E+06    0.18866E-04
   696    0.17159E+04    0.36584E+02   -0.84214E+02    0.47149E+06    0.14766E-04
   697    0.17196E+04    0.36542E+02   -0.85741E+02    0.47044E+06    0.10808E-04
   698    0.17234E+04    0.36494E+02   -0.87255E+02    0.46940E+06    0.70130E-05
   699    0.17274E+04    0.36441E+02   -0.88749E+02    0.46836E+06    0.34032E-05
   700    0.17317E+04    0.36381E+02   -0.90229E+02    0.46733E+06    0.00000E+00
   701    0.17360E+04    0.36315E+02   -0.91697E+02    0.46630E+06   -0.31796E-05
   702    0.17406E+04    0.36245E+02   -0.93136E+02    0.46527E+06   -0.61370E-05
   703    0.17453E+04    0.36168E+02   -0.94578E+02    0.46425E+06   -0.88777E-05
   704    0.17501E+04    0.36086E+02   -0.95984E+02    0.46323E+06   -0.11408E-04
   705    0.17550E+04    0.35997E+02   -0.97369E+02    0.46221E+06   -0.13733E-04
   706    0.17601E+04    0.35903E+02   -0.98741E+02    0.46120E+06   -0.15858E-04
   707    0.17654E+04    0.35804E+02   -0.10009E+03    0.46019E+06   -0.17791E-04
   708    0.17709E+04    0.35699E+02   -0.10141E+03    0.45918E+06   -0.19536E-04
   709    0.17764E+04    0.35589E+02   -0.10272E+03    0.45818E+06   -0.21098E-04
   710    0.17821E+04    0.35473E+02   -0.10400E+03    0.45718E+06   -0.22485E-04
   711    0.17879E+04    0.35351E+02   -0.10526E+03    0.45619E+06   -0.23702E-04
   712    0.17939E+04    0.35225E+02   -0.10650E+03    0.45519E+06   -0.24754E-04
   713    0.18001E+04    0.35093E+02   -0.10771E+03    0.45421E+06   -0.25647E-04
   714    0.18062E+04    0.34956E+02   -0.10889E+03    0.45322E+06   -0.26388E-04
   715    0.18126E+04    0.34814E+02   -0.11006E+03    0.45224E+06   -0.26981E-04
   716    0.18191E+04    0.34667E+02   -0.11119E+03    0.45126E+06   -0.27433E-04
   717    0.18257E+04    0.34515E+02   -0.11229E+03    0.45029E+06   -0.27749E-04
   718    0.18324E+04    0.34358E+02   -0.11338E+03    0.44932E+06   -0.27936E-04
   719    0.18392E+04    0.34194E+02   -0.11443E+03    0.44835E+06   -0.27998E-04
   720    0.18460E+04    0.34027E+02   -0.11546E+03    0.44738E+06   -0.27943E-04
   721    0.18531E+04    0.33856E+02   -0.11645E+03    0.44642E+06   -0.27775E-04
   722    0.18602E+04    0.33680E+02   -0.11741E+03    0.44546E+06   -0.27500E-04
   723    0.18674E+04    0.33499E+02   -0.11835E+03    0.44451E+06   -0.27125E-04
   724    0.18747E+04    0.33314E+02   -0.11926E+03    0.44356E+06   -0.26654E-04
   725    0.18821E+04    0.33125E+02   -0.12014E+03    0.44261E+06   -0.26094E-04
   726    0.18896E+04    0.32933E+02   -0.12098E+03    0.44167E+06   -0.25451E-04
   727    0.18971E+04    0.32734E+02   -0.12180E+03    0.44072E+06   -0.24729E-04
   728    0.19047E+04    0.32531E+02   -0.12259E+03    0.43979E+06   -0.23936E-04
   729    0.19124E+04    0.32325E+02   -0.12335E+03    0.43885E+06   -0.23077E-04
   730    0.19201E+04    0.32115E+02   -0.12407E+03    0.43792E+06   -0.22158E-04
   731    0.19281E+04    0.31900E+02   -0.12475E+03    0.43699E+06   -0.21184E-04
   732    0.19359E+04    0.31684E+02   -0.12540E+03    0.43607E+06   -0.20161E-04
   733    0.19439E+04    0.31462E+02   -0.12603E+03    0.43514E+06   -0.19095E-04
   734    0.19520E+04    0.31237E+02   -0.12661E+03    0.43422E+06   -0.17992E-04
   735    0.19601E+04    0.31008E+02   -0.12718E+03    0.43331E+06   -0.16857E-04
   736    0.19681E+04    0.30776E+02   -0.12769E+03    0.43240E+06   -0.15697E-04
   737    0.19763E+04    0.30541E+02   -0.12819E+03    0.43149E+06   -0.14517E-04
   738    0.19844E+04    0.30304E+02   -0.12863E+03    0.43058E+06   -0.13322E-04
   739    0.19927E+04    0.30062E+02   -0.12905E+03    0.42968E+06   -0.12120E-04
   740    0.20009E+04    0.29818E+02   -0.12944E+03    0.42877E+06   -0.10915E-04
   741    0.20092E+04    0.29570E+02   -0.12979E+03    0.42788E+06   -0.97134E-05
   742    0.20175E+04    0.29322E+02   -0.13010E+03    0.42698E+06   -0.85207E-05
   743    0.20258E+04    0.29071E+02   -0.13038E+03    0.42609E+06   -0.73429E-05
   744    0.20342E+04    0.28817E+02   -0.13062E+03    0.42520E+06   -0.61858E-05
   745    0.20426E+04    0.28561E+02   -0.13084E+03    0.42432E+06   -0.50550E-05
   746    0.20508E+04    0.28303E+02   -0.13099E+03    0.42343E+06   -0.39565E-05
   747    0.20591E+04    0.28041E+02   -0.13113E+03    0.42255E+06   -0.28959E-05
   748    0.20675E+04    0.27779E+02   -0.13124E+03    0.42168E+06   -0.18791E-05
   749    0.20759E+04    0.27514E+02   -0.13131E+03    0.42080E+06   -0.91189E-06
   750    0.20842E+04    0.27248E+02   -0.13134E+03    0.41993E+06    0.00000E+00
   751    0.20925E+04    0.26979E+02   -0.13134E+03    0.41906E+06    0.85198E-06
   752    0.21009E+04    0.26711E+02   -0.13129E+03    0.41820E+06    0.16444E-05
   753    0.21091E+04    0.26439E+02   -0.13121E+03    0.41734E+06    0.23788E-05
   754    0.21174E+04    0.26168E+02   -0.13109E+03    0.41648E+06    0.30567E-05
   755    0.21256E+04    0.25894E+02   -0.13095E+03    0.41562E+06    0.36797E-05
   756    0.21337E+04    0.25620E+02   -0.13076E+03    0.41476E+06    0.42493E-05
   757    0.21420E+04    0.25346E+02   -0.13054E+03    0.41391E+06    0.47670E-05
   758    0.21500E+04    0.25070E+02   -0.13027E+03    0.41306E+06    0.52345E-05
   759    0.21581E+04    0.24793E+02   -0.12998E+03    0.41222E+06    0.56533E-05
   760    0.21661E+04    0.24516E+02   -0.12966E+03    0.41138E+06    0.60249E-05
   761    0.21740E+04    0.24239E+02   -0.12929E+03    0.41054E+06    0.63509E-05
   762    0.21820E+04    0.23962E+02   -0.12889E+03    0.40970E+06    0.66328E-05
   763    0.21898E+04    0.23685E+02   -0.12846E+03    0.40886E+06    0.68721E-05
   764    0.21976E+04    0.23408E+02   -0.12799E+03    0.40803E+06    0.70705E-05
   765    0.22052E+04    0.23130E+02   -0.12748E+03    0.40720E+06    0.72295E-05
   766    0.22129E+04    0.22853E+02   -0.12695E+03    0.40637E+06    0.73506E-05
   767    0.22204E+04    0.22577E+02   -0.12637E+03    0.40555E+06    0.74354E-05
   768    0.22279E+04    0.22301E+02   -0.12576E+03    0.40473E+06    0.74854E-05
   769    0.22353E+04    0.22025E+02   -0.12512E+03    0.40391E+06    0.75021E-05
   770    0.22425E+04    0.21751E+02   -0.12444E+03    0.40309E+06    0.74872E-05
   771    0.22497E+04    0.21477E+02   -0.12373E+03    0.40228E+06    0.74422E-05
   772    0.22568E+04    0.21205E+02   -0.12298E+03    0.40147E+06    0.73686E-05
   773    0.22638E+04    0.20933E+02   -0.12220E+03    0.40066E+06    0.72680E-05
   774    0.22706E+04    0.20664E+02   -0.12140E+03    0.39985E+06    0.71419E-05
   775    0.22775E+04    0.20395E+02   -0.12055E+03    0.39905E+06    0.69919E-05
   776    0.22841E+04    0.20128E+02   -0.11968E+03    0.39825E+06    0.68195E-05
   777    0.22906E+04    0.19863E+02   -0.11877E+03    0.39745E+06    0.66262E-05
   778    0.22972E+04    0.19600E+02   -0.11783E+03    0.39666E+06    0.64137E-05
   779    0.23034E+04    0.19338E+02   -0.11686E+03    0.39586E+06    0.61835E-05
   780    0.23096E+04    0.19077E+02   -0.11586E+03    0.39507E+06    0.59371E-05
   781    0.23157E+04    0.18821E+02   -0.11483E+03    0.39428E+06    0.56761E-05
   782    0.23216E+04    0.18566E+02   -0.11378E+03    0.39350E+06    0.54020E-05
   783    0.23275E+04    0.18313E+02   -0.11269E+03    0.39272E+06    0.51164E-05
   784    0.23332E+04    0.18063E+02   -0.11157E+03    0.39193E+06    0.48208E-05
   785    0.23386E+04    0.17815E+02   -0.11043E+03    0.39116E+06    0.45168E-05
   786    0.23441E+04    0.17570E+02   -0.10923E+03    0.39038E+06    0.42059E-05
   787    0.23493E+04    0.17328E+02   -0.10802E+03    0.38961E+06    0.38897E-05
   788    0.23543E+04    0.17088E+02   -0.10679E+03    0.38884E+06    0.35698E-05
   789    0.23593E+04    0.16850E+02   -0.10554E+03    0.38807E+06    0.32476E-05
   790    0.23641E+04    0.16618E+02   -0.10424E+03    0.38730E+06    0.29247E-05
   791    0.23688E+04    0.16388E+02   -0.10292E+03    0.38654E+06    0.26027E-05
   792    0.23733E+04    0.16162E+02   -0.10159E+03    0.38577E+06    0.22831E-05
   793    0.23776E+04    0.15940E+02   -0.10021E+03    0.38502E+06    0.19675E-05
   794    0.23817E+04    0.15722E+02   -0.98824E+02    0.38426E+06    0.16575E-05
   795    0.23857E+04    0.15506E+02   -0.97406E+02    0.38350E+06    0.13545E-05
   796    0.23896E+04    0.15295E+02   -0.95972E+02    0.38275E+06    0.10601E-05
   797    0.23932E+04    0.15087E+02   -0.94509E+02    0.38200E+06    0.77596E-06
   798    0.23967E+04    0.14884E+02   -0.93031E+02    0.38125E+06    0.50351E-06
   799    0.24000E+04    0.14684E+02   -0.91529E+02    0.38051E+06    0.24434E-06
   800    0.24032E+04    0.14489E+02   -0.90006E+02    0.37976E+06    0.00000E+00
   801    0.24062E+04    0.14298E+02   -0.88467E+02    0.37902E+06   -0.22829E-06
   802    0.24089E+04    0.14111E+02   -0.86890E+02    0.37828E+06   -0.44061E-06
   803    0.24116E+04    0.13928E+02   -0.85313E+02    0.37755E+06   -0.63739E-06
   804    0.24140E+04    0.13750E+02   -0.83706E+02    0.37681E+06   -0.81903E-06
   805    0.24163E+04    0.13576E+02   -0.82083E+02    0.37608E+06   -0.98596E-06
   806    0.24184E+04    0.13407E+02   -0.80445E+02    0.37535E+06   -0.11386E-05
   807    0.24202E+04    0.13243E+02   -0.78792E+02    0.37462E+06   -0.12773E-05
   808    0.24219E+04    0.13085E+02   -0.77116E+02    0.37390E+06   -0.14026E-05
   809    0.24234E+04    0.12931E+02   -0.75432E+02    0.37317E+06   -0.15148E-05
   810    0.24247E+04    0.12782E+02   -0.73724E+02    0.37245E+06   -0.16144E-05
   811    0.24258E+04    0.12637E+02   -0.72002E+02    0.37173E+06   -0.17017E-05
   812    0.24267E+04    0.12500E+02   -0.70270E+02    0.37101E+06   -0.17772E-05
   813    0.24274E+04    0.12365E+02   -0.68527E+02    0.37030E+06   -0.18414E-05
   814    0.24281E+04    0.12237E+02   -0.66770E+02    0.36959E+06   -0.18945E-05
   815    0.24284E+04    0.12114E+02   -0.65002E+02    0.36888E+06   -0.19371E-05
   816    0.24285E+04    0.11997E+02   -0.63223E+02    0.36817E+06   -0.19696E-05
   817    0.24284E+04    0.11885E+02   -0.61433E+02    0.36746E+06   -0.19923E-05
   818    0.24283E+04    0.11779E+02   -0.59634E+02    0.36676E+06   -0.20057E-05
   819    0.24279E+04    0.11678E+02   -0.57825E+02    0.36605E+06   -0.20102E-05
   820    0.24273E+04    0.11582E+02   -0.56008E+02    0.36535E+06   -0.20062E-05
   821    0.24264E+04    0.11492E+02   -0.54184E+02    0.36465E+06   -0.19941E-05
   822    0.24254E+04    0.11408E+02   -0.52353E+02    0.36396E+06   -0.19744E-05
   823    0.24242E+04    0.11330E+02   -0.50515E+02    0.36326E+06   -0.19475E-05
   824    0.24227E+04    0.11258E+02   -0.48670E+02    0.36257E+06   -0.19137E-05
   825    0.24211E+04    0.11191E+02   -0.46822E+02    0.36188E+06   -0.18735E-05
   826    0.24192E+04    0.11131E+02   -0.44968E+02    0.36119E+06   -0.18273E-05
   827    0.24172E+04    0.11076E+02   -0.43113E+02    0.36051E+06   -0.17755E-05
   828    0.24150E+04    0.11028E+02   -0.41253E+02    0.35982E+06   -0.17186E-05
   829    0.24126E+04    0.10986E+02   -0.39392E+02    0.35914E+06   -0.16569E-05
   830    0.24100E+04    0.10950E+02   -0.37532E+02    0.35846E+06   -0.15908E-05
   831    0.24072E+04    0.10919E+02   -0.35670E+02    0.35778E+06   -0.15209E-05
   832    0.24042E+04    0.10894E+02   -0.33808E+02    0.35710E+06   -0.14475E-05
   833    0.24010E+04    0.10875E+02   -0.31947E+02    0.35643E+06   -0.13709E-05
   834    0.23975E+04    0.10863E+02   -0.30087E+02    0.35576E+06   -0.12917E-05
   835    0.23940E+04    0.10857E+02   -0.28230E+02    0.35508E+06   -0.12103E-05
   836    0.23901E+04    0.10856E+02   -0.26375E+02    0.35442E+06   -0.11270E-05
   837    0.23862E+04    0.10862E+02   -0.24524E+02    0.35375E+06   -0.10422E-05
   838    0.23820E+04    0.10874E+02   -0.22676E+02    0.35308E+06   -0.95651E-06
   839    0.23775E+04    0.10892E+02   -0.20833E+02    0.35242E+06   -0.87018E-06
   840    0.23730E+04    0.10918E+02   -0.18995E+02    0.35176E+06   -0.78367E-06
   841    0.23682E+04    0.10948E+02   -0.17165E+02    0.35110E+06   -0.69739E-06
   842    0.23632E+04    0.10984E+02   -0.15339E+02    0.35044E+06   -0.61176E-06
   843    0.23581E+04    0.11026E+02   -0.13524E+02    0.34979E+06   -0.52720E-06
   844    0.23527E+04    0.11075E+02   -0.11715E+02    0.34913E+06   -0.44412E-06
   845    0.23472E+04    0.11129E+02   -0.99157E+01    0.34848E+06   -0.36293E-06
   846    0.23415E+04    0.11190E+02   -0.81266E+01    0.34783E+06   -0.28406E-06
   847    0.23358E+04    0.11256E+02   -0.63471E+01    0.34718E+06   -0.20792E-06
   848    0.23298E+04    0.11329E+02   -0.45793E+01    0.34653E+06   -0.13491E-06
   849    0.23235E+04    0.11407E+02   -0.28225E+01    0.34589E+06   -0.65471E-07
   850    0.23172E+04    0.11492E+02   -0.10778E+01    0.34525E+06    0.00000E+00
   851    0.23106E+04    0.11582E+02    0.65430E+00    0.34461E+06    0.61170E-07
   852    0.23039E+04    0.11679E+02    0.23734E+01    0.34397E+06    0.11806E-06
   853    0.22970E+04    0.11781E+02    0.40786E+01    0.34333E+06    0.17079E-06
   854    0.22899E+04    0.11890E+02    0.57687E+01    0.34269E+06    0.21946E-06
   855    0.22825E+04    0.12004E+02    0.74445E+01    0.34206E+06    0.26419E-06
   856    0.22752E+04    0.12123E+02    0.91042E+01    0.34143E+06    0.30508E-06
   857    0.22676E+04    0.12248E+02    0.10747E+02    0.34079E+06    0.34226E-06
   858    0.22598E+04    0.12380E+02    0.12373E+02    0.34017E+06    0.37582E-06
   859    0.22519E+04    0.12515E+02    0.13983E+02    0.33954E+06    0.40589E-06
   860    0.22439E+04    0.12657E+02    0.15574E+02    0.33891E+06    0.43257E-06
   861    0.22357E+04    0.12804E+02    0.17145E+02    0.33829E+06    0.45597E-06
   862    0.22274E+04    0.12957E+02    0.18699E+02    0.33767E+06    0.47621E-06
   863    0.22189E+04    0.13115E+02    0.20231E+02    0.33705E+06    0.49340E-06
   864    0.22102E+04    0.13278E+02    0.21744E+02    0.33643E+06    0.50764E-06
   865    0.22013E+04    0.13447E+02    0.23235E+02    0.33581E+06    0.51906E-06
   866    0.21925E+04    0.13620E+02    0.24704E+02    0.33519E+06    0.52775E-06
   867    0.21834E+04    0.13800E+02    0.26151E+02    0.33458E+06    0.53384E-06
   868    0.21743E+04    0.13984E+02    0.27576E+02    0.33397E+06    0.53743E-06
   869    0.21650E+04    0.14173E+02    0.28979E+02    0.33336E+06    0.53863E-06
   870    0.21555E+04    0.14366E+02    0.30357E+02    0.33275E+06    0.53756E-06
   871    0.21459E+04    0.14565E+02    0.31712E+02    0.33214E+06    0.53433E-06
   872    0.21362E+04    0.14769E+02    0.33042E+02    0.33154E+06    0.52904E-06
   873    0.21264E+04    0.14977E+02    0.34348E+02    0.33093E+06    0.52182E-06
   874    0.21164E+04    0.15190E+02    0.35628E+02    0.33033E+06    0.51276E-06
   875    0.21064E+04    0.15406E+02    0.36883E+02    0.32973E+06    0.50199E-06
   876    0.20961E+04    0.15628E+02    0.38112E+02    0.32913E+06    0.48962E-06
   877    0.20860E+04    0.15854E+02    0.39314E+02    0.32853E+06    0.47574E-06
   878    0.20755E+04    0.16083E+02    0.40490E+02    0.32794E+06    0.46049E-06
   879    0.20651E+04    0.16318E+02    0.41639E+02    0.32734E+06    0.44396E-06
   880    0.20545E+04    0.16556E+02    0.42760E+02    0.32675E+06    0.42627E-06
   881    0.20438E+04    0.16798E+02    0.43853E+02    0.32616E+06    0.40753E-06
   882    0.20331E+04    0.17044E+02    0.44917E+02    0.32557E+06    0.38785E-06
   883    0.20223E+04    0.17294E+02    0.45952E+02    0.32498E+06    0.36734E-06
   884    0.20113E+04    0.17546E+02    0.46959E+02    0.32440E+06    0.34612E-06
   885    0.20002E+04    0.17803E+02    0.47936E+02    0.32381E+06    0.32429E-06
   886    0.19892E+04    0.18064E+02    0.48884E+02    0.32323E+06    0.30197E-06
   887    0.19779E+04    0.18327E+02    0.49802E+02    0.32265E+06    0.27927E-06
   888    0.19668E+04    0.18595E+02    0.50689E+02    0.32207E+06    0.25630E-06
   889    0.19553E+04    0.18864E+02    0.51546E+02    0.32149E+06    0.23316E-06
   890    0.19439E+04    0.19137E+02    0.52371E+02    0.32091E+06    0.20998E-06
   891    0.19325E+04    0.19413E+02    0.53166E+02    0.32034E+06    0.18686E-06
   892    0.19210E+04    0.19691E+02    0.53931E+02    0.31977E+06    0.16392E-06
   893    0.19094E+04    0.19973E+02    0.54664E+02    0.31919E+06    0.14126E-06
   894    0.18978E+04    0.20257E+02    0.55366E+02    0.31862E+06    0.11900E-06
   895    0.18861E+04    0.20543E+02    0.56037E+02    0.31805E+06    0.97248E-07
   896    0.18744E+04    0.20832E+02    0.56676E+02    0.31749E+06    0.76114E-07
   897    0.18626E+04    0.21123E+02    0.57284E+02    0.31692E+06    0.55711E-07
   898    0.18508E+04    0.21416E+02    0.57859E+02    0.31636E+06    0.36150E-07
   899    0.18390E+04    0.21711E+02    0.58402E+02    0.31579E+06    0.17543E-07
   900    0.18271E+04    0.22008E+02    0.58914E+02    0.31523E+06    0.00000E+00
   901    0.18153E+04    0.22306E+02    0.59393E+02    0.31467E+06   -0.16390E-07
   902    0.18033E+04    0.22606E+02    0.59841E+02    0.31411E+06   -0.31635E-07
   903    0.17913E+04    0.22908E+02    0.60255E+02    0.31356E+06   -0.45763E-07
   904    0.17794E+04    0.23210E+02    0.60637E+02    0.31300E+06   -0.58804E-07
   905    0.17674E+04    0.23515E+02    0.60985E+02    0.31245E+06   -0.70789E-07
   906    0.17554E+04    0.23820E+02    0.61301E+02    0.31189E+06   -0.81747E-07
   907    0.17434E+04    0.24126E+02    0.61585E+02    0.31134E+06   -0.91708E-07
   908    0.17315E+04    0.24433E+02    0.61836E+02    0.31079E+06   -0.10070E-06
   909    0.17196E+04    0.24741E+02    0.62053E+02    0.31024E+06   -0.10876E-06
   910    0.17075E+04    0.25051E+02    0.62239E+02    0.30970E+06   -0.11591E-06
   911    0.16955E+04    0.25359E+02    0.62391E+02    0.30915E+06   -0.12218E-06
   912    0.16835E+04    0.25669E+02    0.62510E+02    0.30861E+06   -0.12760E-06
   913    0.16713E+04    0.25978E+02    0.62597E+02    0.30806E+06   -0.13221E-06
   914    0.16595E+04    0.26287E+02    0.62652E+02    0.30752E+06   -0.13602E-06
   915    0.16475E+04    0.26597E+02    0.62675E+02    0.30698E+06   -0.13908E-06
   916    0.16356E+04    0.26906E+02    0.62665E+02    0.30644E+06   -0.14141E-06
   917    0.16236E+04    0.27216E+02    0.62623E+02    0.30591E+06   -0.14304E-06
   918    0.16118E+04    0.27525E+02    0.62549E+02    0.30537E+06   -0.14400E-06
   919    0.16000E+04    0.27833E+02    0.62442E+02    0.30484E+06   -0.14433E-06
   920    0.15882E+04    0.28141E+02    0.62303E+02    0.30430E+06   -0.14404E-06
   921    0.15765E+04    0.28448E+02    0.62133E+02    0.30377E+06   -0.14317E-06
   922    0.15647E+04    0.28754E+02    0.61931E+02    0.30324E+06   -0.14176E-06
   923    0.15530E+04    0.29058E+02    0.61698E+02    0.30271E+06   -0.13982E-06
   924    0.15414E+04    0.29362E+02    0.61433E+02    0.30219E+06   -0.13739E-06
   925    0.15299E+04    0.29664E+02    0.61137E+02    0.30166E+06   -0.13451E-06
   926    0.15183E+04    0.29966E+02    0.60811E+02    0.30114E+06   -0.13119E-06
   927    0.15069E+04    0.30266E+02    0.60454E+02    0.30061E+06   -0.12747E-06
   928    0.14955E+04    0.30564E+02    0.60066E+02    0.30009E+06   -0.12339E-06
   929    0.14841E+04    0.30860E+02    0.59649E+02    0.29957E+06   -0.11896E-06
   930    0.14729E+04    0.31154E+02    0.59202E+02    0.29905E+06   -0.11422E-06
   931    0.14616E+04    0.31447E+02    0.58726E+02    0.29853E+06   -0.10920E-06
   932    0.14505E+04    0.31737E+02    0.58220E+02    0.29802E+06   -0.10392E-06
   933    0.14395E+04    0.32025E+02    0.57686E+02    0.29750E+06   -0.98429E-07
   934    0.14285E+04    0.32311E+02    0.57124E+02    0.29699E+06   -0.92743E-07
   935    0.14176E+04    0.32594E+02    0.56532E+02    0.29647E+06   -0.86894E-07
   936    0.14068E+04    0.32875E+02    0.55913E+02    0.29596E+06   -0.80913E-07
   937    0.13961E+04    0.33153E+02    0.55266E+02    0.29545E+06   -0.74830E-07
   938    0.13854E+04    0.33429E+02    0.54592E+02    0.29494E+06   -0.68675E-07
   939    0.13749E+04    0.33701E+02    0.53891E+02    0.29444E+06   -0.62476E-07
   940    0.13644E+04    0.33970E+02    0.53163E+02    0.29393E+06   -0.56265E-07
   941    0.13541E+04    0.34236E+02    0.52409E+02    0.29343E+06   -0.50070E-07
   942    0.13438E+04    0.34499E+02    0.51629E+02    0.29292E+06   -0.43922E-07
   943    0.13337E+04    0.34759E+02    0.50824E+02    0.29242E+06   -0.37851E-07
   944    0.13237E+04    0.35015E+02    0.49993E+02    0.29192E+06   -0.31886E-07
   945    0.13137E+04    0.35267E+02    0.49137E+02    0.29142E+06   -0.26057E-07
   946    0.13039E+04    0.35516E+02    0.48258E+02    0.29092E+06   -0.20395E-07
   947    0.12942E+04    0.35761E+02    0.47355E+02    0.29042E+06   -0.14928E-07
   948    0.12844E+04    0.36003E+02    0.46429E+02    0.28993E+06   -0.96865E-08
   949    0.12749E+04    0.36240E+02    0.45480E+02    0.28943E+06   -0.47006E-08
   950    0.12655E+04    0.36474E+02    0.44508E+02    0.28894E+06    0.00000E+00
   951    0.12563E+04    0.36704E+02    0.43515E+02    0.28844E+06    0.43918E-08
   952    0.12472E+04    0.36930E+02    0.42501E+02    0.28795E+06    0.84765E-08
   953    0.12381E+04    0.37150E+02    0.41465E+02    0.28746E+06    0.12262E-07
   954    0.12292E+04    0.37367E+02    0.40408E+02    0.28697E+06    0.15757E-07
   955    0.12203E+04    0.37579E+02    0.39332E+02    0.28649E+06    0.18968E-07
   956    0.12116E+04    0.37787E+02    0.38236E+02    0.28600E+06    0.21904E-07
   957    0.12031E+04    0.37989E+02    0.37121E+02    0.28551E+06    0.24573E-07
   958    0.11946E+04    0.38187E+02    0.35987E+02    0.28503E+06    0.26983E-07
   959    0.11864E+04    0.38381E+02    0.34834E+02    0.28455E+06    0.29142E-07
   960    0.11783E+04    0.38569E+02    0.33666E+02    0.28407E+06    0.31057E-07
   961    0.11702E+04    0.38753E+02    0.32480E+02    0.28358E+06    0.32737E-07
   962    0.11624E+04    0.38932E+02    0.31278E+02    0.28311E+06    0.34191E-07
   963    0.11546E+04    0.39105E+02    0.30059E+02    0.28263E+06    0.35425E-07
   964    0.11471E+04    0.39274E+02    0.28826E+02    0.28215E+06    0.36447E-07
   965    0.11395E+04    0.39437E+02    0.27578E+02    0.28167E+06    0.37267E-07
   966    0.11322E+04    0.39595E+02    0.26316E+02    0.28120E+06    0.37891E-07
   967    0.11250E+04    0.39749E+02    0.25041E+02    0.28073E+06    0.38328E-07
   968    0.11179E+04    0.39895E+02    0.23752E+02    0.28025E+06    0.38586E-07
   969    0.11111E+04    0.40037E+02    0.22451E+02    0.27978E+06    0.38672E-07
   970    0.11043E+04    0.40173E+02    0.21137E+02    0.27931E+06    0.38595E-07
   971    0.10977E+04    0.40304E+02    0.19813E+02    0.27884E+06    0.38363E-07
   972    0.10912E+04    0.40429E+02    0.18478E+02    0.27838E+06    0.37984E-07
   973    0.10848E+04    0.40547E+02    0.17132E+02    0.27791E+06    0.37465E-07
   974    0.10786E+04    0.40661E+02    0.15775E+02    0.27745E+06    0.36815E-07
   975    0.10726E+04    0.40770E+02    0.14411E+02    0.27698E+06    0.36042E-07
   976    0.10667E+04    0.40871E+02    0.13037E+02    0.27652E+06    0.35153E-07
   977    0.10610E+04    0.40967E+02    0.11656E+02    0.27606E+06    0.34157E-07
   978    0.10553E+04    0.41058E+02    0.10268E+02    0.27560E+06    0.33062E-07
   979    0.10500E+04    0.41143E+02    0.88731E+01    0.27514E+06    0.31875E-07
   980    0.10447E+04    0.41221E+02    0.74719E+01    0.27468E+06    0.30605E-07
   981    0.10395E+04    0.41293E+02    0.60649E+01    0.27422E+06    0.29259E-07
   982    0.10345E+04    0.41360E+02    0.46532E+01    0.27376E+06    0.27847E-07
   983    0.10297E+04    0.41421E+02    0.32368E+01    0.27331E+06    0.26374E-07
   984    0.10250E+04    0.41473E+02    0.18164E+01    0.27286E+06    0.24851E-07
   985    0.10205E+04    0.41522E+02    0.39257E+00    0.27240E+06    0.23283E-07
   986    0.10160E+04    0.41564E+02   -0.10338E+01    0.27195E+06    0.21681E-07
   987    0.10117E+04    0.41600E+02   -0.24629E+01    0.27150E+06    0.20051E-07
   988    0.10077E+04    0.41631E+02   -0.38935E+01    0.27105E+06    0.18402E-07
   989    0.10037E+04    0.41655E+02   -0.53242E+01    0.27060E+06    0.16741E-07
   990    0.99993E+03    0.41676E+02   -0.67565E+01    0.27016E+06    0.15076E-07
   991    0.99628E+03    0.41687E+02   -0.81884E+01    0.26971E+06    0.13416E-07
   992    0.99278E+03    0.41693E+02   -0.96201E+01    0.26926E+06    0.11769E-07
   993    0.98935E+03    0.41693E+02   -0.11051E+02    0.26882E+06    0.10142E-07
   994    0.98614E+03    0.41687E+02   -0.12479E+02    0.26838E+06    0.85440E-08
   995    0.98315E+03    0.41675E+02   -0.13905E+02    0.26794E+06    0.69822E-08
   996    0.98023E+03    0.41656E+02   -0.15328E+02    0.26750E+06    0.54649E-08
   997    0.97746E+03    0.41632E+02   -0.16749E+02    0.26706E+06    0.40000E-08
   998    0.97483E+03    0.41602E+02   -0.18164E+02    0.26662E+06    0.25955E-08
   999    0.97234E+03    0.41566E+02   -0.19575E+02    0.26618E+06    0.12595E-08
  1000    0.97000E+03    0.41524E+02   -0.20982E+02    0.26574E+06    0.00000E+00
  1001    0.96781E+03    0.41475E+02   -0.22382E+02    0.26531E+06   -0.11768E-08
  1002    0.96569E+03    0.41420E+02   -0.23776E+02    0.26488E+06   -0.22713E-08
  1003    0.96378E+03    0.41361E+02   -0.25164E+02    0.26444E+06   -0.32857E-08
  1004    0.96203E+03    0.41294E+02   -0.26544E+02    0.26401E+06   -0.42221E-08
  1005    0.96049E+03    0.41222E+02   -0.27915E+02    0.26358E+06   -0.50826E-08
  1006    0.95903E+03    0.41144E+02   -0.29279E+02    0.26315E+06   -0.58694E-08
  1007    0.95763E+03    0.41060E+02   -0.30634E+02    0.26272E+06   -0.65846E-08
  1008    0.95617E+03    0.40970E+02   -0.31979E+02    0.26229E+06   -0.72303E-08
  1009    0.95507E+03    0.40874E+02   -0.33314E+02    0.26187E+06   -0.78088E-08
  1010    0.95412E+03    0.40773E+02   -0.34638E+02    0.26144E+06   -0.83221E-08
  1011    0.95324E+03    0.40667E+02   -0.35951E+02    0.26102E+06   -0.87724E-08
  1012    0.95250E+03    0.40555E+02   -0.37255E+02    0.26059E+06   -0.91618E-08
  1013    0.95192E+03    0.40438E+02   -0.38545E+02    0.26017E+06   -0.94925E-08
  1014    0.95148E+03    0.40315E+02   -0.39823E+02    0.25975E+06   -0.97665E-08
  1015    0.95104E+03    0.40188E+02   -0.41089E+02    0.25933E+06   -0.99862E-08
  1016    0.95083E+03    0.40053E+02   -0.42341E+02    0.25891E+06   -0.10153E-07
  1017    0.95076E+03    0.39915E+02   -0.43580E+02    0.25849E+06   -0.10271E-07
  1018    0.95076E+03    0.39770E+02   -0.44804E+02    0.25807E+06   -0.10340E-07
  1019    0.95084E+03    0.39622E+02   -0.46014E+02    0.25766E+06   -0.10363E-07
  1020    0.95114E+03    0.39466E+02   -0.47209E+02    0.25724E+06   -0.10342E-07
  1021    0.95152E+03    0.39305E+02   -0.48389E+02    0.25683E+06   -0.10280E-07
  1022    0.95197E+03    0.39141E+02   -0.49554E+02    0.25641E+06   -0.10179E-07
  1023    0.95257E+03    0.38970E+02   -0.50699E+02    0.25600E+06   -0.10040E-07
  1024    0.95324E+03    0.38795E+02   -0.51830E+02    0.25559E+06   -0.98654E-08
  1025    0.95399E+03    0.38616E+02   -0.52940E+02    0.25518E+06   -0.96582E-08
  1026    0.95510E+03    0.38430E+02   -0.54034E+02    0.25477E+06   -0.94201E-08
  1027    0.95608E+03    0.38242E+02   -0.55111E+02    0.25436E+06   -0.91533E-08
  1028    0.95712E+03    0.38049E+02   -0.56168E+02    0.25396E+06   -0.88598E-08
  1029    0.95832E+03    0.37851E+02   -0.57207E+02    0.25355E+06   -0.85418E-08
  1030    0.95959E+03    0.37649E+02   -0.58227E+02    0.25314E+06   -0.82015E-08
  1031    0.96079E+03    0.37442E+02   -0.59226E+02    0.25274E+06   -0.78410E-08
  1032    0.96229E+03    0.37230E+02   -0.60209E+02    0.25234E+06   -0.74624E-08
  1033    0.96378E+03    0.37015E+02   -0.61171E+02    0.25193E+06   -0.70679E-08
  1034    0.96551E+03    0.36797E+02   -0.62113E+02    0.25153E+06   -0.66596E-08
  1035    0.96723E+03    0.36573E+02   -0.63034E+02    0.25113E+06   -0.62397E-08
  1036    0.96903E+03    0.36345E+02   -0.63935E+02    0.25073E+06   -0.58103E-08
  1037    0.97091E+03    0.36114E+02   -0.64815E+02    0.25034E+06   -0.53735E-08
  1038    0.97294E+03    0.35881E+02   -0.65675E+02    0.24994E+06   -0.49315E-08
  1039    0.97504E+03    0.35642E+02   -0.66509E+02    0.24954E+06   -0.44864E-08
  1040    0.97707E+03    0.35400E+02   -0.67324E+02    0.24915E+06   -0.40404E-08
  1041    0.97933E+03    0.35156E+02   -0.68114E+02    0.24875E+06   -0.35956E-08
  1042    0.98159E+03    0.34907E+02   -0.68883E+02    0.24836E+06   -0.31542E-08
  1043    0.98393E+03    0.34655E+02   -0.69628E+02    0.24797E+06   -0.27182E-08
  1044    0.98642E+03    0.34399E+02   -0.70352E+02    0.24758E+06   -0.22899E-08
  1045    0.98884E+03    0.34143E+02   -0.71055E+02    0.24718E+06   -0.18713E-08
  1046    0.99141E+03    0.33882E+02   -0.71729E+02    0.24679E+06   -0.14647E-08
  1047    0.99406E+03    0.33618E+02   -0.72390E+02    0.24641E+06   -0.10721E-08
  1048    0.99664E+03    0.33352E+02   -0.73022E+02    0.24602E+06   -0.69568E-09
  1049    0.99937E+03    0.33083E+02   -0.73625E+02    0.24563E+06   -0.33760E-09
  1050    0.10021E+04    0.32811E+02   -0.74208E+02    0.24525E+06    0.00000E+00
  1051    0.10049E+04    0.32537E+02   -0.74769E+02    0.24486E+06    0.31544E-09
  1052    0.10078E+04    0.32261E+02   -0.75302E+02    0.24448E+06    0.60884E-09
  1053    0.10106E+04    0.31982E+02   -0.75813E+02    0.24409E+06    0.88077E-09
  1054    0.10135E+04    0.31702E+02   -0.76304E+02    0.24371E+06    0.11318E-08
  1055    0.10164E+04    0.31420E+02   -0.76766E+02    0.24333E+06    0.13625E-08
  1056    0.10194E+04    0.31136E+02   -0.77206E+02    0.24295E+06    0.15735E-08
  1057    0.10225E+04    0.30850E+02   -0.77618E+02    0.24257E+06    0.17653E-08
  1058    0.10257E+04    0.30563E+02   -0.78009E+02    0.24219E+06    0.19384E-08
  1059    0.10288E+04    0.30274E+02   -0.78371E+02    0.24182E+06    0.20936E-08
  1060    0.10320E+04    0.29983E+02   -0.78711E+02    0.24144E+06    0.22313E-08
  1061    0.10351E+04    0.29692E+02   -0.79023E+02    0.24106E+06    0.23521E-08
  1062    0.10384E+04    0.29400E+02   -0.79313E+02    0.24069E+06    0.24566E-08
  1063    0.10414E+04    0.29106E+02   -0.79575E+02    0.24031E+06    0.25453E-08
  1064    0.10447E+04    0.28812E+02   -0.79823E+02    0.23994E+06    0.26189E-08
  1065    0.10479E+04    0.28516E+02   -0.80041E+02    0.23957E+06    0.26779E-08
  1066    0.10511E+04    0.28220E+02   -0.80231E+02    0.23920E+06    0.27229E-08
  1067    0.10544E+04    0.27924E+02   -0.80392E+02    0.23883E+06    0.27544E-08
  1068    0.10577E+04    0.27626E+02   -0.80531E+02    0.23846E+06    0.27731E-08
  1069    0.10610E+04    0.27330E+02   -0.80657E+02    0.23809E+06    0.27794E-08
  1070    0.10643E+04    0.27031E+02   -0.80753E+02    0.23772E+06    0.27740E-08
  1071    0.10675E+04    0.26734E+02   -0.80820E+02    0.23735E+06    0.27575E-08
  1072    0.10708E+04    0.26436E+02   -0.80859E+02    0.23699E+06    0.27304E-08
  1073    0.10741E+04    0.26139E+02   -0.80875E+02    0.23662E+06    0.26932E-08
  1074    0.10773E+04    0.25842E+02   -0.80870E+02    0.23626E+06    0.26467E-08
  1075    0.10806E+04    0.25544E+02   -0.80843E+02    0.23589E+06    0.25912E-08
  1076    0.10839E+04    0.25248E+02   -0.80788E+02    0.23553E+06    0.25275E-08
  1077    0.10872E+04    0.24952E+02   -0.80717E+02    0.23517E+06    0.24561E-08
  1078    0.10903E+04    0.24657E+02   -0.80603E+02    0.23481E+06    0.23775E-08
  1079    0.10935E+04    0.24362E+02   -0.80482E+02    0.23445E+06    0.22923E-08
  1080    0.10967E+04    0.24067E+02   -0.80339E+02    0.23409E+06    0.22011E-08
  1081    0.10998E+04    0.23776E+02   -0.80167E+02    0.23373E+06    0.21045E-08
  1082    0.11029E+04    0.23485E+02   -0.79973E+02    0.23337E+06    0.20031E-08
  1083    0.11060E+04    0.23194E+02   -0.79757E+02    0.23302E+06    0.18974E-08
  1084    0.11091E+04    0.22905E+02   -0.79519E+02    0.23266E+06    0.17879E-08
  1085    0.11122E+04    0.22618E+02   -0.79252E+02    0.23231E+06    0.16754E-08
  1086    0.11152E+04    0.22332E+02   -0.78978E+02    0.23195E+06    0.15602E-08
  1087    0.11182E+04    0.22049E+02   -0.78659E+02    0.23160E+06    0.14431E-08
  1088    0.11211E+04    0.21765E+02   -0.78333E+02    0.23124E+06    0.13245E-08
  1089    0.11240E+04    0.21485E+02   -0.77978E+02    0.23089E+06    0.12052E-08
  1090    0.11269E+04    0.21206E+02   -0.77616E+02    0.23054E+06    0.10855E-08
  1091    0.11298E+04    0.20929E+02   -0.77217E+02    0.23019E+06    0.96613E-09
  1092    0.11326E+04    0.20654E+02   -0.76803E+02    0.22984E+06    0.84765E-09
  1093    0.11353E+04    0.20382E+02   -0.76367E+02    0.22949E+06    0.73061E-09
  1094    0.11379E+04    0.20112E+02   -0.75916E+02    0.22914E+06    0.61559E-09
  1095    0.11406E+04    0.19845E+02   -0.75450E+02    0.22880E+06    0.50317E-09
  1096    0.11432E+04    0.19579E+02   -0.74955E+02    0.22845E+06    0.39391E-09
  1097    0.11457E+04    0.19317E+02   -0.74438E+02    0.22810E+06    0.28839E-09
  1098    0.11483E+04    0.19058E+02   -0.73906E+02    0.22776E+06    0.18719E-09
  1099    0.11507E+04    0.18801E+02   -0.73359E+02    0.22742E+06    0.90865E-10
  1100    0.11531E+04    0.18548E+02   -0.72789E+02    0.22707E+06    0.00000E+00
  1101    0.11554E+04    0.18297E+02   -0.72203E+02    0.22673E+06   -0.84955E-10
  1102    0.11578E+04    0.18049E+02   -0.71597E+02    0.22639E+06   -0.16403E-09
  1103    0.11600E+04    0.17805E+02   -0.70975E+02    0.22605E+06   -0.23738E-09
  1104    0.11622E+04    0.17565E+02   -0.70335E+02    0.22571E+06   -0.30514E-09
  1105    0.11642E+04    0.17327E+02   -0.69679E+02    0.22537E+06   -0.36748E-09
  1106    0.11663E+04    0.17092E+02   -0.69006E+02    0.22503E+06   -0.42455E-09
  1107    0.11682E+04    0.16862E+02   -0.68317E+02    0.22469E+06   -0.47649E-09
  1108    0.11701E+04    0.16634E+02   -0.67613E+02    0.22435E+06   -0.52345E-09
  1109    0.11719E+04    0.16407E+02   -0.66893E+02    0.22401E+06   -0.56559E-09
  1110    0.11737E+04    0.16188E+02   -0.66159E+02    0.22368E+06   -0.60305E-09
  1111    0.11753E+04    0.15972E+02   -0.65409E+02    0.22334E+06   -0.63599E-09
  1112    0.11770E+04    0.15759E+02   -0.64647E+02    0.22301E+06   -0.66456E-09
  1113    0.11785E+04    0.15551E+02   -0.63869E+02    0.22268E+06   -0.68891E-09
  1114    0.11799E+04    0.15346E+02   -0.63079E+02    0.22234E+06   -0.70919E-09
  1115    0.11813E+04    0.15145E+02   -0.62277E+02    0.22201E+06   -0.72555E-09
  1116    0.11827E+04    0.14949E+02   -0.61462E+02    0.22168E+06   -0.73814E-09
  1117    0.11839E+04    0.14757E+02   -0.60635E+02    0.22135E+06   -0.74711E-09
  1118    0.11850E+04    0.14570E+02   -0.59795E+02    0.22102E+06   -0.75261E-09
  1119    0.11862E+04    0.14387E+02   -0.58945E+02    0.22069E+06   -0.75479E-09
  1120    0.11872E+04    0.14208E+02   -0.58084E+02    0.22036E+06   -0.75381E-09
  1121    0.11881E+04    0.14034E+02   -0.57211E+02    0.22004E+06   -0.74982E-09
  1122    0.11889E+04    0.13863E+02   -0.56329E+02    0.21971E+06   -0.74296E-09
  1123    0.11896E+04    0.13699E+02   -0.55438E+02    0.21938E+06   -0.73339E-09
  1124    0.11903E+04    0.13538E+02   -0.54537E+02    0.21906E+06   -0.72125E-09
  1125    0.11909E+04    0.13381E+02   -0.53627E+02    0.21874E+06   -0.70670E-09
  1126    0.11914E+04    0.13230E+02   -0.52709E+02    0.21841E+06   -0.68989E-09
  1127    0.11918E+04    0.13083E+02   -0.51783E+02    0.21809E+06   -0.67097E-09
  1128    0.11922E+04    0.12942E+02   -0.50851E+02    0.21777E+06   -0.65009E-09
  1129    0.11925E+04    0.12806E+02   -0.49910E+02    0.21745E+06   -0.62740E-09
  1130    0.11925E+04    0.12673E+02   -0.48963E+02    0.21713E+06   -0.60305E-09
  1131    0.11926E+04    0.12546E+02   -0.48011E+02    0.21681E+06   -0.57720E-09
  1132    0.11926E+04    0.12424E+02   -0.47052E+02    0.21649E+06   -0.54998E-09
  1133    0.11925E+04    0.12308E+02   -0.46088E+02    0.21617E+06   -0.52156E-09
  1134    0.11923E+04    0.12195E+02   -0.45119E+02    0.21586E+06   -0.49209E-09
  1135    0.11920E+04    0.12088E+02   -0.44145E+02    0.21554E+06   -0.46171E-09
  1136    0.11917E+04    0.11986E+02   -0.43169E+02    0.21523E+06   -0.43058E-09
  1137    0.11912E+04    0.11889E+02   -0.42187E+02    0.21491E+06   -0.39884E-09
  1138    0.11907E+04    0.11798E+02   -0.41204E+02    0.21460E+06   -0.36666E-09
  1139    0.11901E+04    0.11711E+02   -0.40216E+02    0.21429E+06   -0.33417E-09
  1140    0.11894E+04    0.11630E+02   -0.39228E+02    0.21398E+06   -0.30153E-09
  1141    0.11885E+04    0.11552E+02   -0.38236E+02    0.21366E+06   -0.26889E-09
  1142    0.11877E+04    0.11481E+02   -0.37244E+02    0.21335E+06   -0.23640E-09
  1143    0.11867E+04    0.11415E+02   -0.36251E+02    0.21305E+06   -0.20421E-09
  1144    0.11855E+04    0.11353E+02   -0.35258E+02    0.21274E+06   -0.17247E-09
  1145    0.11844E+04    0.11298E+02   -0.34264E+02    0.21243E+06   -0.14134E-09
  1146    0.11832E+04    0.11247E+02   -0.33271E+02    0.21212E+06   -0.11096E-09
  1147    0.11818E+04    0.11202E+02   -0.32278E+02    0.21182E+06   -0.81487E-10
  1148    0.11804E+04    0.11161E+02   -0.31286E+02    0.21151E+06   -0.53069E-10
  1149    0.11789E+04    0.11126E+02   -0.30297E+02    0.21121E+06   -0.25856E-10
  1150    0.11773E+04    0.11095E+02   -0.29309E+02    0.21091E+06    0.00000E+00
  1151    0.11757E+04    0.11070E+02   -0.28324E+02    0.21061E+06    0.24378E-10
  1152    0.11738E+04    0.11050E+02   -0.27341E+02    0.21030E+06    0.47279E-10
  1153    0.11720E+04    0.11036E+02   -0.26363E+02    0.21000E+06    0.68733E-10
  1154    0.11701E+04    0.11026E+02   -0.25387E+02    0.20970E+06    0.88769E-10
  1155    0.11681E+04    0.11022E+02   -0.24415E+02    0.20941E+06    0.10742E-09
  1156    0.11660E+04    0.11022E+02   -0.23449E+02    0.20911E+06    0.12471E-09
  1157    0.11638E+04    0.11027E+02   -0.22487E+02    0.20881E+06    0.14068E-09
  1158    0.11616E+04    0.11038E+02   -0.21531E+02    0.20852E+06    0.15535E-09
  1159    0.11593E+04    0.11053E+02   -0.20581E+02    0.20822E+06    0.16875E-09
  1160    0.11568E+04    0.11073E+02   -0.19638E+02    0.20792E+06    0.18092E-09
  1161    0.11543E+04    0.11099E+02   -0.18701E+02    0.20763E+06    0.19188E-09
  1162    0.11517E+04    0.11129E+02   -0.17772E+02    0.20734E+06    0.20166E-09
  1163    0.11491E+04    0.11164E+02   -0.16851E+02    0.20704E+06    0.21030E-09
  1164    0.11464E+04    0.11204E+02   -0.15937E+02    0.20675E+06    0.21782E-09
  1165    0.11436E+04    0.11249E+02   -0.15032E+02    0.20646E+06    0.22426E-09
  1166    0.11407E+04    0.11299E+02   -0.14135E+02    0.20617E+06    0.22964E-09
  1167    0.11378E+04    0.11353E+02   -0.13249E+02    0.20588E+06    0.23400E-09
  1168    0.11348E+04    0.11412E+02   -0.12371E+02    0.20559E+06    0.23736E-09
  1169    0.11317E+04    0.11475E+02   -0.11504E+02    0.20530E+06    0.23976E-09
  1170    0.11286E+04    0.11543E+02   -0.10647E+02    0.20501E+06    0.24122E-09
  1171    0.11254E+04    0.11616E+02   -0.98012E+01    0.20472E+06    0.24178E-09
  1172    0.11221E+04    0.11693E+02   -0.89666E+01    0.20444E+06    0.24146E-09
  1173    0.11188E+04    0.11775E+02   -0.81430E+01    0.20415E+06    0.24030E-09
  1174    0.11154E+04    0.11860E+02   -0.73318E+01    0.20386E+06    0.23833E-09
  1175    0.11119E+04    0.11950E+02   -0.65327E+01    0.20358E+06    0.23557E-09
  1176    0.11083E+04    0.12043E+02   -0.57465E+01    0.20329E+06    0.23205E-09
  1177    0.11048E+04    0.12142E+02   -0.49730E+01    0.20301E+06    0.22782E-09
  1178    0.11011E+04    0.12244E+02   -0.42126E+01    0.20272E+06    0.22289E-09
  1179    0.10974E+04    0.12352E+02   -0.34658E+01    0.20244E+06    0.21729E-09
  1180    0.10937E+04    0.12464E+02   -0.27328E+01    0.20215E+06    0.21107E-09
  1181    0.10899E+04    0.12578E+02   -0.20139E+01    0.20187E+06    0.20424E-09
  1182    0.10860E+04    0.12697E+02   -0.13095E+01    0.20158E+06    0.19684E-09
  1183    0.10821E+04    0.12819E+02   -0.61981E+00    0.20130E+06    0.18889E-09
  1184    0.10781E+04    0.12944E+02    0.54867E-01    0.20102E+06    0.18043E-09
  1185    0.10741E+04    0.13075E+02    0.71436E+00    0.20074E+06    0.17149E-09
  1186    0.10700E+04    0.13208E+02    0.13582E+01    0.20045E+06    0.16210E-09
  1187    0.10659E+04    0.13345E+02    0.19863E+01    0.20017E+06    0.15229E-09
  1188    0.10618E+04    0.13485E+02    0.25981E+01    0.19989E+06    0.14208E-09
  1189    0.10576E+04    0.13628E+02    0.31938E+01    0.19961E+06    0.13151E-09
  1190    0.10534E+04    0.13775E+02    0.37729E+01    0.19933E+06    0.12061E-09
  1191    0.10491E+04    0.13925E+02    0.43353E+01    0.19905E+06    0.10941E-09
  1192    0.10448E+04    0.14078E+02    0.48808E+01    0.19876E+06    0.97936E-10
  1193    0.10404E+04    0.14234E+02    0.54091E+01    0.19848E+06    0.86221E-10
  1194    0.10361E+04    0.14393E+02    0.59203E+01    0.19820E+06    0.74296E-10
  1195    0.10317E+04    0.14555E+02    0.64139E+01    0.19792E+06    0.62190E-10
  1196    0.10272E+04    0.14721E+02    0.68896E+01    0.19764E+06    0.49933E-10
  1197    0.10228E+04    0.14888E+02    0.73475E+01    0.19736E+06    0.37555E-10
  1198    0.10182E+04    0.15058E+02    0.77863E+01    0.19708E+06    0.25087E-10
  1199    0.10137E+04    0.15230E+02    0.82081E+01    0.19680E+06    0.12559E-10
  1200    0.10091E+04    0.15405E+02    0.86114E+01    0.19652E+06    0.00000E+00
