  0.989212E-05  0.205820E+08  0.205820E+08  0.274284E+08  0.274280E+08  0.205844E+08  0.205821E+08  0.205820E+08  0.198876E+08 -0.448943E+00  0.101055E+08  0.101055E+08  0.636032E+01
  0.109234E-04  0.205820E+08  0.205820E+08  0.274253E+08  0.274247E+08  0.205844E+08  0.205820E+08  0.205820E+08  0.198880E+08 -0.448943E+00  0.101055E+08  0.101055E+08  0.702317E+01
  0.120622E-04  0.205820E+08  0.205820E+08  0.274214E+08  0.274207E+08  0.205843E+08  0.205820E+08  0.205820E+08  0.198886E+08 -0.448943E+00  0.101055E+08  0.101055E+08  0.775506E+01
  0.133196E-04  0.205819E+08  0.205819E+08  0.274167E+08  0.274159E+08  0.205843E+08  0.205819E+08  0.205819E+08  0.198892E+08 -0.448942E+00  0.101055E+08  0.101055E+08  0.856315E+01
  0.147082E-04  0.205819E+08  0.205819E+08  0.274109E+08  0.274100E+08  0.205842E+08  0.205819E+08  0.205819E+08  0.198900E+08 -0.448942E+00  0.101055E+08  0.101055E+08  0.945534E+01
  0.162416E-04  0.205818E+08  0.205818E+08  0.274039E+08  0.274027E+08  0.205841E+08  0.205818E+08  0.205818E+08  0.198910E+08 -0.448942E+00  0.101055E+08  0.101055E+08  0.104404E+02
  0.179348E-04  0.205817E+08  0.205817E+08  0.273953E+08  0.273939E+08  0.205840E+08  0.205817E+08  0.205817E+08  0.198922E+08 -0.448941E+00  0.101055E+08  0.101055E+08  0.115278E+02
  0.198045E-04  0.205816E+08  0.205816E+08  0.273849E+08  0.273832E+08  0.205839E+08  0.205816E+08  0.205816E+08  0.198936E+08 -0.448941E+00  0.101054E+08  0.101054E+08  0.127284E+02
  0.218691E-04  0.205815E+08  0.205815E+08  0.273722E+08  0.273701E+08  0.205837E+08  0.205815E+08  0.205815E+08  0.198954E+08 -0.448940E+00  0.101054E+08  0.101054E+08  0.140536E+02
  0.241490E-04  0.205813E+08  0.205813E+08  0.273567E+08  0.273542E+08  0.205835E+08  0.205814E+08  0.205813E+08  0.198975E+08 -0.448939E+00  0.101054E+08  0.101054E+08  0.155164E+02
  0.266666E-04  0.205812E+08  0.205812E+08  0.273378E+08  0.273347E+08  0.205833E+08  0.205812E+08  0.205812E+08  0.199001E+08 -0.448938E+00  0.101054E+08  0.101054E+08  0.171309E+02
  0.294466E-04  0.205809E+08  0.205809E+08  0.273148E+08  0.273111E+08  0.205830E+08  0.205810E+08  0.205809E+08  0.199033E+08 -0.448937E+00  0.101054E+08  0.101054E+08  0.189127E+02
  0.325164E-04  0.205807E+08  0.205807E+08  0.272868E+08  0.272822E+08  0.205826E+08  0.205807E+08  0.205807E+08  0.199071E+08 -0.448936E+00  0.101054E+08  0.101054E+08  0.208787E+02
  0.359063E-04  0.205803E+08  0.205803E+08  0.272527E+08  0.272471E+08  0.205822E+08  0.205804E+08  0.205803E+08  0.199118E+08 -0.448934E+00  0.101053E+08  0.101053E+08  0.230478E+02
  0.396495E-04  0.205799E+08  0.205799E+08  0.272111E+08  0.272043E+08  0.205817E+08  0.205800E+08  0.205799E+08  0.199175E+08 -0.448932E+00  0.101053E+08  0.101053E+08  0.254404E+02
  0.437830E-04  0.205795E+08  0.205794E+08  0.271605E+08  0.271522E+08  0.205811E+08  0.205795E+08  0.205795E+08  0.199243E+08 -0.448929E+00  0.101052E+08  0.101052E+08  0.280789E+02
  0.483474E-04  0.205789E+08  0.205789E+08  0.270989E+08  0.270888E+08  0.205803E+08  0.205789E+08  0.205789E+08  0.199327E+08 -0.448926E+00  0.101052E+08  0.101052E+08  0.309878E+02
  0.533877E-04  0.205782E+08  0.205781E+08  0.270240E+08  0.270117E+08  0.205794E+08  0.205782E+08  0.205782E+08  0.199428E+08 -0.448923E+00  0.101051E+08  0.101051E+08  0.341936E+02
  0.589534E-04  0.205773E+08  0.205773E+08  0.269329E+08  0.269179E+08  0.205783E+08  0.205773E+08  0.205773E+08  0.199549E+08 -0.448919E+00  0.101050E+08  0.101050E+08  0.377251E+02
  0.650994E-04  0.205763E+08  0.205762E+08  0.268222E+08  0.268040E+08  0.205769E+08  0.205762E+08  0.205762E+08  0.199696E+08 -0.448914E+00  0.101049E+08  0.101049E+08  0.416133E+02
  0.718860E-04  0.205750E+08  0.205750E+08  0.266877E+08  0.266657E+08  0.205752E+08  0.205750E+08  0.205750E+08  0.199873E+08 -0.448908E+00  0.101048E+08  0.101048E+08  0.458914E+02
  0.793802E-04  0.205735E+08  0.205734E+08  0.265247E+08  0.264979E+08  0.205733E+08  0.205735E+08  0.205735E+08  0.200084E+08 -0.448901E+00  0.101046E+08  0.101046E+08  0.505949E+02
  0.876557E-04  0.205717E+08  0.205716E+08  0.263271E+08  0.262947E+08  0.205709E+08  0.205717E+08  0.205717E+08  0.200337E+08 -0.448894E+00  0.101044E+08  0.101044E+08  0.557610E+02
  0.967939E-04  0.205695E+08  0.205694E+08  0.260881E+08  0.260488E+08  0.205680E+08  0.205695E+08  0.205695E+08  0.200638E+08 -0.448886E+00  0.101042E+08  0.101042E+08  0.614286E+02
  0.106885E-03  0.205669E+08  0.205669E+08  0.257993E+08  0.257518E+08  0.205645E+08  0.205669E+08  0.205669E+08  0.200994E+08 -0.448877E+00  0.101039E+08  0.101039E+08  0.676373E+02
  0.118028E-03  0.205639E+08  0.205638E+08  0.254512E+08  0.253939E+08  0.205604E+08  0.205639E+08  0.205639E+08  0.201412E+08 -0.448868E+00  0.101035E+08  0.101035E+08  0.744269E+02
  0.130332E-03  0.205603E+08  0.205602E+08  0.250327E+08  0.249637E+08  0.205556E+08  0.205603E+08  0.205603E+08  0.201901E+08 -0.448859E+00  0.101031E+08  0.101031E+08  0.818355E+02
  0.143919E-03  0.205561E+08  0.205560E+08  0.245310E+08  0.244482E+08  0.205498E+08  0.205561E+08  0.205561E+08  0.202466E+08 -0.448851E+00  0.101026E+08  0.101025E+08  0.898984E+02
  0.158923E-03  0.205512E+08  0.205511E+08  0.239319E+08  0.238328E+08  0.205430E+08  0.205512E+08  0.205512E+08  0.203112E+08 -0.448846E+00  0.101019E+08  0.101019E+08  0.986447E+02
  0.175491E-03  0.205456E+08  0.205454E+08  0.232198E+08  0.231018E+08  0.205351E+08  0.205456E+08  0.205456E+08  0.203844E+08 -0.448845E+00  0.101012E+08  0.101011E+08  0.108094E+03
  0.193786E-03  0.205393E+08  0.205390E+08  0.223782E+08  0.222383E+08  0.205259E+08  0.205392E+08  0.205392E+08  0.204659E+08 -0.448852E+00  0.101002E+08  0.101002E+08  0.118254E+03
  0.213988E-03  0.205321E+08  0.205318E+08  0.213903E+08  0.212255E+08  0.205153E+08  0.205320E+08  0.205321E+08  0.205552E+08 -0.448869E+00  0.100991E+08  0.100990E+08  0.129111E+03
  0.236297E-03  0.205241E+08  0.205237E+08  0.202406E+08  0.200481E+08  0.205031E+08  0.205240E+08  0.205241E+08  0.206512E+08 -0.448902E+00  0.100977E+08  0.100976E+08  0.140626E+03
  0.260931E-03  0.205153E+08  0.205149E+08  0.189166E+08  0.186939E+08  0.204892E+08  0.205151E+08  0.205153E+08  0.207519E+08 -0.448956E+00  0.100960E+08  0.100958E+08  0.152725E+03
  0.288133E-03  0.205058E+08  0.205052E+08  0.174115E+08  0.171570E+08  0.204734E+08  0.205055E+08  0.205057E+08  0.208547E+08 -0.449036E+00  0.100939E+08  0.100937E+08  0.165290E+03
  0.318171E-03  0.204955E+08  0.204948E+08  0.157280E+08  0.154413E+08  0.204555E+08  0.204952E+08  0.204954E+08  0.209565E+08 -0.449150E+00  0.100913E+08  0.100911E+08  0.178147E+03
  0.351341E-03  0.204845E+08  0.204837E+08  0.138824E+08  0.135653E+08  0.204353E+08  0.204842E+08  0.204844E+08  0.210534E+08 -0.449302E+00  0.100881E+08  0.100879E+08  0.191059E+03
  0.387969E-03  0.204728E+08  0.204719E+08  0.119093E+08  0.115666E+08  0.204125E+08  0.204724E+08  0.204727E+08  0.211412E+08 -0.449497E+00  0.100843E+08  0.100841E+08  0.203715E+03
  0.428415E-03  0.204604E+08  0.204593E+08  0.986611E+07  0.950625E+07  0.203865E+08  0.204599E+08  0.204602E+08  0.212160E+08 -0.449736E+00  0.100796E+08  0.100793E+08  0.215728E+03
  0.473077E-03  0.204471E+08  0.204458E+08  0.783451E+07  0.747016E+07  0.203567E+08  0.204464E+08  0.204469E+08  0.212741E+08 -0.450019E+00  0.100739E+08  0.100736E+08  0.226639E+03
  0.522396E-03  0.204326E+08  0.204311E+08  0.591767E+07  0.556559E+07  0.203223E+08  0.204318E+08  0.204324E+08  0.213123E+08 -0.450340E+00  0.100670E+08  0.100666E+08  0.235938E+03
  0.576856E-03  0.204167E+08  0.204149E+08  0.422937E+07  0.390914E+07  0.202823E+08  0.204157E+08  0.204164E+08  0.213288E+08 -0.450687E+00  0.100587E+08  0.100583E+08  0.243095E+03
  0.636994E-03  0.203988E+08  0.203968E+08  0.287315E+07  0.260425E+07  0.202353E+08  0.203977E+08  0.203985E+08  0.213227E+08 -0.451044E+00  0.100489E+08  0.100484E+08  0.247614E+03
  0.703401E-03  0.203785E+08  0.203762E+08  0.191235E+07  0.170963E+07  0.201799E+08  0.203772E+08  0.203781E+08  0.212941E+08 -0.451390E+00  0.100373E+08  0.100368E+08  0.249096E+03
  0.776731E-03  0.203552E+08  0.203525E+08  0.133896E+07  0.120726E+07  0.201145E+08  0.203536E+08  0.203547E+08  0.212445E+08 -0.451698E+00  0.100238E+08  0.100232E+08  0.247305E+03
  0.857706E-03  0.203281E+08  0.203252E+08  0.105836E+07  0.988333E+06  0.200371E+08  0.203262E+08  0.203276E+08  0.211759E+08 -0.451938E+00  0.100081E+08  0.100075E+08  0.242209E+03
  0.947123E-03  0.202967E+08  0.202934E+08  0.911917E+06  0.880463E+06  0.199457E+08  0.202945E+08  0.202961E+08  0.210908E+08 -0.452075E+00  0.999016E+07  0.998949E+07  0.233979E+03
  0.104586E-02  0.202601E+08  0.202566E+08  0.748143E+06  0.725864E+06  0.198379E+08  0.202575E+08  0.202595E+08  0.209922E+08 -0.452072E+00  0.996960E+07  0.996890E+07  0.222942E+03
  0.115489E-02  0.202176E+08  0.202139E+08  0.513670E+06  0.477949E+06  0.197113E+08  0.202146E+08  0.202170E+08  0.208825E+08 -0.451893E+00  0.994619E+07  0.994546E+07  0.209507E+03
  0.127529E-02  0.201684E+08  0.201644E+08  0.285407E+06  0.231224E+06  0.195636E+08  0.201649E+08  0.201677E+08  0.207641E+08 -0.451500E+00  0.991956E+07  0.991882E+07  0.194136E+03
  0.140824E-02  0.201115E+08  0.201074E+08  0.173602E+06  0.112013E+06  0.193932E+08  0.201074E+08  0.201108E+08  0.206386E+08 -0.450862E+00  0.988931E+07  0.988856E+07  0.177404E+03
  0.155505E-02  0.200459E+08  0.200417E+08  0.163938E+06 -0.278742E+06  0.191977E+08  0.200412E+08  0.200452E+08  0.205071E+08 -0.449948E+00  0.985497E+07  0.985422E+07  0.160070E+03
  0.171717E-02  0.199705E+08  0.199663E+08  0.125017E+06 -0.228851E+06  0.189754E+08  0.199651E+08  0.199698E+08  0.203698E+08 -0.448732E+00  0.981598E+07  0.981525E+07  0.143031E+03
  0.189618E-02  0.198842E+08  0.198801E+08  0.340051E+05 -0.187626E+06  0.187251E+08  0.198780E+08  0.198835E+08  0.202265E+08 -0.447187E+00  0.977180E+07  0.977107E+07  0.127116E+03
  0.209386E-02  0.197858E+08  0.197816E+08  0.121224E+05 -0.153611E+06  0.184459E+08  0.197788E+08  0.197851E+08  0.200766E+08 -0.445292E+00  0.972180E+07  0.972109E+07  0.112919E+03
  0.231215E-02  0.196740E+08  0.196698E+08  0.289847E+05 -0.125587E+06  0.181373E+08  0.196660E+08  0.196733E+08  0.199187E+08 -0.443025E+00  0.966534E+07  0.966464E+07  0.100786E+03
  0.255319E-02  0.195474E+08  0.195431E+08 -0.565401E+04 -0.102533E+06  0.177995E+08  0.195384E+08  0.195467E+08  0.197515E+08 -0.440365E+00  0.960177E+07  0.960108E+07  0.907032E+02
  0.281937E-02  0.194048E+08  0.194003E+08 -0.193380E+04 -0.835978E+05  0.174322E+08  0.193947E+08  0.194041E+08  0.195734E+08 -0.437292E+00  0.953043E+07  0.952973E+07  0.822085E+02
  0.311329E-02  0.192448E+08  0.192401E+08 -0.103443E+05 -0.680670E+05  0.170353E+08  0.192336E+08  0.192440E+08  0.193826E+08 -0.433783E+00  0.945064E+07  0.944994E+07  0.746664E+02
  0.343785E-02  0.190660E+08  0.190610E+08 -0.128202E+05 -0.553461E+05  0.166077E+08  0.190536E+08  0.190652E+08  0.191773E+08 -0.429817E+00  0.936173E+07  0.936103E+07  0.675410E+02
  0.379625E-02  0.188672E+08  0.188619E+08 -0.192372E+05 -0.449401E+05  0.161486E+08  0.188534E+08  0.188663E+08  0.189557E+08 -0.425371E+00  0.926303E+07  0.926234E+07  0.606965E+02
  0.419201E-02  0.186469E+08  0.186414E+08 -0.833489E+04 -0.364402E+05  0.156572E+08  0.186319E+08  0.186460E+08  0.187161E+08 -0.420424E+00  0.915394E+07  0.915326E+07  0.543762E+02
  0.462904E-02  0.184038E+08  0.183978E+08 -0.907385E+04 -0.295388E+05  0.151328E+08  0.183873E+08  0.184028E+08  0.184607E+08 -0.415026E+00  0.903382E+07  0.903314E+07  0.488489E+02
  0.511162E-02  0.181365E+08  0.181300E+08 -0.114878E+05 -0.238681E+05  0.145771E+08  0.181186E+08  0.181354E+08  0.181779E+08 -0.408960E+00  0.890164E+07  0.890097E+07  0.440433E+02
  0.564451E-02  0.178443E+08  0.178371E+08 -0.822666E+04 -0.192562E+05  0.139665E+08  0.178247E+08  0.178431E+08  0.178727E+08 -0.402327E+00  0.875725E+07  0.875658E+07  0.396632E+02
  0.623295E-02  0.175246E+08  0.175168E+08 -0.801683E+04 -0.155077E+05  0.133339E+08  0.175035E+08  0.175233E+08  0.175421E+08 -0.395077E+00  0.859947E+07  0.859881E+07  0.356100E+02
  0.688274E-02  0.171768E+08  0.171680E+08 -0.629664E+04 -0.124648E+05  0.126670E+08  0.171540E+08  0.171753E+08  0.171850E+08 -0.387187E+00  0.842785E+07  0.842719E+07  0.320173E+02
  0.760028E-02  0.167993E+08  0.167895E+08 -0.598679E+04 -0.999762E+04  0.119747E+08  0.167748E+08  0.167976E+08  0.167997E+08 -0.378629E+00  0.824174E+07  0.824108E+07  0.288414E+02
  0.839261E-02  0.163909E+08  0.163798E+08 -0.462475E+04 -0.799983E+04  0.112660E+08  0.163648E+08  0.163890E+08  0.163847E+08 -0.369374E+00  0.804047E+07  0.803981E+07  0.259595E+02
  0.926755E-02  0.159503E+08  0.159377E+08 -0.369704E+04 -0.638459E+04  0.105407E+08  0.159226E+08  0.159482E+08  0.159385E+08 -0.359393E+00  0.782344E+07  0.782279E+07  0.233991E+02
  0.102337E-01  0.154763E+08  0.154620E+08 -0.318179E+04 -0.508076E+04  0.979906E+07  0.154471E+08  0.154739E+08  0.154597E+08 -0.348660E+00  0.759008E+07  0.758943E+07  0.211185E+02
  0.113006E-01  0.149677E+08  0.149514E+08 -0.296692E+04 -0.403015E+04  0.904799E+07  0.149370E+08  0.149650E+08  0.149470E+08 -0.337147E+00  0.733974E+07  0.733910E+07  0.190854E+02
  0.124787E-01  0.144234E+08  0.144047E+08 -0.220507E+04 -0.318524E+04  0.829534E+07  0.143912E+08  0.144202E+08  0.143992E+08 -0.324828E+00  0.707189E+07  0.707124E+07  0.172789E+02
  0.137796E-01  0.138424E+08  0.138210E+08 -0.195008E+04 -0.250728E+04  0.754727E+07  0.138090E+08  0.138388E+08  0.138153E+08 -0.311687E+00  0.678610E+07  0.678546E+07  0.156711E+02
  0.152161E-01  0.132243E+08  0.131998E+08 -0.143962E+04 -0.196464E+04  0.680672E+07  0.131898E+08  0.132202E+08  0.131947E+08 -0.297710E+00  0.648214E+07  0.648149E+07  0.142359E+02
  0.168024E-01  0.125837E+08  0.125558E+08 -0.116264E+04 -0.153336E+04  0.609086E+07  0.125483E+08  0.125790E+08  0.125521E+08 -0.283231E+00  0.616722E+07  0.616657E+07  0.129597E+02
  0.185541E-01  0.118959E+08  0.118644E+08 -0.948093E+03 -0.118893E+04  0.539163E+07  0.118599E+08  0.118907E+08  0.118629E+08 -0.267693E+00  0.582920E+07  0.582855E+07  0.117962E+02
  0.204883E-01  0.111757E+08  0.111404E+08 -0.607814E+03 -0.916132E+03  0.472288E+07  0.111393E+08  0.111698E+08  0.111416E+08 -0.251427E+00  0.547533E+07  0.547468E+07  0.107290E+02
  0.226243E-01  0.104173E+08  0.103781E+08 -0.610295E+03 -0.700422E+03  0.408688E+07  0.103808E+08  0.104108E+08  0.103826E+08 -0.234308E+00  0.510283E+07  0.510217E+07  0.972690E+01
  0.249829E-01  0.964773E+07  0.960493E+07 -0.442605E+03 -0.532042E+03  0.349862E+07  0.961147E+07  0.964054E+07  0.961280E+07 -0.216943E+00  0.472493E+07  0.472427E+07  0.877378E+01
  0.275874E-01  0.887594E+07  0.883011E+07 -0.343041E+03 -0.401467E+03  0.296217E+07  0.884030E+07  0.886825E+07  0.884130E+07 -0.199536E+00  0.434608E+07  0.434543E+07  0.784510E+01
  0.304634E-01  0.810544E+07  0.805756E+07 -0.236397E+03 -0.300695E+03  0.247847E+07  0.807081E+07  0.809740E+07  0.807156E+07 -0.182168E+00  0.396801E+07  0.396738E+07  0.691719E+01
  0.336392E-01  0.735709E+07  0.730861E+07 -0.158910E+03 -0.223857E+03  0.205216E+07  0.732388E+07  0.734895E+07  0.732444E+07 -0.165309E+00  0.360099E+07  0.360039E+07  0.597985E+01
  0.371461E-01  0.665790E+07  0.661067E+07 -0.145862E+03 -0.166161E+03  0.168676E+07  0.662648E+07  0.664997E+07  0.662689E+07 -0.149568E+00  0.325827E+07  0.325771E+07  0.503548E+01
  0.410186E-01  0.602520E+07  0.598137E+07 -0.117853E+03 -0.123341E+03  0.138044E+07  0.599590E+07  0.601784E+07  0.599620E+07 -0.135335E+00  0.294837E+07  0.294786E+07  0.409811E+01
  0.451205E-01  0.549158E+07  0.545301E+07  0.695722E+02 -0.929284E+02  0.113773E+07  0.546453E+07  0.548510E+07  0.546476E+07 -0.123341E+00  0.268720E+07  0.268677E+07  0.323328E+01
  0.492224E-01  0.507624E+07  0.504378E+07  0.540281E+02 -0.721991E+02  0.956149E+06  0.505132E+07  0.507079E+07  0.505150E+07 -0.114014E+00  0.248410E+07  0.248373E+07  0.251154E+01
  0.533242E-01  0.474225E+07  0.471589E+07  0.430022E+02 -0.574871E+02  0.816020E+06  0.471926E+07  0.473783E+07  0.471941E+07 -0.106520E+00  0.232089E+07  0.232058E+07  0.193662E+01
  0.574261E-01  0.446173E+07  0.444073E+07  0.348826E+02 -0.466481E+02  0.704426E+06  0.444044E+07  0.445820E+07  0.444055E+07 -0.100226E+00  0.218383E+07  0.218357E+07  0.150468E+01
  0.615280E-01  0.421340E+07  0.419651E+07  0.286931E+02 -0.383827E+02  0.612747E+06  0.419354E+07  0.421056E+07  0.419363E+07 -0.946533E-01  0.206246E+07  0.206223E+07  0.120263E+01
  0.656298E-01  0.397845E+07  0.396418E+07  0.238095E+02 -0.318593E+02  0.534827E+06  0.395977E+07  0.397606E+07  0.395985E+07 -0.893769E-01  0.194753E+07  0.194734E+07  0.100896E+01
  0.697317E-01  0.374508E+07  0.373197E+07  0.198502E+02 -0.265689E+02  0.466879E+06  0.372738E+07  0.374288E+07  0.372744E+07 -0.841315E-01  0.183328E+07  0.183309E+07  0.897681E+00
  0.738336E-01  0.351530E+07  0.350214E+07  0.166157E+02 -0.222459E+02  0.407607E+06  0.349840E+07  0.351309E+07  0.349845E+07 -0.789631E-01  0.172069E+07  0.172051E+07  0.842868E+00
  0.779354E-01  0.328237E+07  0.326836E+07  0.139208E+02 -0.186430E+02  0.354962E+06  0.326618E+07  0.328002E+07  0.326622E+07 -0.737216E-01  0.160651E+07  0.160632E+07  0.817746E+00
  0.820373E-01  0.305758E+07  0.304236E+07  0.116996E+02 -0.156725E+02  0.309163E+06  0.304203E+07  0.305502E+07  0.304207E+07 -0.686623E-01  0.149629E+07  0.149609E+07  0.802625E+00
  0.861392E-01  0.284741E+07  0.283108E+07  0.987953E+01 -0.132376E+02  0.269839E+06  0.283248E+07  0.284466E+07  0.283251E+07 -0.639325E-01  0.139324E+07  0.139304E+07  0.782602E+00
  0.912272E-01  0.261524E+07  0.259816E+07  0.808749E+01 -0.108394E+02  0.229393E+06  0.260109E+07  0.261237E+07  0.260112E+07 -0.587099E-01  0.127945E+07  0.127925E+07  0.738595E+00
  0.963153E-01  0.242188E+07  0.240504E+07  0.671771E+01 -0.900541E+01  0.197250E+06  0.240854E+07  0.241905E+07  0.240856E+07 -0.543636E-01  0.118475E+07  0.118456E+07  0.670251E+00
  0.101403E+00  0.226973E+07  0.225413E+07  0.567926E+01 -0.761449E+01  0.172155E+06  0.225720E+07  0.226711E+07  0.225722E+07 -0.509477E-01  0.111032E+07  0.111015E+07  0.583886E+00
  0.106491E+00  0.215305E+07  0.213939E+07  0.488493E+01 -0.655017E+01  0.152496E+06  0.214130E+07  0.215076E+07  0.214131E+07 -0.483317E-01  0.105332E+07  0.105317E+07  0.491097E+00
  0.111580E+00  0.206047E+07  0.204903E+07  0.425864E+01 -0.571080E+01  0.136621E+06  0.204945E+07  0.205855E+07  0.204946E+07 -0.462586E-01  0.100815E+07  0.100802E+07  0.404205E+00
  0.116668E+00  0.197954E+07  0.197014E+07  0.374266E+01 -0.501920E+01  0.123154E+06  0.196918E+07  0.197796E+07  0.196919E+07 -0.444468E-01  0.968672E+06  0.968556E+06  0.332813E+00
  0.121756E+00  0.190032E+07  0.189243E+07  0.329907E+01 -0.442463E+01  0.111161E+06  0.189054E+07  0.189900E+07  0.189055E+07 -0.426717E-01  0.929993E+06  0.929890E+06  0.281884E+00
  0.126844E+00  0.181682E+07  0.180973E+07  0.290610E+01 -0.389794E+01  0.100117E+06  0.180751E+07  0.181563E+07  0.180752E+07 -0.407978E-01  0.889159E+06  0.889064E+06  0.251366E+00
  0.131932E+00  0.172724E+07  0.172029E+07  0.255357E+01 -0.342548E+01  0.898251E+05  0.171833E+07  0.172607E+07  0.171833E+07 -0.387847E-01  0.845293E+06  0.845199E+06  0.237162E+00
  0.137020E+00  0.163331E+07  0.162602E+07  0.223835E+01 -0.300300E+01  0.802955E+05  0.162474E+07  0.163209E+07  0.162475E+07 -0.366724E-01  0.799263E+06  0.799167E+06  0.232902E+00
  0.142108E+00  0.153911E+07  0.153128E+07  0.196053E+01 -0.263062E+01  0.716411E+05  0.153085E+07  0.153779E+07  0.153086E+07 -0.345532E-01  0.753082E+06  0.752984E+06  0.231903E+00
  0.147196E+00  0.144988E+07  0.144157E+07  0.172107E+01 -0.230960E+01  0.639973E+05  0.144194E+07  0.144849E+07  0.144194E+07 -0.325463E-01  0.709347E+06  0.709246E+06  0.228802E+00
  0.152284E+00  0.137068E+07  0.136215E+07  0.151990E+01 -0.203986E+01  0.574562E+05  0.136304E+07  0.136925E+07  0.136304E+07 -0.307655E-01  0.670539E+06  0.670438E+06  0.220496E+00
  0.157372E+00  0.130440E+07  0.129603E+07  0.135428E+01 -0.181772E+01  0.519996E+05  0.129708E+07  0.130300E+07  0.129708E+07 -0.292766E-01  0.638093E+06  0.637995E+06  0.206294E+00
  0.162460E+00  0.125082E+07  0.124295E+07  0.121857E+01 -0.163564E+01  0.474846E+05  0.124381E+07  0.124950E+07  0.124381E+07 -0.280743E-01  0.611890E+06  0.611799E+06  0.187479E+00
  0.167548E+00  0.120735E+07  0.120022E+07  0.110593E+01 -0.148448E+01  0.437032E+05  0.120065E+07  0.120615E+07  0.120066E+07 -0.271002E-01  0.590662E+06  0.590578E+06  0.166531E+00
  0.172637E+00  0.117058E+07  0.116428E+07  0.101006E+01 -0.135581E+01  0.404496E+05  0.116418E+07  0.116952E+07  0.116418E+07 -0.262769E-01  0.572720E+06  0.572644E+06  0.146256E+00
  0.177725E+00  0.113694E+07  0.113139E+07  0.925744E+00 -0.124264E+01  0.375459E+05  0.113081E+07  0.113601E+07  0.113081E+07 -0.255238E-01  0.556305E+06  0.556236E+06  0.128976E+00
  0.182813E+00  0.110306E+07  0.109808E+07  0.848904E+00 -0.113952E+01  0.348484E+05  0.109718E+07  0.110223E+07  0.109718E+07 -0.247646E-01  0.539760E+06  0.539697E+06  0.116010E+00
  0.187901E+00  0.106667E+07  0.106200E+07  0.777040E+00 -0.104309E+01  0.322691E+05  0.106099E+07  0.106588E+07  0.106099E+07 -0.239479E-01  0.521961E+06  0.521900E+06  0.107545E+00
  0.192989E+00  0.102732E+07  0.102273E+07  0.709400E+00 -0.952342E+00  0.297876E+05  0.102183E+07  0.102655E+07  0.102183E+07 -0.230640E-01  0.502698E+06  0.502638E+06  0.102824E+00
  0.198077E+00  0.986176E+06  0.981501E+06  0.646396E+00 -0.867815E+00  0.274308E+05  0.980858E+06  0.985391E+06  0.980860E+06 -0.221392E-01  0.482542E+06  0.482482E+06  0.100504E+00
  0.203165E+00  0.945033E+06  0.940198E+06  0.588727E+00 -0.790444E+00  0.252380E+05  0.939872E+06  0.944221E+06  0.939874E+06 -0.212141E-01  0.462381E+06  0.462321E+06  0.990691E-01
  0.208253E+00  0.905725E+06  0.900751E+06  0.536948E+00 -0.720968E+00  0.232430E+05  0.900718E+06  0.904890E+06  0.900720E+06 -0.203303E-01  0.443120E+06  0.443059E+06  0.972185E-01
  0.213341E+00  0.869864E+06  0.864843E+06  0.491343E+00 -0.659768E+00  0.214677E+05  0.865010E+06  0.869021E+06  0.865012E+06 -0.195243E-01  0.425555E+06  0.425494E+06  0.941344E-01
  0.218429E+00  0.838488E+06  0.833548E+06  0.451792E+00 -0.606682E+00  0.199167E+05  0.833789E+06  0.837659E+06  0.833790E+06 -0.188196E-01  0.410196E+06  0.410137E+06  0.895736E-01
  0.223517E+00  0.811729E+06  0.806994E+06  0.417687E+00 -0.560896E+00  0.185715E+05  0.807184E+06  0.810934E+06  0.807185E+06 -0.182191E-01  0.397108E+06  0.397052E+06  0.837933E-01
  0.228605E+00  0.788863E+06  0.784423E+06  0.388065E+00 -0.521122E+00  0.173969E+05  0.784470E+06  0.788117E+06  0.784471E+06 -0.177064E-01  0.385934E+06  0.385881E+06  0.773778E-01
  0.233694E+00  0.768668E+06  0.764558E+06  0.361861E+00 -0.485936E+00  0.163509E+05  0.764421E+06  0.767978E+06  0.764422E+06 -0.172539E-01  0.376071E+06  0.376021E+06  0.710265E-01
  0.238782E+00  0.749772E+06  0.745970E+06  0.338100E+00 -0.454028E+00  0.153940E+05  0.745661E+06  0.749134E+06  0.745662E+06 -0.168305E-01  0.366842E+06  0.366795E+06  0.653555E-01
  0.243870E+00  0.730949E+06  0.727394E+06  0.316011E+00 -0.424369E+00  0.144942E+05  0.726964E+06  0.730352E+06  0.726965E+06 -0.164085E-01  0.357644E+06  0.357600E+06  0.607581E-01
  0.248958E+00  0.711418E+06  0.708024E+06  0.295126E+00 -0.396328E+00  0.136324E+05  0.707548E+06  0.710848E+06  0.707549E+06 -0.159702E-01  0.348093E+06  0.348050E+06  0.573496E-01
  0.254046E+00  0.690992E+06  0.687675E+06  0.275279E+00 -0.369685E+00  0.128028E+05  0.687228E+06  0.690435E+06  0.687229E+06 -0.155116E-01  0.338096E+06  0.338055E+06  0.549906E-01
  0.259134E+00  0.669975E+06  0.666672E+06  0.256517E+00 -0.344499E+00  0.120092E+05  0.666309E+06  0.669421E+06  0.666310E+06 -0.150394E-01  0.327806E+06  0.327764E+06  0.533649E-01
  0.264222E+00  0.648943E+06  0.645620E+06  0.238974E+00 -0.320950E+00  0.112595E+05  0.645370E+06  0.648385E+06  0.645371E+06 -0.145668E-01  0.317505E+06  0.317464E+06  0.520851E-01
  0.269310E+00  0.628567E+06  0.625225E+06  0.222794E+00 -0.299230E+00  0.105620E+05  0.625084E+06  0.628006E+06  0.625085E+06 -0.141089E-01  0.307525E+06  0.307484E+06  0.507961E-01
  0.274398E+00  0.609474E+06  0.606140E+06  0.208080E+00 -0.279476E+00  0.992337E+04  0.606080E+06  0.608914E+06  0.606080E+06 -0.136800E-01  0.298176E+06  0.298136E+06  0.492518E-01
  0.279486E+00  0.592082E+06  0.588797E+06  0.194844E+00 -0.261704E+00  0.934574E+04  0.588776E+06  0.591531E+06  0.588776E+06 -0.132894E-01  0.289663E+06  0.289624E+06  0.473495E-01
  0.284574E+00  0.576482E+06  0.573290E+06  0.182986E+00 -0.245780E+00  0.882590E+04  0.573262E+06  0.575946E+06  0.573263E+06 -0.129392E-01  0.282032E+06  0.281993E+06  0.451230E-01
  0.289662E+00  0.562456E+06  0.559390E+06  0.172319E+00 -0.231454E+00  0.835623E+04  0.559322E+06  0.561942E+06  0.559322E+06 -0.126246E-01  0.275173E+06  0.275136E+06  0.427057E-01
  0.294751E+00  0.549611E+06  0.546687E+06  0.162623E+00 -0.218432E+00  0.792725E+04  0.546559E+06  0.549120E+06  0.546560E+06 -0.123365E-01  0.268895E+06  0.268859E+06  0.402787E-01
  0.299839E+00  0.537485E+06  0.534701E+06  0.153687E+00 -0.206430E+00  0.752954E+04  0.534512E+06  0.537018E+06  0.534513E+06 -0.120646E-01  0.262968E+06  0.262934E+06  0.380161E-01
  0.304927E+00  0.525642E+06  0.522978E+06  0.145329E+00 -0.195205E+00  0.715498E+04  0.522744E+06  0.525195E+06  0.522744E+06 -0.117990E-01  0.257178E+06  0.257145E+06  0.360423E-01
  0.310015E+00  0.513757E+06  0.511185E+06  0.137420E+00 -0.184582E+00  0.679778E+04  0.510928E+06  0.513326E+06  0.510929E+06 -0.115323E-01  0.251366E+06  0.251334E+06  0.344102E-01
  0.315103E+00  0.501691E+06  0.499180E+06  0.129893E+00 -0.174474E+00  0.645511E+04  0.498927E+06  0.501269E+06  0.498928E+06 -0.112614E-01  0.245462E+06  0.245430E+06  0.331018E-01
  0.320191E+00  0.489497E+06  0.487022E+06  0.122737E+00 -0.164865E+00  0.612688E+04  0.486796E+06  0.489081E+06  0.486796E+06 -0.109876E-01  0.239494E+06  0.239463E+06  0.320445E-01
  0.325279E+00  0.477363E+06  0.474910E+06  0.115976E+00 -0.155787E+00  0.581462E+04  0.474722E+06  0.476951E+06  0.474722E+06 -0.107150E-01  0.233554E+06  0.233523E+06  0.311373E-01
  0.330367E+00  0.465525E+06  0.463088E+06  0.109640E+00 -0.147278E+00  0.552021E+04  0.462940E+06  0.465115E+06  0.462941E+06 -0.104491E-01  0.227758E+06  0.227728E+06  0.302784E-01
  0.335455E+00  0.454195E+06  0.451782E+06  0.103749E+00 -0.139367E+00  0.524508E+04  0.451667E+06  0.453790E+06  0.451668E+06 -0.101947E-01  0.222212E+06  0.222182E+06  0.293886E-01
  0.340543E+00  0.443528E+06  0.441150E+06  0.983058E-01 -0.132057E+00  0.498975E+04  0.441055E+06  0.443129E+06  0.441056E+06 -0.995515E-02  0.216991E+06  0.216962E+06  0.284251E-01
  0.345631E+00  0.433585E+06  0.431257E+06  0.932927E-01 -0.125324E+00  0.475368E+04  0.431167E+06  0.433194E+06  0.431167E+06 -0.973196E-02  0.212126E+06  0.212098E+06  0.273837E-01
  0.350719E+00  0.424330E+06  0.422064E+06  0.886715E-01 -0.119117E+00  0.453525E+04  0.421965E+06  0.423949E+06  0.421965E+06 -0.952426E-02  0.207599E+06  0.207571E+06  0.262915E-01
  0.355808E+00  0.415644E+06  0.413447E+06  0.843906E-01 -0.113367E+00  0.433214E+04  0.413330E+06  0.415275E+06  0.413331E+06 -0.932937E-02  0.203351E+06  0.203324E+06  0.251939E-01
  0.360896E+00  0.407370E+06  0.405242E+06  0.803957E-01 -0.108000E+00  0.414180E+04  0.405106E+06  0.407013E+06  0.405106E+06 -0.914374E-02  0.199305E+06  0.199279E+06  0.241398E-01
  0.365984E+00  0.399352E+06  0.397289E+06  0.766378E-01 -0.102952E+00  0.396193E+04  0.397136E+06  0.399006E+06  0.397137E+06 -0.896385E-02  0.195384E+06  0.195359E+06  0.231689E-01
  0.371072E+00  0.391466E+06  0.389458E+06  0.730784E-01 -0.981715E-01  0.379072E+04  0.389295E+06  0.391128E+06  0.389296E+06 -0.878687E-02  0.191527E+06  0.191502E+06  0.223033E-01
  0.376160E+00  0.383631E+06  0.381668E+06  0.696915E-01 -0.936222E-01  0.362696E+04  0.381505E+06  0.383302E+06  0.381505E+06 -0.861103E-02  0.187694E+06  0.187670E+06  0.215449E-01
  0.381248E+00  0.375834E+06  0.373906E+06  0.664643E-01 -0.892877E-01  0.347014E+04  0.373750E+06  0.375511E+06  0.373750E+06 -0.843599E-02  0.183879E+06  0.183855E+06  0.208784E-01
  0.386336E+00  0.368125E+06  0.366224E+06  0.633966E-01 -0.851674E-01  0.332036E+04  0.366080E+06  0.367805E+06  0.366081E+06 -0.826288E-02  0.180106E+06  0.180082E+06  0.202783E-01
  0.391424E+00  0.360577E+06  0.358701E+06  0.604921E-01 -0.812663E-01  0.317793E+04  0.358572E+06  0.360262E+06  0.358572E+06 -0.809341E-02  0.176412E+06  0.176389E+06  0.197154E-01
  0.396512E+00  0.353263E+06  0.351411E+06  0.577530E-01 -0.775873E-01  0.304309E+04  0.351296E+06  0.352952E+06  0.351296E+06 -0.792918E-02  0.172832E+06  0.172810E+06  0.191642E-01
  0.401600E+00  0.346232E+06  0.344408E+06  0.551779E-01 -0.741285E-01  0.291586E+04  0.344303E+06  0.345926E+06  0.344303E+06 -0.777134E-02  0.169392E+06  0.169370E+06  0.186076E-01
  0.406688E+00  0.339518E+06  0.337725E+06  0.527621E-01 -0.708834E-01  0.279611E+04  0.337625E+06  0.339217E+06  0.337625E+06 -0.762061E-02  0.166106E+06  0.166084E+06  0.180393E-01
  0.411776E+00  0.333125E+06  0.331368E+06  0.504971E-01 -0.678408E-01  0.268348E+04  0.331268E+06  0.332830E+06  0.331268E+06 -0.747711E-02  0.162979E+06  0.162957E+06  0.174629E-01
  0.416865E+00  0.327025E+06  0.325306E+06  0.483696E-01 -0.649830E-01  0.257737E+04  0.325202E+06  0.326736E+06  0.325202E+06 -0.734021E-02  0.159995E+06  0.159974E+06  0.168886E-01
  0.421953E+00  0.321163E+06  0.319483E+06  0.463640E-01 -0.622887E-01  0.247702E+04  0.319374E+06  0.320881E+06  0.319374E+06 -0.720866E-02  0.157128E+06  0.157107E+06  0.163295E-01
  0.427041E+00  0.315482E+06  0.313840E+06  0.444652E-01 -0.597380E-01  0.238169E+04  0.313726E+06  0.315207E+06  0.313726E+06 -0.708118E-02  0.154349E+06  0.154329E+06  0.157975E-01
  0.432129E+00  0.309937E+06  0.308330E+06  0.426610E-01 -0.573143E-01  0.229081E+04  0.308212E+06  0.309667E+06  0.308212E+06 -0.695673E-02  0.151636E+06  0.151616E+06  0.153010E-01
  0.437217E+00  0.304494E+06  0.302918E+06  0.409419E-01 -0.550050E-01  0.220390E+04  0.302800E+06  0.304229E+06  0.302800E+06 -0.683456E-02  0.148973E+06  0.148954E+06  0.148428E-01
  0.442305E+00  0.299134E+06  0.297587E+06  0.393012E-01 -0.528009E-01  0.212067E+04  0.297470E+06  0.298875E+06  0.297470E+06 -0.671427E-02  0.146351E+06  0.146332E+06  0.144208E-01
  0.447393E+00  0.293860E+06  0.292337E+06  0.377348E-01 -0.506968E-01  0.204094E+04  0.292224E+06  0.293604E+06  0.292225E+06 -0.659586E-02  0.143771E+06  0.143752E+06  0.140286E-01
  0.452481E+00  0.288688E+06  0.287186E+06  0.362414E-01 -0.486907E-01  0.196467E+04  0.287080E+06  0.288436E+06  0.287080E+06 -0.647974E-02  0.141240E+06  0.141221E+06  0.136581E-01
  0.457569E+00  0.283642E+06  0.282163E+06  0.348202E-01 -0.467816E-01  0.189187E+04  0.282061E+06  0.283394E+06  0.282062E+06 -0.636647E-02  0.138771E+06  0.138752E+06  0.133013E-01
  0.462657E+00  0.278745E+06  0.277287E+06  0.334704E-01 -0.449683E-01  0.182253E+04  0.277191E+06  0.278500E+06  0.277191E+06 -0.625654E-02  0.136375E+06  0.136357E+06  0.129519E-01
  0.467745E+00  0.274008E+06  0.272573E+06  0.321896E-01 -0.432477E-01  0.175656E+04  0.272480E+06  0.273767E+06  0.272480E+06 -0.615021E-02  0.134057E+06  0.134039E+06  0.126065E-01
  0.472833E+00  0.269432E+06  0.268020E+06  0.309743E-01 -0.416151E-01  0.169380E+04  0.267929E+06  0.269195E+06  0.267929E+06 -0.604748E-02  0.131818E+06  0.131800E+06  0.122641E-01
  0.477922E+00  0.265008E+06  0.263621E+06  0.298204E-01 -0.400650E-01  0.163406E+04  0.263530E+06  0.264775E+06  0.263530E+06 -0.594819E-02  0.129653E+06  0.129636E+06  0.119265E-01
  0.483010E+00  0.260726E+06  0.259363E+06  0.287237E-01 -0.385916E-01  0.157713E+04  0.259272E+06  0.260497E+06  0.259272E+06 -0.585208E-02  0.127559E+06  0.127542E+06  0.115967E-01
  0.488098E+00  0.256569E+06  0.255231E+06  0.276795E-01 -0.371889E-01  0.152280E+04  0.255138E+06  0.256344E+06  0.255139E+06 -0.575879E-02  0.125525E+06  0.125509E+06  0.112782E-01
  0.493186E+00  0.252518E+06  0.251203E+06  0.266832E-01 -0.358504E-01  0.147083E+04  0.251110E+06  0.252297E+06  0.251110E+06 -0.566786E-02  0.123543E+06  0.123527E+06  0.109737E-01
  0.498274E+00  0.248552E+06  0.247260E+06  0.257305E-01 -0.345705E-01  0.142100E+04  0.247166E+06  0.248335E+06  0.247166E+06 -0.557885E-02  0.121603E+06  0.121587E+06  0.106845E-01
  0.503362E+00  0.244662E+06  0.243390E+06  0.248183E-01 -0.333450E-01  0.137316E+04  0.243298E+06  0.244448E+06  0.243298E+06 -0.549153E-02  0.119700E+06  0.119684E+06  0.104106E-01
  0.508450E+00  0.240847E+06  0.239595E+06  0.239447E-01 -0.321714E-01  0.132723E+04  0.239504E+06  0.240637E+06  0.239504E+06 -0.540590E-02  0.117833E+06  0.117818E+06  0.101507E-01
  0.513538E+00  0.237111E+06  0.235877E+06  0.231084E-01 -0.310478E-01  0.128316E+04  0.235788E+06  0.236904E+06  0.235788E+06 -0.532203E-02  0.116005E+06  0.115990E+06  0.990281E-02
  0.518626E+00  0.233456E+06  0.232240E+06  0.223079E-01 -0.299724E-01  0.124087E+04  0.232154E+06  0.233252E+06  0.232154E+06 -0.523999E-02  0.114217E+06  0.114202E+06  0.966434E-02
  0.523714E+00  0.229886E+06  0.228687E+06  0.215419E-01 -0.289434E-01  0.120032E+04  0.228603E+06  0.229684E+06  0.228603E+06 -0.515985E-02  0.112470E+06  0.112456E+06  0.943306E-02
  0.528802E+00  0.226405E+06  0.225224E+06  0.208094E-01 -0.279593E-01  0.116145E+04  0.225142E+06  0.226207E+06  0.225142E+06 -0.508173E-02  0.110767E+06  0.110753E+06  0.920738E-02
  0.533890E+00  0.223019E+06  0.221854E+06  0.201092E-01 -0.270186E-01  0.112421E+04  0.221774E+06  0.222823E+06  0.221774E+06 -0.500571E-02  0.109110E+06  0.109096E+06  0.898655E-02
  0.538979E+00  0.219724E+06  0.218577E+06  0.194399E-01 -0.261193E-01  0.108854E+04  0.218498E+06  0.219532E+06  0.218498E+06 -0.493176E-02  0.107499E+06  0.107485E+06  0.877049E-02
  0.544067E+00  0.216516E+06  0.215386E+06  0.187993E-01 -0.252588E-01  0.105434E+04  0.215307E+06  0.216326E+06  0.215307E+06 -0.485975E-02  0.105929E+06  0.105915E+06  0.855965E-02
  0.559946E+00  0.206990E+06  0.205912E+06  0.169673E-01 -0.227975E-01  0.956120E+03  0.205835E+06  0.206809E+06  0.205835E+06 -0.464594E-02  0.101269E+06  0.101255E+06  0.794278E-02
  0.593872E+00  0.188609E+06  0.187626E+06  0.137444E-01 -0.184675E-01  0.781714E+03  0.187556E+06  0.188444E+06  0.187556E+06 -0.423336E-02  0.922756E+05  0.922634E+05  0.683868E-02
  0.629853E+00  0.171817E+06  0.170922E+06  0.111310E-01 -0.149562E-01  0.638599E+03  0.170857E+06  0.171666E+06  0.170857E+06 -0.385645E-02  0.840601E+05  0.840490E+05  0.587791E-02
  0.879031E+00  0.100438E+06  0.999148E+05  0.334055E-02 -0.448884E-02  0.199403E+03  0.998761E+05  0.100350E+06  0.998761E+05 -0.225433E-02  0.491384E+05  0.491319E+05  0.249148E-02
  0.122679E+01  0.580032E+05  0.577010E+05  0.990443E-03 -0.133096E-02  0.607005E+02  0.576784E+05  0.579524E+05  0.576785E+05 -0.130187E-02  0.283775E+05  0.283736E+05  0.105514E-02
  0.171212E+01  0.331484E+05  0.329756E+05  0.290602E-03 -0.390525E-03  0.181112E+02  0.329628E+05  0.331194E+05  0.329628E+05 -0.744010E-03  0.162175E+05  0.162152E+05  0.451603E-03
  0.238945E+01  0.187743E+05  0.186762E+05  0.844989E-04 -0.113559E-03  0.532040E+01  0.186691E+05  0.187578E+05  0.186691E+05 -0.421384E-03  0.918512E+04  0.918370E+04  0.198784E-03
  0.333475E+01  0.105507E+05  0.104953E+05  0.243784E-04 -0.327652E-04  0.154417E+01  0.104915E+05  0.105414E+05  0.104915E+05 -0.236805E-03  0.516178E+04  0.516086E+04  0.922346E-04
  0.465402E+01  0.588906E+04  0.585785E+04  0.698525E-05 -0.938981E-05  0.443990E+00  0.585598E+04  0.588382E+04  0.585598E+04 -0.132177E-03  0.288114E+04  0.288049E+04  0.463917E-04
  0.649521E+01  0.326759E+04  0.324997E+04  0.198938E-05 -0.267498E-05  0.126718E+00  0.324918E+04  0.326463E+04  0.324918E+04 -0.733381E-04  0.159861E+04  0.159811E+04  0.258044E-04
