    0.10000E-03    0.53029E+03
    0.10202E-03    0.54056E+03
    0.10408E-03    0.55103E+03
    0.10618E-03    0.56171E+03
    0.10833E-03    0.57259E+03
    0.11052E-03    0.58368E+03
    0.11275E-03    0.59498E+03
    0.11503E-03    0.60651E+03
    0.11735E-03    0.61825E+03
    0.11972E-03    0.63023E+03
    0.12214E-03    0.64243E+03
    0.12461E-03    0.65487E+03
    0.12712E-03    0.66755E+03
    0.12969E-03    0.68048E+03
    0.13231E-03    0.69365E+03
    0.13499E-03    0.70708E+03
    0.13771E-03    0.72077E+03
    0.14049E-03    0.73473E+03
    0.14333E-03    0.74895E+03
    0.14623E-03    0.76345E+03
    0.14918E-03    0.77822E+03
    0.15220E-03    0.79329E+03
    0.15527E-03    0.80864E+03
    0.15841E-03    0.82429E+03
    0.16161E-03    0.84024E+03
    0.16487E-03    0.85650E+03
    0.16820E-03    0.87307E+03
    0.17160E-03    0.88996E+03
    0.17507E-03    0.90717E+03
    0.17860E-03    0.92472E+03
    0.18221E-03    0.94261E+03
    0.18589E-03    0.96084E+03
    0.18965E-03    0.97942E+03
    0.19348E-03    0.99836E+03
    0.19739E-03    0.10177E+04
    0.20138E-03    0.10373E+04
    0.20544E-03    0.10574E+04
    0.20959E-03    0.10778E+04
    0.21383E-03    0.10987E+04
    0.21815E-03    0.11199E+04
    0.22255E-03    0.11415E+04
    0.22705E-03    0.11636E+04
    0.23164E-03    0.11860E+04
    0.23632E-03    0.12090E+04
    0.24109E-03    0.12323E+04
    0.24596E-03    0.12561E+04
    0.25093E-03    0.12803E+04
    0.25600E-03    0.13050E+04
    0.26117E-03    0.13302E+04
    0.26645E-03    0.13559E+04
    0.27183E-03    0.13821E+04
    0.27732E-03    0.14087E+04
    0.28292E-03    0.14359E+04
    0.28864E-03    0.14636E+04
    0.29447E-03    0.14918E+04
    0.30042E-03    0.15205E+04
    0.30649E-03    0.15498E+04
    0.31268E-03    0.15797E+04
    0.31899E-03    0.16101E+04
    0.32544E-03    0.16411E+04
    0.33201E-03    0.16727E+04
    0.33872E-03    0.17049E+04
    0.34556E-03    0.17376E+04
    0.35254E-03    0.17711E+04
    0.35966E-03    0.18051E+04
    0.36693E-03    0.18398E+04
    0.37434E-03    0.18752E+04
    0.38190E-03    0.19112E+04
    0.38962E-03    0.19479E+04
    0.39749E-03    0.19853E+04
    0.40552E-03    0.20233E+04
    0.41371E-03    0.20621E+04
    0.42207E-03    0.21017E+04
    0.43060E-03    0.21420E+04
    0.43929E-03    0.21830E+04
    0.44817E-03    0.22248E+04
    0.45722E-03    0.22674E+04
    0.46646E-03    0.23107E+04
    0.47588E-03    0.23549E+04
    0.48550E-03    0.23999E+04
    0.49530E-03    0.24458E+04
    0.50531E-03    0.24925E+04
    0.51552E-03    0.25400E+04
    0.52593E-03    0.25885E+04
    0.53656E-03    0.26378E+04
    0.54739E-03    0.26881E+04
    0.55845E-03    0.27393E+04
    0.56973E-03    0.27914E+04
    0.58124E-03    0.28445E+04
    0.59299E-03    0.28985E+04
    0.60496E-03    0.29536E+04
    0.61719E-03    0.30096E+04
    0.62965E-03    0.30667E+04
    0.64237E-03    0.31248E+04
    0.65535E-03    0.31840E+04
    0.66859E-03    0.32442E+04
    0.68210E-03    0.33056E+04
    0.69588E-03    0.33680E+04
    0.70993E-03    0.34316E+04
    0.72427E-03    0.34963E+04
    0.73891E-03    0.35622E+04
    0.75383E-03    0.36293E+04
    0.76906E-03    0.36976E+04
    0.78460E-03    0.37671E+04
    0.80045E-03    0.38378E+04
    0.81662E-03    0.39098E+04
    0.83311E-03    0.39831E+04
    0.84994E-03    0.40576E+04
    0.86711E-03    0.41335E+04
    0.88463E-03    0.42107E+04
    0.90250E-03    0.42893E+04
    0.92073E-03    0.43693E+04
    0.93933E-03    0.44506E+04
    0.95831E-03    0.45334E+04
    0.97767E-03    0.46176E+04
    0.99742E-03    0.47033E+04
    0.10176E-02    0.47904E+04
    0.10381E-02    0.48791E+04
    0.10591E-02    0.49693E+04
    0.10805E-02    0.50610E+04
    0.11023E-02    0.51543E+04
    0.11246E-02    0.52491E+04
    0.11473E-02    0.53456E+04
    0.11705E-02    0.54437E+04
    0.11941E-02    0.55434E+04
    0.12182E-02    0.56449E+04
    0.12429E-02    0.57480E+04
    0.12680E-02    0.58528E+04
    0.12936E-02    0.59593E+04
    0.13197E-02    0.60676E+04
    0.13464E-02    0.61776E+04
    0.13736E-02    0.62895E+04
    0.14013E-02    0.64031E+04
    0.14296E-02    0.65186E+04
    0.14585E-02    0.66359E+04
    0.14880E-02    0.67551E+04
    0.15180E-02    0.68762E+04
    0.15487E-02    0.69992E+04
    0.15800E-02    0.71241E+04
    0.16119E-02    0.72509E+04
    0.16445E-02    0.73797E+04
    0.16777E-02    0.75105E+04
    0.17116E-02    0.76432E+04
    0.17462E-02    0.77780E+04
    0.17814E-02    0.79147E+04
    0.18174E-02    0.80535E+04
    0.18541E-02    0.81943E+04
    0.18916E-02    0.83372E+04
    0.19298E-02    0.84822E+04
    0.19688E-02    0.86292E+04
    0.20086E-02    0.87783E+04
    0.20491E-02    0.89296E+04
    0.20905E-02    0.90829E+04
    0.21328E-02    0.92383E+04
    0.21758E-02    0.93959E+04
    0.22198E-02    0.95556E+04
    0.22646E-02    0.97174E+04
    0.23104E-02    0.98813E+04
    0.23571E-02    0.10047E+05
    0.24047E-02    0.10216E+05
    0.24533E-02    0.10386E+05
    0.25028E-02    0.10558E+05
    0.25534E-02    0.10733E+05
    0.26050E-02    0.10910E+05
    0.26576E-02    0.11089E+05
    0.27113E-02    0.11270E+05
    0.27660E-02    0.11453E+05
    0.28219E-02    0.11638E+05
    0.28789E-02    0.11825E+05
    0.29371E-02    0.12014E+05
    0.29964E-02    0.12206E+05
    0.30569E-02    0.12399E+05
    0.31187E-02    0.12595E+05
    0.31817E-02    0.12792E+05
    0.32460E-02    0.12991E+05
    0.33115E-02    0.13193E+05
    0.33784E-02    0.13396E+05
    0.34467E-02    0.13601E+05
    0.35163E-02    0.13808E+05
    0.35874E-02    0.14017E+05
    0.36598E-02    0.14228E+05
    0.37338E-02    0.14440E+05
    0.38092E-02    0.14654E+05
    0.38861E-02    0.14869E+05
    0.39646E-02    0.15085E+05
    0.40447E-02    0.15304E+05
    0.41264E-02    0.15525E+05
    0.42098E-02    0.15747E+05
    0.42948E-02    0.15973E+05
    0.43816E-02    0.16199E+05
    0.44701E-02    0.16426E+05
    0.45604E-02    0.16651E+05
    0.46525E-02    0.16874E+05
    0.47465E-02    0.17094E+05
    0.48424E-02    0.17312E+05
    0.49402E-02    0.17529E+05
    0.50400E-02    0.17749E+05
    0.51419E-02    0.17971E+05
    0.52457E-02    0.18199E+05
    0.53517E-02    0.18430E+05
    0.54598E-02    0.18663E+05
    0.55701E-02    0.18897E+05
    0.56826E-02    0.19131E+05
    0.57974E-02    0.19364E+05
    0.59145E-02    0.19596E+05
    0.60340E-02    0.19827E+05
    0.61559E-02    0.20057E+05
    0.62803E-02    0.20287E+05
    0.64072E-02    0.20517E+05
    0.65366E-02    0.20746E+05
    0.66686E-02    0.20974E+05
    0.68033E-02    0.21201E+05
    0.69408E-02    0.21426E+05
    0.70810E-02    0.21650E+05
    0.72240E-02    0.21872E+05
    0.73700E-02    0.22092E+05
    0.75189E-02    0.22310E+05
    0.76708E-02    0.22526E+05
    0.78257E-02    0.22740E+05
    0.79838E-02    0.22951E+05
    0.81451E-02    0.23159E+05
    0.83096E-02    0.23365E+05
    0.84775E-02    0.23567E+05
    0.86488E-02    0.23766E+05
    0.88235E-02    0.23961E+05
    0.90017E-02    0.24152E+05
    0.91836E-02    0.24339E+05
    0.93691E-02    0.24522E+05
    0.95583E-02    0.24700E+05
    0.97514E-02    0.24873E+05
    0.99484E-02    0.25041E+05
    0.10149E-01    0.25204E+05
    0.10354E-01    0.25361E+05
    0.10564E-01    0.25512E+05
    0.10777E-01    0.25657E+05
    0.10995E-01    0.25796E+05
    0.11217E-01    0.25928E+05
    0.11443E-01    0.26053E+05
    0.11675E-01    0.26170E+05
    0.11910E-01    0.26280E+05
    0.12151E-01    0.26383E+05
    0.12397E-01    0.26477E+05
    0.12647E-01    0.26563E+05
    0.12902E-01    0.26640E+05
    0.13163E-01    0.26708E+05
    0.13429E-01    0.26766E+05
    0.13700E-01    0.26816E+05
    0.13977E-01    0.26855E+05
    0.14259E-01    0.26884E+05
    0.14547E-01    0.26903E+05
    0.14841E-01    0.26911E+05
    0.15141E-01    0.26909E+05
    0.15447E-01    0.26895E+05
    0.15759E-01    0.26869E+05
    0.16077E-01    0.26833E+05
    0.16402E-01    0.26784E+05
    0.16734E-01    0.26723E+05
    0.17072E-01    0.26650E+05
    0.17416E-01    0.26565E+05
    0.17768E-01    0.26467E+05
    0.18127E-01    0.26357E+05
    0.18493E-01    0.26234E+05
    0.18867E-01    0.26098E+05
    0.19248E-01    0.25949E+05
    0.19637E-01    0.25787E+05
    0.20034E-01    0.25613E+05
    0.20438E-01    0.25426E+05
    0.20851E-01    0.25225E+05
    0.21272E-01    0.25013E+05
    0.21702E-01    0.24788E+05
    0.22141E-01    0.24550E+05
    0.22588E-01    0.24301E+05
    0.23044E-01    0.24040E+05
    0.23510E-01    0.23768E+05
    0.23985E-01    0.23484E+05
    0.24469E-01    0.23191E+05
    0.24964E-01    0.22887E+05
    0.25468E-01    0.22573E+05
    0.25982E-01    0.22251E+05
    0.26507E-01    0.21920E+05
    0.27043E-01    0.21581E+05
    0.27589E-01    0.21236E+05
    0.28146E-01    0.20884E+05
    0.28715E-01    0.20527E+05
    0.29295E-01    0.20165E+05
    0.29887E-01    0.19800E+05
    0.30490E-01    0.19432E+05
    0.31106E-01    0.19062E+05
    0.31735E-01    0.18691E+05
    0.32376E-01    0.18321E+05
    0.33030E-01    0.17951E+05
    0.33697E-01    0.17583E+05
    0.34378E-01    0.17219E+05
    0.35072E-01    0.16858E+05
    0.35781E-01    0.16502E+05
    0.36504E-01    0.16153E+05
    0.37241E-01    0.15810E+05
    0.37993E-01    0.15476E+05
    0.38761E-01    0.15149E+05
    0.39544E-01    0.14832E+05
    0.40343E-01    0.14524E+05
    0.41158E-01    0.14225E+05
    0.41989E-01    0.13936E+05
    0.42838E-01    0.13659E+05
    0.43703E-01    0.13393E+05
    0.44586E-01    0.13140E+05
    0.45486E-01    0.12900E+05
    0.46405E-01    0.12674E+05
    0.47343E-01    0.12461E+05
    0.48299E-01    0.12258E+05
    0.49275E-01    0.12066E+05
    0.50270E-01    0.11883E+05
    0.51286E-01    0.11708E+05
    0.52322E-01    0.11540E+05
    0.53379E-01    0.11379E+05
    0.54457E-01    0.11224E+05
    0.55557E-01    0.11073E+05
    0.56680E-01    0.10926E+05
    0.57825E-01    0.10781E+05
    0.58993E-01    0.10638E+05
    0.60184E-01    0.10494E+05
    0.61400E-01    0.10347E+05
    0.62641E-01    0.10195E+05
    0.63906E-01    0.10037E+05
    0.65197E-01    0.98715E+04
    0.66514E-01    0.96958E+04
    0.67858E-01    0.95094E+04
    0.69229E-01    0.93115E+04
    0.70627E-01    0.91017E+04
    0.72054E-01    0.88801E+04
    0.73510E-01    0.86476E+04
    0.74994E-01    0.84051E+04
    0.76509E-01    0.81544E+04
    0.78055E-01    0.78975E+04
    0.79632E-01    0.76364E+04
    0.81241E-01    0.73737E+04
    0.82882E-01    0.71116E+04
    0.84556E-01    0.68526E+04
    0.86264E-01    0.65990E+04
    0.88007E-01    0.63533E+04
    0.89785E-01    0.61180E+04
    0.91598E-01    0.58954E+04
    0.93449E-01    0.56875E+04
    0.95337E-01    0.54962E+04
    0.97263E-01    0.53230E+04
    0.99227E-01    0.51685E+04
    0.10123E+00    0.50324E+04
    0.10328E+00    0.49142E+04
    0.10536E+00    0.48119E+04
    0.10749E+00    0.47232E+04
    0.10966E+00    0.46451E+04
    0.11188E+00    0.45743E+04
    0.11414E+00    0.45073E+04
    0.11644E+00    0.44407E+04
    0.11880E+00    0.43711E+04
    0.12120E+00    0.42956E+04
    0.12365E+00    0.42119E+04
    0.12614E+00    0.41182E+04
    0.12869E+00    0.40136E+04
    0.13129E+00    0.38984E+04
    0.13394E+00    0.37735E+04
    0.13665E+00    0.36410E+04
    0.13941E+00    0.35036E+04
    0.14223E+00    0.33648E+04
    0.14510E+00    0.32285E+04
    0.14803E+00    0.30986E+04
    0.15102E+00    0.29788E+04
    0.15407E+00    0.28721E+04
    0.15718E+00    0.27798E+04
    0.16036E+00    0.27014E+04
    0.16360E+00    0.26356E+04
    0.16690E+00    0.25805E+04
    0.17028E+00    0.25333E+04
    0.17371E+00    0.24909E+04
    0.17722E+00    0.24499E+04
    0.18080E+00    0.24065E+04
    0.18446E+00    0.23574E+04
    0.18818E+00    0.23007E+04
    0.19198E+00    0.22362E+04
    0.19586E+00    0.21654E+04
    0.19982E+00    0.20910E+04
    0.20386E+00    0.20162E+04
    0.20797E+00    0.19435E+04
    0.21218E+00    0.18760E+04
    0.21646E+00    0.18161E+04
    0.22083E+00    0.17647E+04
    0.22530E+00    0.17215E+04
    0.22985E+00    0.16848E+04
    0.23449E+00    0.16520E+04
    0.23923E+00    0.16205E+04
    0.24406E+00    0.15875E+04
    0.24899E+00    0.15511E+04
    0.25402E+00    0.15109E+04
    0.25915E+00    0.14678E+04
    0.26439E+00    0.14234E+04
    0.26973E+00    0.13800E+04
    0.27518E+00    0.13395E+04
    0.28074E+00    0.13033E+04
    0.28641E+00    0.12716E+04
    0.29219E+00    0.12435E+04
    0.29810E+00    0.12176E+04
    0.30412E+00    0.11923E+04
    0.31026E+00    0.11661E+04
    0.31653E+00    0.11383E+04
    0.32292E+00    0.11095E+04
    0.32945E+00    0.10807E+04
    0.33610E+00    0.10531E+04
    0.34289E+00    0.10274E+04
    0.34982E+00    0.10040E+04
    0.35689E+00    0.98240E+03
    0.36409E+00    0.96180E+03
    0.37145E+00    0.94139E+03
    0.37895E+00    0.92067E+03
    0.38661E+00    0.89974E+03
    0.39442E+00    0.87912E+03
    0.40239E+00    0.85931E+03
    0.41052E+00    0.84061E+03
    0.41881E+00    0.82299E+03
    0.42727E+00    0.80606E+03
    0.43590E+00    0.78946E+03
    0.44471E+00    0.77298E+03
    0.45369E+00    0.75669E+03
    0.46286E+00    0.74082E+03
    0.47221E+00    0.72556E+03
    0.48174E+00    0.71089E+03
    0.49148E+00    0.69672E+03
    0.50141E+00    0.68285E+03
    0.51153E+00    0.66922E+03
    0.52187E+00    0.65587E+03
    0.53241E+00    0.64287E+03
    0.54317E+00    0.63028E+03
    0.55414E+00    0.61804E+03
    0.56533E+00    0.60607E+03
    0.57675E+00    0.59434E+03
    0.58840E+00    0.58287E+03
    0.60029E+00    0.57168E+03
    0.61242E+00    0.56075E+03
    0.62479E+00    0.55008E+03
    0.63741E+00    0.53963E+03
    0.65029E+00    0.52940E+03
    0.66342E+00    0.51938E+03
    0.67683E+00    0.50956E+03
    0.69050E+00    0.49994E+03
    0.70445E+00    0.49050E+03
    0.71868E+00    0.48125E+03
    0.73320E+00    0.47217E+03
    0.74801E+00    0.46325E+03
    0.76312E+00    0.45450E+03
    0.77854E+00    0.44590E+03
    0.79426E+00    0.43746E+03
    0.81031E+00    0.42916E+03
    0.82668E+00    0.42100E+03
    0.84338E+00    0.41298E+03
    0.86041E+00    0.40508E+03
    0.87780E+00    0.39732E+03
    0.89553E+00    0.38967E+03
    0.91362E+00    0.38215E+03
    0.93208E+00    0.37474E+03
    0.95091E+00    0.36744E+03
    0.97011E+00    0.36024E+03
    0.98971E+00    0.35315E+03
    0.10097E+01    0.34617E+03
    0.10301E+01    0.33928E+03
    0.10509E+01    0.33249E+03
    0.10721E+01    0.32579E+03
    0.10938E+01    0.31919E+03
    0.11159E+01    0.31267E+03
    0.11384E+01    0.30625E+03
    0.11614E+01    0.29990E+03
    0.11849E+01    0.29365E+03
    0.12088E+01    0.28747E+03
    0.12333E+01    0.28138E+03
    0.12582E+01    0.27537E+03
    0.12836E+01    0.26944E+03
    0.13095E+01    0.26358E+03
    0.13360E+01    0.25781E+03
    0.13630E+01    0.25212E+03
    0.13905E+01    0.24651E+03
    0.14186E+01    0.24097E+03
    0.14472E+01    0.23552E+03
    0.14765E+01    0.23014E+03
    0.15063E+01    0.22484E+03
    0.15367E+01    0.21962E+03
    0.15678E+01    0.21447E+03
    0.15994E+01    0.20940E+03
    0.16318E+01    0.20440E+03
    0.16647E+01    0.19947E+03
    0.16984E+01    0.19460E+03
    0.17327E+01    0.18981E+03
    0.17677E+01    0.18508E+03
    0.18034E+01    0.18042E+03
    0.18398E+01    0.17582E+03
    0.18770E+01    0.17128E+03
    0.19149E+01    0.16681E+03
    0.19536E+01    0.16240E+03
    0.19930E+01    0.15807E+03
    0.20333E+01    0.15381E+03
    0.20744E+01    0.14964E+03
    0.21163E+01    0.14555E+03
    0.21590E+01    0.14155E+03
    0.22026E+01    0.13765E+03
    0.22471E+01    0.13384E+03
    0.22925E+01    0.13012E+03
    0.23388E+01    0.12651E+03
