  0.101855E-04  0.190737E+08  0.190737E+08  0.254181E+08  0.254177E+08  0.190759E+08  0.190737E+08  0.190737E+08  0.213917E+08 -0.483426E+00  0.947314E+07  0.947314E+07  0.622486E+01
  0.112568E-04  0.190738E+08  0.190738E+08  0.254153E+08  0.254148E+08  0.190760E+08  0.190738E+08  0.190738E+08  0.213909E+08 -0.483425E+00  0.947314E+07  0.947314E+07  0.687941E+01
  0.124408E-04  0.190739E+08  0.190739E+08  0.254118E+08  0.254112E+08  0.190762E+08  0.190739E+08  0.190739E+08  0.213900E+08 -0.483425E+00  0.947313E+07  0.947313E+07  0.760272E+01
  0.137494E-04  0.190740E+08  0.190740E+08  0.254076E+08  0.254068E+08  0.190763E+08  0.190740E+08  0.190740E+08  0.213888E+08 -0.483425E+00  0.947313E+07  0.947313E+07  0.840202E+01
  0.151956E-04  0.190742E+08  0.190742E+08  0.254024E+08  0.254015E+08  0.190765E+08  0.190742E+08  0.190742E+08  0.213874E+08 -0.483425E+00  0.947312E+07  0.947312E+07  0.928525E+01
  0.167939E-04  0.190744E+08  0.190744E+08  0.253961E+08  0.253949E+08  0.190767E+08  0.190745E+08  0.190744E+08  0.213856E+08 -0.483424E+00  0.947312E+07  0.947312E+07  0.102612E+02
  0.185603E-04  0.190747E+08  0.190747E+08  0.253883E+08  0.253870E+08  0.190769E+08  0.190747E+08  0.190747E+08  0.213835E+08 -0.483424E+00  0.947311E+07  0.947311E+07  0.113396E+02
  0.205126E-04  0.190751E+08  0.190751E+08  0.253789E+08  0.253772E+08  0.190772E+08  0.190751E+08  0.190751E+08  0.213809E+08 -0.483423E+00  0.947310E+07  0.947310E+07  0.125310E+02
  0.226702E-04  0.190755E+08  0.190755E+08  0.253674E+08  0.253654E+08  0.190776E+08  0.190755E+08  0.190755E+08  0.213777E+08 -0.483422E+00  0.947308E+07  0.947308E+07  0.138474E+02
  0.250547E-04  0.190760E+08  0.190760E+08  0.253534E+08  0.253509E+08  0.190780E+08  0.190760E+08  0.190760E+08  0.213738E+08 -0.483421E+00  0.947307E+07  0.947307E+07  0.153016E+02
  0.276900E-04  0.190766E+08  0.190766E+08  0.253362E+08  0.253332E+08  0.190786E+08  0.190766E+08  0.190766E+08  0.213691E+08 -0.483420E+00  0.947305E+07  0.947305E+07  0.169079E+02
  0.306026E-04  0.190773E+08  0.190773E+08  0.253153E+08  0.253116E+08  0.190793E+08  0.190773E+08  0.190773E+08  0.213634E+08 -0.483418E+00  0.947303E+07  0.947302E+07  0.186822E+02
  0.338214E-04  0.190782E+08  0.190782E+08  0.252897E+08  0.252852E+08  0.190801E+08  0.190782E+08  0.190782E+08  0.213564E+08 -0.483416E+00  0.947300E+07  0.947300E+07  0.206415E+02
  0.373789E-04  0.190793E+08  0.190793E+08  0.252586E+08  0.252530E+08  0.190811E+08  0.190793E+08  0.190793E+08  0.213479E+08 -0.483414E+00  0.947296E+07  0.947296E+07  0.228050E+02
  0.413105E-04  0.190807E+08  0.190807E+08  0.252205E+08  0.252138E+08  0.190823E+08  0.190807E+08  0.190807E+08  0.213376E+08 -0.483410E+00  0.947292E+07  0.947291E+07  0.251934E+02
  0.456557E-04  0.190823E+08  0.190823E+08  0.251741E+08  0.251659E+08  0.190838E+08  0.190823E+08  0.190823E+08  0.213250E+08 -0.483406E+00  0.947286E+07  0.947286E+07  0.278294E+02
  0.504579E-04  0.190843E+08  0.190843E+08  0.251176E+08  0.251075E+08  0.190856E+08  0.190843E+08  0.190843E+08  0.213097E+08 -0.483401E+00  0.947280E+07  0.947279E+07  0.307377E+02
  0.557652E-04  0.190867E+08  0.190867E+08  0.250486E+08  0.250364E+08  0.190877E+08  0.190867E+08  0.190867E+08  0.212913E+08 -0.483394E+00  0.947271E+07  0.947271E+07  0.339454E+02
  0.616308E-04  0.190896E+08  0.190896E+08  0.249646E+08  0.249497E+08  0.190904E+08  0.190896E+08  0.190896E+08  0.212689E+08 -0.483386E+00  0.947261E+07  0.947260E+07  0.374817E+02
  0.681133E-04  0.190931E+08  0.190930E+08  0.248624E+08  0.248442E+08  0.190935E+08  0.190931E+08  0.190931E+08  0.212419E+08 -0.483375E+00  0.947248E+07  0.947247E+07  0.413780E+02
  0.752777E-04  0.190973E+08  0.190973E+08  0.247379E+08  0.247158E+08  0.190973E+08  0.190973E+08  0.190973E+08  0.212094E+08 -0.483360E+00  0.947231E+07  0.947230E+07  0.456681E+02
  0.831957E-04  0.191023E+08  0.191023E+08  0.245867E+08  0.245598E+08  0.191018E+08  0.191023E+08  0.191023E+08  0.211705E+08 -0.483340E+00  0.947210E+07  0.947209E+07  0.503879E+02
  0.919465E-04  0.191084E+08  0.191083E+08  0.244030E+08  0.243703E+08  0.191073E+08  0.191084E+08  0.191084E+08  0.211238E+08 -0.483314E+00  0.947184E+07  0.947182E+07  0.555752E+02
  0.101618E-03  0.191156E+08  0.191155E+08  0.241802E+08  0.241406E+08  0.191137E+08  0.191155E+08  0.191156E+08  0.210684E+08 -0.483278E+00  0.947150E+07  0.947148E+07  0.612691E+02
  0.112306E-03  0.191241E+08  0.191240E+08  0.239105E+08  0.238626E+08  0.191212E+08  0.191240E+08  0.191240E+08  0.210026E+08 -0.483231E+00  0.947107E+07  0.947105E+07  0.675096E+02
  0.124119E-03  0.191340E+08  0.191340E+08  0.235846E+08  0.235267E+08  0.191301E+08  0.191340E+08  0.191340E+08  0.209253E+08 -0.483166E+00  0.947051E+07  0.947048E+07  0.743364E+02
  0.137174E-03  0.191457E+08  0.191456E+08  0.231917E+08  0.231219E+08  0.191403E+08  0.191456E+08  0.191457E+08  0.208350E+08 -0.483077E+00  0.946979E+07  0.946975E+07  0.817876E+02
  0.151603E-03  0.191591E+08  0.191590E+08  0.227196E+08  0.226357E+08  0.191520E+08  0.191590E+08  0.191591E+08  0.207304E+08 -0.482957E+00  0.946884E+07  0.946880E+07  0.898973E+02
  0.167549E-03  0.191744E+08  0.191742E+08  0.221543E+08  0.220539E+08  0.191653E+08  0.191743E+08  0.191744E+08  0.206106E+08 -0.482792E+00  0.946761E+07  0.946756E+07  0.986933E+02
  0.185172E-03  0.191915E+08  0.191913E+08  0.214806E+08  0.213610E+08  0.191799E+08  0.191914E+08  0.191915E+08  0.204750E+08 -0.482567E+00  0.946600E+07  0.946594E+07  0.108193E+03
  0.204649E-03  0.192104E+08  0.192102E+08  0.206824E+08  0.205406E+08  0.191957E+08  0.192103E+08  0.192104E+08  0.203237E+08 -0.482263E+00  0.946389E+07  0.946381E+07  0.118399E+03
  0.226175E-03  0.192308E+08  0.192305E+08  0.197435E+08  0.195765E+08  0.192123E+08  0.192307E+08  0.192308E+08  0.201573E+08 -0.481854E+00  0.946112E+07  0.946103E+07  0.129292E+03
  0.249964E-03  0.192522E+08  0.192518E+08  0.186486E+08  0.184537E+08  0.192291E+08  0.192520E+08  0.192521E+08  0.199777E+08 -0.481308E+00  0.945752E+07  0.945741E+07  0.140824E+03
  0.276256E-03  0.192738E+08  0.192734E+08  0.173862E+08  0.171610E+08  0.192452E+08  0.192736E+08  0.192738E+08  0.197877E+08 -0.480587E+00  0.945284E+07  0.945272E+07  0.152911E+03
  0.305314E-03  0.192948E+08  0.192942E+08  0.159505E+08  0.156936E+08  0.192593E+08  0.192945E+08  0.192947E+08  0.195910E+08 -0.479650E+00  0.944683E+07  0.944668E+07  0.165418E+03
  0.337428E-03  0.193138E+08  0.193131E+08  0.143460E+08  0.140575E+08  0.192700E+08  0.193135E+08  0.193137E+08  0.193923E+08 -0.478450E+00  0.943918E+07  0.943900E+07  0.178154E+03
  0.372920E-03  0.193295E+08  0.193287E+08  0.125914E+08  0.122738E+08  0.192756E+08  0.193291E+08  0.193294E+08  0.191967E+08 -0.476942E+00  0.942958E+07  0.942936E+07  0.190855E+03
  0.412145E-03  0.193403E+08  0.193393E+08  0.107247E+08  0.103836E+08  0.192741E+08  0.193398E+08  0.193401E+08  0.190096E+08 -0.475083E+00  0.941769E+07  0.941744E+07  0.203185E+03
  0.455495E-03  0.193446E+08  0.193435E+08  0.880719E+07  0.845190E+07  0.192635E+08  0.193440E+08  0.193444E+08  0.188359E+08 -0.472842E+00  0.940322E+07  0.940293E+07  0.214725E+03
  0.503406E-03  0.193411E+08  0.193398E+08  0.692364E+07  0.656788E+07  0.192419E+08  0.193404E+08  0.193409E+08  0.186799E+08 -0.470201E+00  0.938594E+07  0.938560E+07  0.224990E+03
  0.556356E-03  0.193287E+08  0.193271E+08  0.517799E+07  0.483922E+07  0.192075E+08  0.193278E+08  0.193284E+08  0.185445E+08 -0.467165E+00  0.936571E+07  0.936532E+07  0.233446E+03
  0.614875E-03  0.193066E+08  0.193047E+08  0.367945E+07  0.337719E+07  0.191588E+08  0.193056E+08  0.193062E+08  0.184314E+08 -0.463761E+00  0.934248E+07  0.934204E+07  0.239553E+03
  0.679550E-03  0.192745E+08  0.192724E+08  0.251865E+07  0.227104E+07  0.190947E+08  0.192733E+08  0.192742E+08  0.183409E+08 -0.460041E+00  0.931635E+07  0.931586E+07  0.242824E+03
  0.751027E-03  0.192328E+08  0.192303E+08  0.173637E+07  0.155525E+07  0.190144E+08  0.192313E+08  0.192323E+08  0.182717E+08 -0.456077E+00  0.928752E+07  0.928697E+07  0.242892E+03
  0.830023E-03  0.191819E+08  0.191791E+08  0.129602E+07  0.118165E+07  0.189172E+08  0.191802E+08  0.191814E+08  0.182214E+08 -0.451956E+00  0.925627E+07  0.925568E+07  0.239580E+03
  0.917327E-03  0.191227E+08  0.191197E+08  0.107963E+07  0.101778E+07  0.188027E+08  0.191207E+08  0.191222E+08  0.181867E+08 -0.447769E+00  0.922292E+07  0.922228E+07  0.232930E+03
  0.101381E-02  0.190563E+08  0.190529E+08  0.928050E+06  0.892686E+06  0.186703E+08  0.190539E+08  0.190557E+08  0.181640E+08 -0.443600E+00  0.918776E+07  0.918708E+07  0.223197E+03
  0.112045E-02  0.189834E+08  0.189798E+08  0.724367E+06  0.687409E+06  0.185194E+08  0.189806E+08  0.189828E+08  0.181489E+08 -0.439522E+00  0.915096E+07  0.915026E+07  0.210786E+03
  0.123830E-02  0.189047E+08  0.189009E+08  0.471528E+06  0.415981E+06  0.183489E+08  0.189014E+08  0.189040E+08  0.181375E+08 -0.435583E+00  0.911260E+07  0.911187E+07  0.196189E+03
  0.136855E-02  0.188205E+08  0.188165E+08  0.276601E+06  0.203512E+06  0.181584E+08  0.188167E+08  0.188198E+08  0.181257E+08 -0.431809E+00  0.907255E+07  0.907181E+07  0.179975E+03
  0.151250E-02  0.187307E+08  0.187267E+08  0.211128E+06  0.132929E+06  0.179467E+08  0.187263E+08  0.187300E+08  0.181098E+08 -0.428198E+00  0.903052E+07  0.902978E+07  0.162856E+03
  0.167159E-02  0.186349E+08  0.186309E+08  0.195082E+06 -0.215267E+06  0.177124E+08  0.186299E+08  0.186343E+08  0.180866E+08 -0.424728E+00  0.898607E+07  0.898534E+07  0.145707E+03
  0.184741E-02  0.185324E+08  0.185283E+08  0.116790E+06 -0.173136E+06  0.174545E+08  0.185266E+08  0.185317E+08  0.180530E+08 -0.421355E+00  0.893859E+07  0.893788E+07  0.129438E+03
  0.204173E-02  0.184219E+08  0.184178E+08  0.385637E+05 -0.139594E+06  0.171723E+08  0.184153E+08  0.184212E+08  0.180066E+08 -0.418023E+00  0.888740E+07  0.888669E+07  0.114761E+03
  0.225649E-02  0.183022E+08  0.182981E+08  0.448897E+05 -0.112768E+06  0.168654E+08  0.182947E+08  0.183015E+08  0.179451E+08 -0.414667E+00  0.883171E+07  0.883102E+07  0.102101E+03
  0.249383E-02  0.181718E+08  0.181676E+08  0.318019E+05 -0.912220E+05  0.165335E+08  0.181634E+08  0.181711E+08  0.178667E+08 -0.411222E+00  0.877072E+07  0.877004E+07  0.915595E+02
  0.275614E-02  0.180292E+08  0.180248E+08  0.446938E+04 -0.738541E+05  0.161765E+08  0.180197E+08  0.180284E+08  0.177697E+08 -0.407621E+00  0.870363E+07  0.870294E+07  0.827916E+02
  0.304604E-02  0.178727E+08  0.178681E+08  0.113301E+05 -0.598137E+05  0.157942E+08  0.178621E+08  0.178719E+08  0.176528E+08 -0.403801E+00  0.862961E+07  0.862893E+07  0.751462E+02
  0.336643E-02  0.177007E+08  0.176959E+08 -0.752856E+04 -0.484384E+05  0.153857E+08  0.176890E+08  0.176999E+08  0.175148E+08 -0.399705E+00  0.854790E+07  0.854721E+07  0.680254E+02
  0.372053E-02  0.175118E+08  0.175067E+08 -0.517519E+04 -0.392087E+05  0.149498E+08  0.174988E+08  0.175110E+08  0.173546E+08 -0.395278E+00  0.845772E+07  0.845704E+07  0.611627E+02
  0.411186E-02  0.173043E+08  0.172989E+08 -0.882563E+04 -0.317132E+05  0.144855E+08  0.172901E+08  0.173034E+08  0.171712E+08 -0.390471E+00  0.835836E+07  0.835768E+07  0.547479E+02
  0.454436E-02  0.170767E+08  0.170709E+08 -0.705931E+04 -0.255807E+05  0.139919E+08  0.170612E+08  0.170758E+08  0.169620E+08 -0.385167E+00  0.824830E+07  0.824763E+07  0.490884E+02
  0.502235E-02  0.168277E+08  0.168214E+08 -0.235412E+04 -0.206382E+05  0.134704E+08  0.168108E+08  0.168266E+08  0.167266E+08 -0.379441E+00  0.812870E+07  0.812803E+07  0.442025E+02
  0.555062E-02  0.165557E+08  0.165488E+08 -0.332717E+04 -0.166388E+05  0.129200E+08  0.165374E+08  0.165546E+08  0.164695E+08 -0.373270E+00  0.799767E+07  0.799701E+07  0.398020E+02
  0.613446E-02  0.162598E+08  0.162522E+08 -0.336540E+04 -0.133894E+05  0.123090E+08  0.162399E+08  0.162586E+08  0.161852E+08 -0.366555E+00  0.785483E+07  0.785417E+07  0.357186E+02
  0.677970E-02  0.159376E+08  0.159291E+08 -0.416967E+04 -0.107521E+05  0.116862E+08  0.159161E+08  0.159362E+08  0.158722E+08 -0.359247E+00  0.769911E+07  0.769846E+07  0.320723E+02
  0.749281E-02  0.155882E+08  0.155787E+08 -0.350861E+04 -0.861485E+04  0.110387E+08  0.155651E+08  0.155866E+08  0.155299E+08 -0.351324E+00  0.753010E+07  0.752945E+07  0.288709E+02
  0.828093E-02  0.152102E+08  0.151994E+08 -0.195088E+04 -0.688555E+04  0.103766E+08  0.151855E+08  0.152084E+08  0.151574E+08 -0.342757E+00  0.734716E+07  0.734652E+07  0.259712E+02
  0.915194E-02  0.148024E+08  0.147901E+08 -0.377684E+04 -0.548862E+04  0.970095E+07  0.147762E+08  0.148003E+08  0.147538E+08 -0.333517E+00  0.714973E+07  0.714909E+07  0.233878E+02
  0.101146E-01  0.143636E+08  0.143496E+08 -0.227794E+04 -0.436218E+04  0.901057E+07  0.143359E+08  0.143612E+08  0.143181E+08 -0.323579E+00  0.693726E+07  0.693662E+07  0.210968E+02
  0.111785E-01  0.138925E+08  0.138765E+08 -0.243506E+04 -0.345554E+04  0.831158E+07  0.138634E+08  0.138898E+08  0.138493E+08 -0.312915E+00  0.670915E+07  0.670852E+07  0.190517E+02
  0.123542E-01  0.133881E+08  0.133697E+08 -0.202217E+04 -0.272730E+04  0.761194E+07  0.133577E+08  0.133850E+08  0.133466E+08 -0.301500E+00  0.646488E+07  0.646425E+07  0.172394E+02
  0.136537E-01  0.128494E+08  0.128283E+08 -0.162543E+04 -0.214371E+04  0.691805E+07  0.128178E+08  0.128459E+08  0.128091E+08 -0.289314E+00  0.620405E+07  0.620341E+07  0.156270E+02
  0.150898E-01  0.122759E+08  0.122518E+08 -0.119234E+04 -0.167725E+04  0.623203E+07  0.122433E+08  0.122719E+08  0.122365E+08 -0.276347E+00  0.592640E+07  0.592576E+07  0.141903E+02
  0.166770E-01  0.116810E+08  0.116535E+08 -0.995214E+03 -0.130699E+04  0.556980E+07  0.116474E+08  0.116763E+08  0.116421E+08 -0.262897E+00  0.563838E+07  0.563774E+07  0.129144E+02
  0.184312E-01  0.110419E+08  0.110107E+08 -0.818077E+03 -0.101177E+04  0.492440E+07  0.110078E+08  0.110367E+08  0.110036E+08 -0.248459E+00  0.532908E+07  0.532843E+07  0.117529E+02
  0.203698E-01  0.103722E+08  0.103371E+08 -0.555082E+03 -0.778289E+03  0.430806E+07  0.103376E+08  0.103663E+08  0.103344E+08 -0.233333E+00  0.500500E+07  0.500434E+07  0.106890E+02
  0.225124E-01  0.966646E+07  0.962757E+07 -0.392423E+03 -0.593969E+03  0.372298E+07  0.963184E+07  0.965993E+07  0.962942E+07 -0.217402E+00  0.466361E+07  0.466296E+07  0.969090E+01
  0.248803E-01  0.894958E+07  0.890703E+07 -0.332733E+03 -0.450313E+03  0.318254E+07  0.891517E+07  0.894243E+07  0.891334E+07 -0.201226E+00  0.431690E+07  0.431625E+07  0.874173E+01
  0.274973E-01  0.823001E+07  0.818438E+07 -0.205040E+03 -0.339095E+03  0.269040E+07  0.819616E+07  0.822234E+07  0.819479E+07 -0.184998E+00  0.396900E+07  0.396836E+07  0.781670E+01
  0.303896E-01  0.751124E+07  0.746351E+07 -0.237035E+03 -0.253417E+03  0.224742E+07  0.747835E+07  0.750323E+07  0.747732E+07 -0.168796E+00  0.362163E+07  0.362100E+07  0.689127E+01
  0.335861E-01  0.681290E+07  0.676451E+07 -0.127206E+03 -0.188217E+03  0.185765E+07  0.678136E+07  0.680477E+07  0.678060E+07 -0.153064E+00  0.328428E+07  0.328369E+07  0.595490E+01
  0.371188E-01  0.616038E+07  0.611323E+07 -0.115064E+03 -0.139362E+03  0.152421E+07  0.613056E+07  0.615246E+07  0.612999E+07 -0.138374E+00  0.296926E+07  0.296871E+07  0.500981E+01
  0.410230E-01  0.557023E+07  0.552649E+07 -0.734587E+02 -0.103190E+03  0.124527E+07  0.554245E+07  0.556288E+07  0.554203E+07 -0.125100E+00  0.268457E+07  0.268406E+07  0.407037E+01
  0.451254E-01  0.507693E+07  0.503843E+07  0.657500E+02 -0.777494E+02  0.102645E+07  0.505133E+07  0.507046E+07  0.505101E+07 -0.114015E+00  0.244680E+07  0.244636E+07  0.321017E+01
  0.492277E-01  0.469294E+07  0.466055E+07  0.510606E+02 -0.604081E+02  0.862821E+06  0.466941E+07  0.468751E+07  0.466916E+07 -0.105394E+00  0.226189E+07  0.226152E+07  0.249192E+01
  0.533300E-01  0.438415E+07  0.435785E+07  0.406410E+02 -0.481000E+02  0.736590E+06  0.436249E+07  0.437973E+07  0.436230E+07 -0.984668E-01  0.211329E+07  0.211298E+07  0.191971E+01
  0.574323E-01  0.412477E+07  0.410382E+07  0.329676E+02 -0.390317E+02  0.636085E+06  0.410476E+07  0.412126E+07  0.410460E+07 -0.926495E-01  0.198850E+07  0.198824E+07  0.148998E+01
  0.615346E-01  0.389516E+07  0.387830E+07  0.271180E+02 -0.321162E+02  0.553519E+06  0.387652E+07  0.389233E+07  0.387639E+07 -0.874979E-01  0.187798E+07  0.187776E+07  0.118976E+01
  0.656369E-01  0.367790E+07  0.366366E+07  0.225025E+02 -0.266579E+02  0.483326E+06  0.366040E+07  0.367551E+07  0.366030E+07 -0.826198E-01  0.177333E+07  0.177313E+07  0.997655E+00
  0.697392E-01  0.346211E+07  0.344902E+07  0.187603E+02 -0.222312E+02  0.422098E+06  0.344554E+07  0.345991E+07  0.344545E+07 -0.777700E-01  0.166927E+07  0.166908E+07  0.887747E+00
  0.738415E-01  0.324966E+07  0.323652E+07  0.157033E+02 -0.186140E+02  0.368671E+06  0.323383E+07  0.324745E+07  0.323375E+07 -0.729915E-01  0.156674E+07  0.156655E+07  0.834117E+00
  0.779438E-01  0.303431E+07  0.302033E+07  0.131562E+02 -0.155993E+02  0.321194E+06  0.301914E+07  0.303197E+07  0.301907E+07 -0.681456E-01  0.146275E+07  0.146256E+07  0.810031E+00
  0.820461E-01  0.282651E+07  0.281132E+07  0.110570E+02 -0.131138E+02  0.279874E+06  0.281192E+07  0.282396E+07  0.281187E+07 -0.634684E-01  0.136238E+07  0.136218E+07  0.795795E+00
  0.861484E-01  0.263223E+07  0.261594E+07  0.933686E+01 -0.110765E+02  0.244381E+06  0.261821E+07  0.262950E+07  0.261816E+07 -0.590962E-01  0.126855E+07  0.126835E+07  0.776515E+00
  0.912457E-01  0.241730E+07  0.240025E+07  0.764076E+01 -0.906690E+01  0.207805E+06  0.240400E+07  0.241444E+07  0.240396E+07 -0.542611E-01  0.116478E+07  0.116458E+07  0.733161E+00
  0.963430E-01  0.223839E+07  0.222158E+07  0.634501E+01 -0.753095E+01  0.178743E+06  0.222583E+07  0.223556E+07  0.222580E+07 -0.502397E-01  0.107848E+07  0.107828E+07  0.665233E+00
  0.101440E+00  0.209769E+07  0.208213E+07  0.536319E+01 -0.636661E+01  0.156057E+06  0.208590E+07  0.209508E+07  0.208587E+07 -0.470813E-01  0.101069E+07  0.101051E+07  0.579136E+00
  0.106538E+00  0.198982E+07  0.197622E+07  0.461242E+01 -0.547595E+01  0.138288E+06  0.197879E+07  0.198754E+07  0.197877E+07 -0.446637E-01  0.958800E+06  0.958644E+06  0.486575E+00
  0.111635E+00  0.190421E+07  0.189282E+07  0.402052E+01 -0.477357E+01  0.123935E+06  0.189388E+07  0.190230E+07  0.189386E+07 -0.427472E-01  0.917666E+06  0.917532E+06  0.399959E+00
  0.116732E+00  0.182929E+07  0.181993E+07  0.353280E+01 -0.419476E+01  0.111751E+06  0.181960E+07  0.182772E+07  0.181958E+07 -0.410706E-01  0.881680E+06  0.881565E+06  0.328934E+00
  0.121830E+00  0.175588E+07  0.174802E+07  0.311341E+01 -0.369706E+01  0.100891E+06  0.174673E+07  0.175456E+07  0.174672E+07 -0.394259E-01  0.846380E+06  0.846278E+06  0.278449E+00
  0.126927E+00  0.167845E+07  0.167139E+07  0.274185E+01 -0.325615E+01  0.908821E+05  0.166976E+07  0.167726E+07  0.166974E+07 -0.376884E-01  0.809087E+06  0.808992E+06  0.248402E+00
  0.132024E+00  0.159539E+07  0.158845E+07  0.240857E+01 -0.286069E+01  0.815487E+05  0.158706E+07  0.159422E+07  0.158705E+07 -0.358220E-01  0.769024E+06  0.768931E+06  0.234626E+00
  0.137122E+00  0.150835E+07  0.150107E+07  0.211067E+01 -0.250719E+01  0.729048E+05  0.150034E+07  0.150713E+07  0.150033E+07 -0.338645E-01  0.727008E+06  0.726914E+06  0.230693E+00
  0.142219E+00  0.142115E+07  0.141333E+07  0.184827E+01 -0.219580E+01  0.650553E+05  0.141343E+07  0.141984E+07  0.141342E+07 -0.319028E-01  0.684899E+06  0.684801E+06  0.229895E+00
  0.147316E+00  0.133869E+07  0.133038E+07  0.162229E+01 -0.192758E+01  0.581258E+05  0.133124E+07  0.133729E+07  0.133123E+07 -0.300477E-01  0.645078E+06  0.644978E+06  0.226873E+00
  0.152414E+00  0.126560E+07  0.125710E+07  0.143263E+01 -0.170241E+01  0.521999E+05  0.125844E+07  0.126417E+07  0.125843E+07 -0.284045E-01  0.609806E+06  0.609706E+06  0.218559E+00
  0.157511E+00  0.120454E+07  0.119620E+07  0.127658E+01 -0.151710E+01  0.472595E+05  0.119767E+07  0.120314E+07  0.119767E+07 -0.270329E-01  0.580363E+06  0.580267E+06  0.204317E+00
  0.162608E+00  0.115521E+07  0.114738E+07  0.114874E+01 -0.136523E+01  0.431720E+05  0.114864E+07  0.115389E+07  0.114863E+07 -0.259262E-01  0.556605E+06  0.556514E+06  0.185476E+00
  0.167706E+00  0.111517E+07  0.110809E+07  0.104261E+01 -0.123913E+01  0.397472E+05  0.110890E+07  0.111398E+07  0.110889E+07 -0.250292E-01  0.537350E+06  0.537267E+06  0.164561E+00
  0.172803E+00  0.108125E+07  0.107499E+07  0.952226E+00 -0.113171E+01  0.367978E+05  0.107526E+07  0.108020E+07  0.107526E+07 -0.242699E-01  0.521050E+06  0.520976E+06  0.144391E+00
  0.177900E+00  0.105012E+07  0.104461E+07  0.872656E+00 -0.103716E+01  0.341619E+05  0.104439E+07  0.104920E+07  0.104439E+07 -0.235732E-01  0.506095E+06  0.506027E+06  0.127280E+00
  0.182998E+00  0.101869E+07  0.101372E+07  0.800072E+00 -0.950908E+00  0.317094E+05  0.101319E+07  0.101785E+07  0.101318E+07 -0.228688E-01  0.490973E+06  0.490910E+06  0.114519E+00
  0.188095E+00  0.984865E+06  0.980210E+06  0.732156E+00 -0.870219E+00  0.293619E+05  0.979565E+06  0.984083E+06  0.979561E+06 -0.221100E-01  0.474682E+06  0.474622E+06  0.106262E+00
  0.193192E+00  0.948328E+06  0.943747E+06  0.668249E+00 -0.794303E+00  0.271032E+05  0.943203E+06  0.947559E+06  0.943200E+06 -0.212892E-01  0.457063E+06  0.457005E+06  0.101718E+00
  0.198290E+00  0.910190E+06  0.905519E+06  0.608766E+00 -0.723647E+00  0.249589E+05  0.905220E+06  0.909406E+06  0.905217E+06 -0.204319E-01  0.438659E+06  0.438600E+06  0.995221E-01
  0.203387E+00  0.872125E+06  0.867293E+06  0.554372E+00 -0.659034E+00  0.229652E+05  0.867299E+06  0.871314E+06  0.867296E+06 -0.195760E-01  0.420285E+06  0.420225E+06  0.981504E-01
  0.208484E+00  0.835832E+06  0.830864E+06  0.505584E+00 -0.601074E+00  0.211529E+05  0.831147E+06  0.834998E+06  0.831144E+06 -0.187600E-01  0.402767E+06  0.402707E+06  0.963095E-01
  0.213582E+00  0.802795E+06  0.797785E+06  0.462659E+00 -0.550071E+00  0.195419E+05  0.798251E+06  0.801954E+06  0.798249E+06 -0.180175E-01  0.386828E+06  0.386768E+06  0.932018E-01
  0.218679E+00  0.773944E+06  0.769022E+06  0.425462E+00 -0.505865E+00  0.181354E+05  0.769545E+06  0.773118E+06  0.769543E+06 -0.173696E-01  0.372918E+06  0.372860E+06  0.886079E-01
  0.223776E+00  0.749359E+06  0.744648E+06  0.393393E+00 -0.467746E+00  0.169158E+05  0.745105E+06  0.748568E+06  0.745104E+06 -0.168179E-01  0.361075E+06  0.361020E+06  0.828072E-01
  0.228874E+00  0.728336E+06  0.723921E+06  0.365528E+00 -0.434617E+00  0.158503E+05  0.724226E+06  0.727594E+06  0.724224E+06 -0.163467E-01  0.350958E+06  0.350905E+06  0.763991E-01
  0.233971E+00  0.709724E+06  0.705639E+06  0.340855E+00 -0.405281E+00  0.149003E+05  0.705753E+06  0.709038E+06  0.705751E+06 -0.159297E-01  0.342006E+06  0.341957E+06  0.700882E-01
  0.239068E+00  0.692249E+06  0.688471E+06  0.318452E+00 -0.378645E+00  0.140298E+05  0.688408E+06  0.691614E+06  0.688406E+06 -0.155382E-01  0.333601E+06  0.333555E+06  0.644858E-01
  0.244166E+00  0.674789E+06  0.671253E+06  0.297605E+00 -0.353860E+00  0.132101E+05  0.671067E+06  0.674195E+06  0.671066E+06 -0.151468E-01  0.325198E+06  0.325154E+06  0.599738E-01
  0.249263E+00  0.656648E+06  0.653268E+06  0.277882E+00 -0.330415E+00  0.124243E+05  0.653034E+06  0.656080E+06  0.653033E+06 -0.147398E-01  0.316460E+06  0.316418E+06  0.566527E-01
  0.254360E+00  0.637684E+06  0.634377E+06  0.259144E+00 -0.308142E+00  0.116678E+05  0.634168E+06  0.637128E+06  0.634167E+06 -0.143140E-01  0.307318E+06  0.307277E+06  0.543696E-01
  0.259458E+00  0.618200E+06  0.614904E+06  0.241440E+00 -0.287101E+00  0.109444E+05  0.614776E+06  0.617647E+06  0.614774E+06 -0.138762E-01  0.297921E+06  0.297880E+06  0.527988E-01
  0.264555E+00  0.598741E+06  0.595423E+06  0.224903E+00 -0.267446E+00  0.102616E+05  0.595402E+06  0.598184E+06  0.595401E+06 -0.134389E-01  0.288533E+06  0.288492E+06  0.515495E-01
  0.269652E+00  0.579931E+06  0.576595E+06  0.209667E+00 -0.249337E+00  0.962699E+04  0.576675E+06  0.579371E+06  0.576674E+06 -0.130163E-01  0.279459E+06  0.279418E+06  0.502695E-01
  0.274750E+00  0.562346E+06  0.559020E+06  0.195827E+00 -0.232884E+00  0.904651E+04  0.559172E+06  0.561788E+06  0.559171E+06 -0.126212E-01  0.270977E+06  0.270937E+06  0.487202E-01
  0.279847E+00  0.546354E+06  0.543081E+06  0.183385E+00 -0.218093E+00  0.852185E+04  0.543262E+06  0.545804E+06  0.543261E+06 -0.122621E-01  0.263267E+06  0.263228E+06  0.468079E-01
  0.284944E+00  0.532018E+06  0.528840E+06  0.172240E+00 -0.204842E+00  0.804973E+04  0.529007E+06  0.531484E+06  0.529006E+06 -0.119403E-01  0.256360E+06  0.256322E+06  0.445751E-01
  0.290042E+00  0.519120E+06  0.516070E+06  0.162212E+00 -0.192916E+00  0.762297E+04  0.516190E+06  0.518608E+06  0.516189E+06 -0.116510E-01  0.250149E+06  0.250112E+06  0.421616E-01
  0.295139E+00  0.507286E+06  0.504380E+06  0.153089E+00 -0.182068E+00  0.723282E+04  0.504434E+06  0.506798E+06  0.504433E+06 -0.113857E-01  0.244452E+06  0.244417E+06  0.397510E-01
  0.300236E+00  0.496088E+06  0.493319E+06  0.144673E+00 -0.172059E+00  0.687068E+04  0.493310E+06  0.495623E+06  0.493309E+06 -0.111346E-01  0.239061E+06  0.239027E+06  0.375162E-01
  0.305333E+00  0.485123E+06  0.482473E+06  0.136794E+00 -0.162689E+00  0.652921E+04  0.482415E+06  0.484678E+06  0.482415E+06 -0.108887E-01  0.233782E+06  0.233749E+06  0.355775E-01
  0.310431E+00  0.474103E+06  0.471542E+06  0.129333E+00 -0.153817E+00  0.620327E+04  0.471460E+06  0.473673E+06  0.471460E+06 -0.106414E-01  0.228473E+06  0.228442E+06  0.339823E-01
  0.315528E+00  0.462912E+06  0.460410E+06  0.122232E+00 -0.145373E+00  0.589052E+04  0.460331E+06  0.462492E+06  0.460330E+06 -0.103902E-01  0.223080E+06  0.223049E+06  0.327076E-01
  0.320625E+00  0.451615E+06  0.449148E+06  0.115485E+00 -0.137351E+00  0.559104E+04  0.449092E+06  0.451200E+06  0.449091E+06 -0.101365E-01  0.217634E+06  0.217603E+06  0.316768E-01
  0.325723E+00  0.440392E+06  0.437945E+06  0.109115E+00 -0.129778E+00  0.530632E+04  0.437924E+06  0.439981E+06  0.437923E+06 -0.988447E-02  0.212222E+06  0.212192E+06  0.307871E-01
  0.330820E+00  0.429460E+06  0.427031E+06  0.103150E+00 -0.122685E+00  0.503806E+04  0.427046E+06  0.429052E+06  0.427045E+06 -0.963895E-02  0.206950E+06  0.206921E+06  0.299373E-01
  0.335917E+00  0.419017E+06  0.416612E+06  0.976077E-01 -0.116096E+00  0.478757E+04  0.416655E+06  0.418614E+06  0.416655E+06 -0.940442E-02  0.201915E+06  0.201886E+06  0.290505E-01
  0.341015E+00  0.409198E+06  0.406829E+06  0.924904E-01 -0.110010E+00  0.455523E+04  0.406887E+06  0.408800E+06  0.406886E+06 -0.918393E-02  0.197182E+06  0.197153E+06  0.280871E-01
  0.346112E+00  0.400051E+06  0.397733E+06  0.877785E-01 -0.104407E+00  0.434044E+04  0.397790E+06  0.399661E+06  0.397790E+06 -0.897862E-02  0.192774E+06  0.192746E+06  0.270463E-01
  0.351209E+00  0.391533E+06  0.389278E+06  0.834343E-01 -0.992405E-01  0.414167E+04  0.389323E+06  0.391155E+06  0.389323E+06 -0.878750E-02  0.188670E+06  0.188643E+06  0.259576E-01
  0.356307E+00  0.383531E+06  0.381346E+06  0.794080E-01 -0.944519E-01  0.395671E+04  0.381370E+06  0.383164E+06  0.381369E+06 -0.860798E-02  0.184816E+06  0.184790E+06  0.248678E-01
  0.361404E+00  0.375897E+06  0.373780E+06  0.756482E-01 -0.899800E-01  0.378324E+04  0.373782E+06  0.375541E+06  0.373782E+06 -0.843672E-02  0.181139E+06  0.181113E+06  0.238257E-01
  0.366501E+00  0.368487E+06  0.366434E+06  0.721092E-01 -0.857709E-01  0.361919E+04  0.366417E+06  0.368142E+06  0.366417E+06 -0.827049E-02  0.177570E+06  0.177545E+06  0.228699E-01
  0.371599E+00  0.361189E+06  0.359191E+06  0.687555E-01 -0.817823E-01  0.346293E+04  0.359162E+06  0.360854E+06  0.359162E+06 -0.810673E-02  0.174054E+06  0.174030E+06  0.220206E-01
  0.376696E+00  0.353936E+06  0.351981E+06  0.655635E-01 -0.779861E-01  0.331341E+04  0.351950E+06  0.353607E+06  0.351949E+06 -0.794393E-02  0.170559E+06  0.170535E+06  0.212778E-01
  0.381793E+00  0.346719E+06  0.344798E+06  0.625226E-01 -0.743698E-01  0.317023E+04  0.344772E+06  0.346397E+06  0.344772E+06 -0.778194E-02  0.167081E+06  0.167058E+06  0.206248E-01
  0.386891E+00  0.339591E+06  0.337697E+06  0.596334E-01 -0.709339E-01  0.303353E+04  0.337682E+06  0.339273E+06  0.337681E+06 -0.762189E-02  0.163645E+06  0.163622E+06  0.200350E-01
  0.391988E+00  0.332621E+06  0.330751E+06  0.568995E-01 -0.676826E-01  0.290360E+04  0.330748E+06  0.332307E+06  0.330748E+06 -0.746540E-02  0.160285E+06  0.160262E+06  0.194793E-01
  0.397085E+00  0.325874E+06  0.324029E+06  0.543225E-01 -0.646179E-01  0.278065E+04  0.324036E+06  0.325564E+06  0.324036E+06 -0.731390E-02  0.157032E+06  0.157010E+06  0.189328E-01
  0.402183E+00  0.319394E+06  0.317577E+06  0.519008E-01 -0.617377E-01  0.266468E+04  0.317591E+06  0.319089E+06  0.317591E+06 -0.716843E-02  0.153909E+06  0.153887E+06  0.183792E-01
  0.407280E+00  0.313209E+06  0.311424E+06  0.496295E-01 -0.590364E-01  0.255555E+04  0.311441E+06  0.312910E+06  0.311441E+06 -0.702960E-02  0.150929E+06  0.150907E+06  0.178135E-01
  0.412377E+00  0.307322E+06  0.305572E+06  0.475001E-01 -0.565036E-01  0.245290E+04  0.305586E+06  0.307028E+06  0.305586E+06 -0.689746E-02  0.148092E+06  0.148070E+06  0.172404E-01
  0.417475E+00  0.301700E+06  0.299990E+06  0.454995E-01 -0.541241E-01  0.235616E+04  0.299998E+06  0.301413E+06  0.299998E+06 -0.677132E-02  0.145383E+06  0.145362E+06  0.166707E-01
  0.422572E+00  0.296293E+06  0.294622E+06  0.436127E-01 -0.518798E-01  0.226463E+04  0.294623E+06  0.296013E+06  0.294622E+06 -0.664999E-02  0.142778E+06  0.142758E+06  0.161176E-01
  0.427669E+00  0.291049E+06  0.289415E+06  0.418257E-01 -0.497543E-01  0.217763E+04  0.289409E+06  0.290775E+06  0.289409E+06 -0.653231E-02  0.140252E+06  0.140232E+06  0.155927E-01
  0.432767E+00  0.285926E+06  0.284326E+06  0.401273E-01 -0.477340E-01  0.209465E+04  0.284315E+06  0.285657E+06  0.284315E+06 -0.641734E-02  0.137783E+06  0.137764E+06  0.151040E-01
  0.437864E+00  0.280894E+06  0.279326E+06  0.385086E-01 -0.458088E-01  0.201528E+04  0.279312E+06  0.280631E+06  0.279312E+06 -0.630442E-02  0.135359E+06  0.135340E+06  0.146537E-01
  0.442961E+00  0.275940E+06  0.274399E+06  0.369637E-01 -0.439712E-01  0.193925E+04  0.274386E+06  0.275681E+06  0.274386E+06 -0.619322E-02  0.132972E+06  0.132953E+06  0.142388E-01
  0.448059E+00  0.271066E+06  0.269548E+06  0.354890E-01 -0.422173E-01  0.186643E+04  0.269538E+06  0.270811E+06  0.269538E+06 -0.608380E-02  0.130622E+06  0.130604E+06  0.138528E-01
  0.453156E+00  0.266289E+06  0.264794E+06  0.340835E-01 -0.405455E-01  0.179678E+04  0.264787E+06  0.266038E+06  0.264787E+06 -0.597657E-02  0.128320E+06  0.128302E+06  0.134873E-01
  0.458253E+00  0.261633E+06  0.260159E+06  0.327465E-01 -0.389552E-01  0.173033E+04  0.260157E+06  0.261385E+06  0.260156E+06 -0.587205E-02  0.126076E+06  0.126058E+06  0.131344E-01
  0.463351E+00  0.257117E+06  0.255665E+06  0.314769E-01 -0.374452E-01  0.166704E+04  0.255665E+06  0.256873E+06  0.255665E+06 -0.577068E-02  0.123900E+06  0.123882E+06  0.127883E-01
  0.468448E+00  0.252750E+06  0.251321E+06  0.302724E-01 -0.360125E-01  0.160683E+04  0.251322E+06  0.252510E+06  0.251322E+06 -0.567266E-02  0.121795E+06  0.121778E+06  0.124457E-01
  0.473545E+00  0.248531E+06  0.247125E+06  0.291296E-01 -0.346532E-01  0.154955E+04  0.247127E+06  0.248295E+06  0.247127E+06 -0.557796E-02  0.119762E+06  0.119745E+06  0.121062E-01
  0.478643E+00  0.244452E+06  0.243071E+06  0.280446E-01 -0.333625E-01  0.149502E+04  0.243072E+06  0.244220E+06  0.243072E+06 -0.548643E-02  0.117797E+06  0.117780E+06  0.117717E-01
  0.483740E+00  0.240503E+06  0.239147E+06  0.270131E-01 -0.321355E-01  0.144306E+04  0.239145E+06  0.240276E+06  0.239145E+06 -0.539781E-02  0.115894E+06  0.115877E+06  0.114454E-01
  0.488837E+00  0.236669E+06  0.235337E+06  0.260309E-01 -0.309672E-01  0.139344E+04  0.235333E+06  0.236445E+06  0.235333E+06 -0.531175E-02  0.114046E+06  0.114030E+06  0.111309E-01
  0.493935E+00  0.232928E+06  0.231620E+06  0.250935E-01 -0.298521E-01  0.134596E+04  0.231614E+06  0.232709E+06  0.231614E+06 -0.522781E-02  0.112244E+06  0.112228E+06  0.108305E-01
  0.499032E+00  0.229266E+06  0.227980E+06  0.241969E-01 -0.287856E-01  0.130042E+04  0.227972E+06  0.229050E+06  0.227972E+06 -0.514561E-02  0.110479E+06  0.110463E+06  0.105455E-01
  0.504129E+00  0.225673E+06  0.224407E+06  0.233384E-01 -0.277644E-01  0.125671E+04  0.224399E+06  0.225460E+06  0.224399E+06 -0.506497E-02  0.108748E+06  0.108732E+06  0.102757E-01
  0.509227E+00  0.222150E+06  0.220904E+06  0.225164E-01 -0.267866E-01  0.121474E+04  0.220896E+06  0.221941E+06  0.220896E+06 -0.498590E-02  0.107050E+06  0.107035E+06  0.100196E-01
  0.514324E+00  0.218701E+06  0.217473E+06  0.217296E-01 -0.258506E-01  0.117446E+04  0.217466E+06  0.218495E+06  0.217466E+06 -0.490848E-02  0.105388E+06  0.105373E+06  0.977502E-02
  0.519421E+00  0.215328E+06  0.214117E+06  0.209765E-01 -0.249548E-01  0.113581E+04  0.214112E+06  0.215124E+06  0.214112E+06 -0.483276E-02  0.103762E+06  0.103748E+06  0.953951E-02
  0.524519E+00  0.212033E+06  0.210840E+06  0.202560E-01 -0.240978E-01  0.109876E+04  0.210836E+06  0.211833E+06  0.210836E+06 -0.475882E-02  0.102175E+06  0.102160E+06  0.931084E-02
  0.529616E+00  0.208823E+06  0.207647E+06  0.195671E-01 -0.232783E-01  0.106324E+04  0.207644E+06  0.208626E+06  0.207643E+06 -0.468677E-02  0.100628E+06  0.100613E+06  0.908755E-02
  0.534713E+00  0.205700E+06  0.204541E+06  0.189087E-01 -0.224951E-01  0.102923E+04  0.204538E+06  0.205506E+06  0.204538E+06 -0.461668E-02  0.991229E+05  0.991087E+05  0.886900E-02
  0.539811E+00  0.202662E+06  0.201520E+06  0.182792E-01 -0.217463E-01  0.996637E+03  0.201517E+06  0.202471E+06  0.201517E+06 -0.454849E-02  0.976590E+05  0.976450E+05  0.865522E-02
  0.544908E+00  0.199703E+06  0.198578E+06  0.176768E-01 -0.210297E-01  0.965382E+03  0.198574E+06  0.199514E+06  0.198574E+06 -0.448206E-02  0.962328E+05  0.962190E+05  0.844670E-02
  0.550005E+00  0.196815E+06  0.195708E+06  0.170998E-01 -0.203433E-01  0.935380E+03  0.195703E+06  0.196629E+06  0.195703E+06 -0.441726E-02  0.948414E+05  0.948278E+05  0.824423E-02
  0.555103E+00  0.193995E+06  0.192904E+06  0.165467E-01 -0.196853E-01  0.906561E+03  0.192899E+06  0.193812E+06  0.192899E+06 -0.435397E-02  0.934826E+05  0.934692E+05  0.804857E-02
  0.560200E+00  0.191238E+06  0.190164E+06  0.160160E-01 -0.190540E-01  0.878854E+03  0.190158E+06  0.191058E+06  0.190158E+06 -0.429210E-02  0.921541E+05  0.921409E+05  0.786020E-02
  0.593872E+00  0.174384E+06  0.173403E+06  0.129952E-01 -0.154604E-01  0.719966E+03  0.173398E+06  0.174219E+06  0.173398E+06 -0.391381E-02  0.840321E+05  0.840200E+05  0.677465E-02
  0.629853E+00  0.158858E+06  0.157965E+06  0.105242E-01 -0.125209E-01  0.588391E+03  0.157960E+06  0.158708E+06  0.157960E+06 -0.356535E-02  0.765506E+05  0.765396E+05  0.582225E-02
  0.879031E+00  0.928630E+05  0.923410E+05  0.315844E-02 -0.375793E-02  0.184069E+03  0.923371E+05  0.927753E+05  0.923371E+05 -0.208416E-02  0.447486E+05  0.447422E+05  0.246580E-02
  0.122679E+01  0.536286E+05  0.533271E+05  0.936451E-03 -0.111424E-02  0.560935E+02  0.533247E+05  0.535780E+05  0.533247E+05 -0.120360E-02  0.258424E+05  0.258386E+05  0.104261E-02
  0.171212E+01  0.306484E+05  0.304759E+05  0.274761E-03 -0.326938E-03  0.167431E+02  0.304746E+05  0.306194E+05  0.304746E+05 -0.687849E-03  0.147688E+05  0.147665E+05  0.444947E-03
  0.238945E+01  0.173583E+05  0.172605E+05  0.798928E-04 -0.950693E-04  0.491828E+01  0.172599E+05  0.173419E+05  0.172599E+05 -0.389576E-03  0.836457E+04  0.836317E+04  0.194879E-03
  0.333475E+01  0.975493E+04  0.969969E+04  0.230496E-04 -0.274303E-04  0.142722E+01  0.969954E+04  0.974566E+04  0.969954E+04 -0.218930E-03  0.470066E+04  0.469976E+04  0.897185E-04
  0.465402E+01  0.544491E+04  0.541382E+04  0.660455E-05 -0.786096E-05  0.410277E+00  0.541395E+04  0.543969E+04  0.541395E+04 -0.122199E-03  0.262375E+04  0.262313E+04  0.446502E-04
  0.649521E+01  0.302116E+04  0.300361E+04  0.188098E-05 -0.223945E-05  0.117066E+00  0.300393E+04  0.301821E+04  0.300393E+04 -0.678023E-04  0.145580E+04  0.145532E+04  0.245428E-04
