  0.994668E-05  0.202951E+08  0.202951E+08  0.270458E+08  0.270455E+08  0.202974E+08  0.202951E+08  0.202951E+08  0.203023E+08 -0.458529E+00  0.992969E+07  0.992969E+07  0.532614E+01
  0.109829E-04  0.202951E+08  0.202951E+08  0.270427E+08  0.270423E+08  0.202974E+08  0.202951E+08  0.202951E+08  0.203023E+08 -0.458529E+00  0.992968E+07  0.992968E+07  0.588082E+01
  0.121271E-04  0.202951E+08  0.202951E+08  0.270389E+08  0.270384E+08  0.202974E+08  0.202951E+08  0.202951E+08  0.203023E+08 -0.458529E+00  0.992968E+07  0.992968E+07  0.649322E+01
  0.133906E-04  0.202950E+08  0.202950E+08  0.270342E+08  0.270337E+08  0.202974E+08  0.202951E+08  0.202950E+08  0.203023E+08 -0.458528E+00  0.992968E+07  0.992968E+07  0.716932E+01
  0.147856E-04  0.202950E+08  0.202950E+08  0.270285E+08  0.270279E+08  0.202973E+08  0.202950E+08  0.202950E+08  0.203023E+08 -0.458528E+00  0.992967E+07  0.992967E+07  0.791573E+01
  0.163260E-04  0.202950E+08  0.202950E+08  0.270216E+08  0.270208E+08  0.202973E+08  0.202950E+08  0.202950E+08  0.203023E+08 -0.458528E+00  0.992966E+07  0.992966E+07  0.873972E+01
  0.180269E-04  0.202950E+08  0.202950E+08  0.270131E+08  0.270122E+08  0.202973E+08  0.202950E+08  0.202950E+08  0.203022E+08 -0.458527E+00  0.992966E+07  0.992966E+07  0.964933E+01
  0.199049E-04  0.202950E+08  0.202950E+08  0.270029E+08  0.270017E+08  0.202972E+08  0.202950E+08  0.202950E+08  0.203022E+08 -0.458527E+00  0.992964E+07  0.992964E+07  0.106534E+02
  0.219786E-04  0.202950E+08  0.202950E+08  0.269903E+08  0.269889E+08  0.202972E+08  0.202950E+08  0.202950E+08  0.203022E+08 -0.458526E+00  0.992963E+07  0.992963E+07  0.117616E+02
  0.242684E-04  0.202949E+08  0.202949E+08  0.269750E+08  0.269733E+08  0.202971E+08  0.202949E+08  0.202949E+08  0.203021E+08 -0.458525E+00  0.992962E+07  0.992962E+07  0.129848E+02
  0.267967E-04  0.202949E+08  0.202949E+08  0.269564E+08  0.269543E+08  0.202970E+08  0.202949E+08  0.202949E+08  0.203021E+08 -0.458524E+00  0.992960E+07  0.992960E+07  0.143346E+02
  0.295884E-04  0.202949E+08  0.202948E+08  0.269337E+08  0.269311E+08  0.202969E+08  0.202949E+08  0.202949E+08  0.203021E+08 -0.458523E+00  0.992958E+07  0.992958E+07  0.158240E+02
  0.326710E-04  0.202948E+08  0.202948E+08  0.269061E+08  0.269029E+08  0.202967E+08  0.202948E+08  0.202948E+08  0.203020E+08 -0.458521E+00  0.992955E+07  0.992955E+07  0.174672E+02
  0.360746E-04  0.202947E+08  0.202947E+08  0.268724E+08  0.268686E+08  0.202966E+08  0.202947E+08  0.202947E+08  0.203019E+08 -0.458519E+00  0.992952E+07  0.992952E+07  0.192797E+02
  0.398329E-04  0.202947E+08  0.202946E+08  0.268314E+08  0.268267E+08  0.202964E+08  0.202947E+08  0.202947E+08  0.203018E+08 -0.458517E+00  0.992948E+07  0.992948E+07  0.212785E+02
  0.439828E-04  0.202946E+08  0.202945E+08  0.267815E+08  0.267758E+08  0.202961E+08  0.202946E+08  0.202946E+08  0.203017E+08 -0.458514E+00  0.992943E+07  0.992943E+07  0.234823E+02
  0.485650E-04  0.202944E+08  0.202944E+08  0.267208E+08  0.267139E+08  0.202958E+08  0.202944E+08  0.202944E+08  0.203016E+08 -0.458511E+00  0.992937E+07  0.992937E+07  0.259111E+02
  0.536245E-04  0.202943E+08  0.202943E+08  0.266469E+08  0.266385E+08  0.202955E+08  0.202943E+08  0.202943E+08  0.203014E+08 -0.458507E+00  0.992930E+07  0.992929E+07  0.285868E+02
  0.592112E-04  0.202941E+08  0.202941E+08  0.265571E+08  0.265469E+08  0.202950E+08  0.202941E+08  0.202941E+08  0.203012E+08 -0.458502E+00  0.992921E+07  0.992920E+07  0.315332E+02
  0.653799E-04  0.202939E+08  0.202939E+08  0.264480E+08  0.264355E+08  0.202945E+08  0.202939E+08  0.202939E+08  0.203010E+08 -0.458495E+00  0.992910E+07  0.992910E+07  0.347756E+02
  0.721912E-04  0.202936E+08  0.202936E+08  0.263155E+08  0.263004E+08  0.202938E+08  0.202936E+08  0.202936E+08  0.203007E+08 -0.458488E+00  0.992897E+07  0.992896E+07  0.383410E+02
  0.797122E-04  0.202933E+08  0.202933E+08  0.261549E+08  0.261364E+08  0.202930E+08  0.202933E+08  0.202933E+08  0.203003E+08 -0.458479E+00  0.992881E+07  0.992880E+07  0.422581E+02
  0.880167E-04  0.202929E+08  0.202929E+08  0.259601E+08  0.259378E+08  0.202921E+08  0.202929E+08  0.202929E+08  0.202999E+08 -0.458468E+00  0.992862E+07  0.992860E+07  0.465569E+02
  0.971863E-04  0.202925E+08  0.202924E+08  0.257246E+08  0.256975E+08  0.202909E+08  0.202924E+08  0.202925E+08  0.202993E+08 -0.458454E+00  0.992838E+07  0.992836E+07  0.512681E+02
  0.107311E-03  0.202919E+08  0.202918E+08  0.254400E+08  0.254073E+08  0.202894E+08  0.202919E+08  0.202919E+08  0.202987E+08 -0.458438E+00  0.992809E+07  0.992807E+07  0.564226E+02
  0.118491E-03  0.202912E+08  0.202911E+08  0.250969E+08  0.250575E+08  0.202877E+08  0.202912E+08  0.202912E+08  0.202979E+08 -0.458418E+00  0.992774E+07  0.992772E+07  0.620507E+02
  0.130836E-03  0.202903E+08  0.202903E+08  0.246844E+08  0.246370E+08  0.202855E+08  0.202903E+08  0.202903E+08  0.202969E+08 -0.458394E+00  0.992731E+07  0.992729E+07  0.681806E+02
  0.144466E-03  0.202893E+08  0.202892E+08  0.241899E+08  0.241329E+08  0.202829E+08  0.202892E+08  0.202893E+08  0.202957E+08 -0.458364E+00  0.992679E+07  0.992676E+07  0.748365E+02
  0.159517E-03  0.202880E+08  0.202879E+08  0.235993E+08  0.235312E+08  0.202797E+08  0.202880E+08  0.202880E+08  0.202943E+08 -0.458328E+00  0.992616E+07  0.992612E+07  0.820361E+02
  0.176136E-03  0.202865E+08  0.202864E+08  0.228972E+08  0.228160E+08  0.202759E+08  0.202864E+08  0.202865E+08  0.202925E+08 -0.458285E+00  0.992539E+07  0.992534E+07  0.897878E+02
  0.194486E-03  0.202846E+08  0.202845E+08  0.220673E+08  0.219710E+08  0.202712E+08  0.202845E+08  0.202846E+08  0.202904E+08 -0.458233E+00  0.992446E+07  0.992440E+07  0.980855E+02
  0.214747E-03  0.202824E+08  0.202822E+08  0.210930E+08  0.209796E+08  0.202654E+08  0.202822E+08  0.202823E+08  0.202879E+08 -0.458169E+00  0.992332E+07  0.992325E+07  0.106904E+03
  0.237120E-03  0.202796E+08  0.202794E+08  0.199590E+08  0.198264E+08  0.202585E+08  0.202795E+08  0.202796E+08  0.202848E+08 -0.458093E+00  0.992195E+07  0.992186E+07  0.116193E+03
  0.261823E-03  0.202763E+08  0.202760E+08  0.186529E+08  0.184994E+08  0.202500E+08  0.202761E+08  0.202762E+08  0.202811E+08 -0.458001E+00  0.992028E+07  0.992018E+07  0.125867E+03
  0.289100E-03  0.202723E+08  0.202719E+08  0.171681E+08  0.169924E+08  0.202397E+08  0.202721E+08  0.202722E+08  0.202766E+08 -0.457891E+00  0.991826E+07  0.991814E+07  0.135799E+03
  0.319219E-03  0.202674E+08  0.202670E+08  0.155075E+08  0.153092E+08  0.202273E+08  0.202672E+08  0.202673E+08  0.202713E+08 -0.457759E+00  0.991583E+07  0.991569E+07  0.145809E+03
  0.352476E-03  0.202616E+08  0.202611E+08  0.136872E+08  0.134675E+08  0.202122E+08  0.202612E+08  0.202615E+08  0.202649E+08 -0.457602E+00  0.991289E+07  0.991272E+07  0.155660E+03
  0.389197E-03  0.202545E+08  0.202539E+08  0.117421E+08  0.115041E+08  0.201939E+08  0.202541E+08  0.202544E+08  0.202572E+08 -0.457415E+00  0.990936E+07  0.990916E+07  0.165044E+03
  0.429744E-03  0.202460E+08  0.202454E+08  0.972923E+07  0.947846E+07  0.201719E+08  0.202456E+08  0.202459E+08  0.202482E+08 -0.457193E+00  0.990511E+07  0.990489E+07  0.173591E+03
  0.474515E-03  0.202359E+08  0.202351E+08  0.773010E+07  0.747504E+07  0.201453E+08  0.202354E+08  0.202358E+08  0.202374E+08 -0.456933E+00  0.990004E+07  0.989978E+07  0.180870E+03
  0.523951E-03  0.202239E+08  0.202229E+08  0.584719E+07  0.559924E+07  0.201132E+08  0.202232E+08  0.202237E+08  0.202247E+08 -0.456627E+00  0.989399E+07  0.989370E+07  0.186417E+03
  0.578536E-03  0.202095E+08  0.202084E+08  0.419327E+07  0.396592E+07  0.200747E+08  0.202087E+08  0.202093E+08  0.202098E+08 -0.456271E+00  0.988680E+07  0.988647E+07  0.189769E+03
  0.638809E-03  0.201925E+08  0.201913E+08  0.287025E+07  0.267736E+07  0.200286E+08  0.201915E+08  0.201923E+08  0.201923E+08 -0.455856E+00  0.987829E+07  0.987793E+07  0.190526E+03
  0.705361E-03  0.201725E+08  0.201711E+08  0.193924E+07  0.179213E+07  0.199735E+08  0.201713E+08  0.201722E+08  0.201718E+08 -0.455376E+00  0.986827E+07  0.986788E+07  0.188421E+03
  0.778846E-03  0.201489E+08  0.201474E+08  0.138937E+07  0.129337E+07  0.199079E+08  0.201475E+08  0.201487E+08  0.201479E+08 -0.454821E+00  0.985652E+07  0.985609E+07  0.183382E+03
  0.859987E-03  0.201214E+08  0.201197E+08  0.112280E+07  0.107442E+07  0.198299E+08  0.201197E+08  0.201211E+08  0.201200E+08 -0.454179E+00  0.984279E+07  0.984234E+07  0.175584E+03
  0.949582E-03  0.200893E+08  0.200874E+08  0.978130E+06  0.964890E+06  0.197377E+08  0.200873E+08  0.200890E+08  0.200876E+08 -0.453437E+00  0.982682E+07  0.982635E+07  0.165437E+03
  0.104851E-02  0.200520E+08  0.200500E+08  0.803102E+06  0.807396E+06  0.196291E+08  0.200496E+08  0.200516E+08  0.200498E+08 -0.452580E+00  0.980830E+07  0.980782E+07  0.153522E+03
  0.115774E-02  0.200087E+08  0.200067E+08  0.547803E+06  0.553904E+06  0.195017E+08  0.200060E+08  0.200084E+08  0.200061E+08 -0.451588E+00  0.978688E+07  0.978640E+07  0.140486E+03
  0.127836E-02  0.199587E+08  0.199567E+08  0.298176E+06  0.298060E+06  0.193534E+08  0.199555E+08  0.199584E+08  0.199556E+08 -0.450444E+00  0.976218E+07  0.976169E+07  0.126971E+03
  0.141154E-02  0.199012E+08  0.198991E+08  0.176211E+06  0.169454E+06  0.191823E+08  0.198974E+08  0.199008E+08  0.198975E+08 -0.449128E+00  0.973374E+07  0.973326E+07  0.113611E+03
  0.155860E-02  0.198351E+08  0.198330E+08  0.172641E+06 -0.273382E+06  0.189865E+08  0.198307E+08  0.198347E+08  0.198307E+08 -0.447617E+00  0.970111E+07  0.970064E+07  0.101055E+03
  0.172097E-02  0.197593E+08  0.197572E+08  0.145466E+06 -0.223361E+06  0.187640E+08  0.197543E+08  0.197590E+08  0.197543E+08 -0.445890E+00  0.966374E+07  0.966328E+07  0.898726E+02
  0.190027E-02  0.196729E+08  0.196707E+08  0.543407E+05 -0.182391E+06  0.185139E+08  0.196670E+08  0.196725E+08  0.196670E+08 -0.443919E+00  0.962110E+07  0.962065E+07  0.803467E+02
  0.209824E-02  0.195745E+08  0.195722E+08  0.210437E+05 -0.148845E+06  0.182351E+08  0.195678E+08  0.195741E+08  0.195678E+08 -0.441677E+00  0.957261E+07  0.957216E+07  0.723690E+02
  0.231683E-02  0.194630E+08  0.194606E+08  0.323127E+05 -0.121385E+06  0.179273E+08  0.194553E+08  0.194626E+08  0.194553E+08 -0.439136E+00  0.951765E+07  0.951719E+07  0.656003E+02
  0.255820E-02  0.193369E+08  0.193344E+08 -0.626456E+03 -0.989148E+05  0.175907E+08  0.193283E+08  0.193365E+08  0.193282E+08 -0.436268E+00  0.945560E+07  0.945514E+07  0.596124E+02
  0.282472E-02  0.191952E+08  0.191924E+08  0.487367E+04 -0.805355E+05  0.172251E+08  0.191854E+08  0.191947E+08  0.191854E+08 -0.433042E+00  0.938581E+07  0.938535E+07  0.540085E+02
  0.311900E-02  0.190363E+08  0.190333E+08 -0.576619E+04 -0.655094E+05  0.168304E+08  0.190253E+08  0.190358E+08  0.190253E+08 -0.429429E+00  0.930764E+07  0.930718E+07  0.486819E+02
  0.344395E-02  0.188589E+08  0.188558E+08 -0.100606E+05 -0.532317E+05  0.164054E+08  0.188468E+08  0.188584E+08  0.188468E+08 -0.425398E+00  0.922043E+07  0.921998E+07  0.437621E+02
  0.380274E-02  0.186618E+08  0.186583E+08 -0.148694E+05 -0.432059E+05  0.159494E+08  0.186484E+08  0.186612E+08  0.186483E+08 -0.420919E+00  0.912353E+07  0.912308E+07  0.394169E+02
  0.419891E-02  0.184435E+08  0.184397E+08 -0.933051E+04 -0.350248E+05  0.154615E+08  0.184287E+08  0.184428E+08  0.184287E+08 -0.415962E+00  0.901628E+07  0.901583E+07  0.356172E+02
  0.463636E-02  0.182028E+08  0.181985E+08 -0.112283E+05 -0.283541E+05  0.149414E+08  0.181866E+08  0.182020E+08  0.181866E+08 -0.410496E+00  0.889803E+07  0.889758E+07  0.321796E+02
  0.511938E-02  0.179382E+08  0.179334E+08 -0.987788E+04 -0.229198E+05  0.143903E+08  0.179206E+08  0.179374E+08  0.179206E+08 -0.404493E+00  0.876813E+07  0.876769E+07  0.290225E+02
  0.565272E-02  0.176491E+08  0.176436E+08 -0.691193E+04 -0.184974E+05  0.137849E+08  0.176299E+08  0.176482E+08  0.176299E+08 -0.397930E+00  0.862614E+07  0.862569E+07  0.262074E+02
  0.624163E-02  0.173329E+08  0.173267E+08 -0.712018E+04 -0.149013E+05  0.131579E+08  0.173121E+08  0.173319E+08  0.173121E+08 -0.390758E+00  0.847094E+07  0.847050E+07  0.237114E+02
  0.689189E-02  0.169889E+08  0.169818E+08 -0.540607E+04 -0.119807E+05  0.124974E+08  0.169665E+08  0.169877E+08  0.169665E+08 -0.382955E+00  0.830210E+07  0.830166E+07  0.214643E+02
  0.760990E-02  0.166154E+08  0.166072E+08 -0.511535E+04 -0.961164E+04  0.118119E+08  0.165913E+08  0.166140E+08  0.165913E+08 -0.374487E+00  0.811884E+07  0.811839E+07  0.194671E+02
  0.840270E-02  0.162117E+08  0.162021E+08 -0.473212E+04 -0.769284E+04  0.111104E+08  0.161859E+08  0.162101E+08  0.161859E+08 -0.365337E+00  0.792078E+07  0.792034E+07  0.176826E+02
  0.927811E-02  0.157763E+08  0.157653E+08 -0.322125E+04 -0.614107E+04  0.103931E+08  0.157490E+08  0.157745E+08  0.157490E+08 -0.355475E+00  0.770731E+07  0.770686E+07  0.161042E+02
  0.102447E-01  0.153081E+08  0.152953E+08 -0.319557E+04 -0.488811E+04  0.965981E+07  0.152792E+08  0.153059E+08  0.152792E+08 -0.344871E+00  0.747774E+07  0.747729E+07  0.147092E+02
  0.113120E-01  0.148057E+08  0.147908E+08 -0.254905E+04 -0.387823E+04  0.891737E+07  0.147753E+08  0.148032E+08  0.147753E+08 -0.333498E+00  0.723150E+07  0.723104E+07  0.134709E+02
  0.124905E-01  0.142682E+08  0.142509E+08 -0.189650E+04 -0.306593E+04  0.817387E+07  0.142365E+08  0.142653E+08  0.142365E+08 -0.321335E+00  0.696812E+07  0.696766E+07  0.123807E+02
  0.137918E-01  0.136947E+08  0.136746E+08 -0.171755E+04 -0.241400E+04  0.743524E+07  0.136618E+08  0.136914E+08  0.136618E+08 -0.308363E+00  0.668718E+07  0.668671E+07  0.114135E+02
  0.152286E-01  0.130849E+08  0.130616E+08 -0.147212E+04 -0.189210E+04  0.670463E+07  0.130508E+08  0.130810E+08  0.130508E+08 -0.294573E+00  0.638848E+07  0.638800E+07  0.105544E+02
  0.168152E-01  0.124388E+08  0.124121E+08 -0.101639E+04 -0.147551E+04  0.599182E+07  0.124038E+08  0.124343E+08  0.124038E+08 -0.279969E+00  0.607213E+07  0.607164E+07  0.978131E+01
  0.185670E-01  0.117577E+08  0.117273E+08 -0.903116E+03 -0.114414E+04  0.530195E+07  0.117221E+08  0.117526E+08  0.117221E+08 -0.264582E+00  0.573874E+07  0.573823E+07  0.907464E+01
  0.205013E-01  0.110444E+08  0.110101E+08 -0.630314E+03 -0.881632E+03  0.464249E+07  0.110084E+08  0.110387E+08  0.110084E+08 -0.248473E+00  0.538967E+07  0.538915E+07  0.841307E+01
  0.226372E-01  0.103038E+08  0.102656E+08 -0.525219E+03 -0.674725E+03  0.401978E+07  0.102677E+08  0.102974E+08  0.102677E+08 -0.231755E+00  0.502733E+07  0.502680E+07  0.777418E+01
  0.249955E-01  0.954361E+07  0.950172E+07 -0.397684E+03 -0.512649E+03  0.344077E+07  0.950773E+07  0.953657E+07  0.950772E+07 -0.214601E+00  0.465551E+07  0.465498E+07  0.713627E+01
  0.275996E-01  0.877497E+07  0.872999E+07 -0.272837E+03 -0.386660E+03  0.291086E+07  0.873970E+07  0.876742E+07  0.873970E+07 -0.197266E+00  0.427970E+07  0.427917E+07  0.647988E+01
  0.304750E-01  0.801296E+07  0.796586E+07 -0.252094E+03 -0.289635E+03  0.243497E+07  0.797869E+07  0.800505E+07  0.797869E+07 -0.180089E+00  0.390728E+07  0.390675E+07  0.578804E+01
  0.336499E-01  0.727614E+07  0.722836E+07 -0.164454E+03 -0.215742E+03  0.201667E+07  0.724326E+07  0.726811E+07  0.724326E+07 -0.163489E+00  0.354733E+07  0.354682E+07  0.505234E+01
  0.371555E-01  0.658520E+07  0.653862E+07 -0.119996E+03 -0.160173E+03  0.165752E+07  0.655409E+07  0.657738E+07  0.655409E+07 -0.147934E+00  0.321000E+07  0.320952E+07  0.427544E+01
  0.410265E-01  0.596001E+07  0.591677E+07 -0.111014E+03 -0.118924E+03  0.135654E+07  0.593100E+07  0.595275E+07  0.593100E+07 -0.133870E+00  0.290498E+07  0.290455E+07  0.347534E+01
  0.451291E-01  0.543251E+07  0.539447E+07  0.623764E+02 -0.896069E+02  0.111799E+07  0.540573E+07  0.542612E+07  0.540573E+07 -0.122014E+00  0.264783E+07  0.264746E+07  0.271697E+01
  0.492317E-01  0.502200E+07  0.499004E+07  0.484423E+02 -0.696242E+02  0.939569E+06  0.499734E+07  0.501664E+07  0.499734E+07 -0.112796E+00  0.244789E+07  0.244758E+07  0.207384E+01
  0.533344E-01  0.469196E+07  0.466607E+07  0.385587E+02 -0.554417E+02  0.801917E+06  0.466922E+07  0.468761E+07  0.466922E+07 -0.105390E+00  0.228724E+07  0.228699E+07  0.155908E+01
  0.574370E-01  0.441482E+07  0.439426E+07  0.312805E+02 -0.449929E+02  0.692320E+06  0.439377E+07  0.441137E+07  0.439377E+07 -0.991728E-01  0.215237E+07  0.215217E+07  0.117488E+01
  0.615397E-01  0.416997E+07  0.415349E+07  0.257350E+02 -0.370286E+02  0.602348E+06  0.415033E+07  0.416720E+07  0.415033E+07 -0.936781E-01  0.203317E+07  0.203300E+07  0.912126E+00
  0.656423E-01  0.393839E+07  0.392450E+07  0.213597E+02 -0.307428E+02  0.525895E+06  0.391992E+07  0.393606E+07  0.391992E+07 -0.884774E-01  0.192035E+07  0.192020E+07  0.752056E+00
  0.697450E-01  0.370834E+07  0.369559E+07  0.178121E+02 -0.256446E+02  0.459229E+06  0.369083E+07  0.370620E+07  0.369083E+07 -0.833066E-01  0.180816E+07  0.180802E+07  0.670366E+00
  0.738476E-01  0.347645E+07  0.346362E+07  0.148908E+02 -0.214452E+02  0.400446E+06  0.345975E+07  0.347430E+07  0.345975E+07 -0.780908E-01  0.169499E+07  0.169484E+07  0.640951E+00
  0.779503E-01  0.324607E+07  0.323236E+07  0.124753E+02 -0.179717E+02  0.348748E+06  0.323006E+07  0.324376E+07  0.323006E+07 -0.729065E-01  0.158249E+07  0.158234E+07  0.639232E+00
  0.820529E-01  0.302372E+07  0.300880E+07  0.104845E+02 -0.151080E+02  0.303770E+06  0.300836E+07  0.302122E+07  0.300836E+07 -0.679023E-01  0.147390E+07  0.147374E+07  0.644702E+00
  0.861555E-01  0.281586E+07  0.279981E+07  0.885326E+01 -0.127608E+02  0.265154E+06  0.280111E+07  0.281317E+07  0.280111E+07 -0.632244E-01  0.137238E+07  0.137222E+07  0.642535E+00
  0.912768E-01  0.258489E+07  0.256806E+07  0.723827E+01 -0.104360E+02  0.225205E+06  0.257091E+07  0.258206E+07  0.257091E+07 -0.580285E-01  0.125962E+07  0.125945E+07  0.616800E+00
  0.963980E-01  0.239282E+07  0.237623E+07  0.600607E+01 -0.866142E+01  0.193508E+06  0.237964E+07  0.239004E+07  0.237964E+07 -0.537114E-01  0.116593E+07  0.116577E+07  0.562692E+00
  0.101519E+00  0.224202E+07  0.222667E+07  0.507364E+01 -0.731794E+01  0.168803E+06  0.222965E+07  0.223944E+07  0.222965E+07 -0.503258E-01  0.109245E+07  0.109230E+07  0.487220E+00
  0.106641E+00  0.212670E+07  0.211332E+07  0.436164E+01 -0.629168E+01  0.149484E+06  0.211511E+07  0.212445E+07  0.211511E+07 -0.477405E-01  0.103634E+07  0.103621E+07  0.402986E+00
  0.111762E+00  0.203514E+07  0.202398E+07  0.380046E+01 -0.548261E+01  0.133882E+06  0.202428E+07  0.203327E+07  0.202428E+07 -0.456905E-01  0.991849E+06  0.991741E+06  0.323303E+00
  0.116883E+00  0.195477E+07  0.194564E+07  0.333783E+01 -0.481554E+01  0.120633E+06  0.194457E+07  0.195324E+07  0.194457E+07 -0.438913E-01  0.952800E+06  0.952709E+06  0.258522E+00
  0.122004E+00  0.187575E+07  0.186810E+07  0.293981E+01 -0.424164E+01  0.108817E+06  0.186611E+07  0.187447E+07  0.186611E+07 -0.421204E-01  0.914365E+06  0.914287E+06  0.213991E+00
  0.127125E+00  0.179229E+07  0.178540E+07  0.258718E+01 -0.373322E+01  0.979306E+05  0.178312E+07  0.179113E+07  0.178312E+07 -0.402472E-01  0.873707E+06  0.873635E+06  0.189715E+00
  0.132247E+00  0.170279E+07  0.169600E+07  0.227106E+01 -0.327747E+01  0.877897E+05  0.169401E+07  0.170165E+07  0.169401E+07 -0.382359E-01  0.830052E+06  0.829980E+06  0.181436E+00
  0.137368E+00  0.160914E+07  0.160198E+07  0.198877E+01 -0.287048E+01  0.784118E+05  0.160070E+07  0.160794E+07  0.160070E+07 -0.361297E-01  0.784336E+06  0.784261E+06  0.182548E+00
  0.142489E+00  0.151552E+07  0.150780E+07  0.174049E+01 -0.251248E+01  0.699128E+05  0.150739E+07  0.151423E+07  0.150739E+07 -0.340237E-01  0.738622E+06  0.738543E+06  0.186176E+00
  0.147610E+00  0.142730E+07  0.141910E+07  0.152709E+01 -0.220472E+01  0.624283E+05  0.141947E+07  0.142592E+07  0.141947E+07 -0.320392E-01  0.695546E+06  0.695464E+06  0.186877E+00
  0.152732E+00  0.134946E+07  0.134107E+07  0.134840E+01 -0.194695E+01  0.560462E+05  0.134194E+07  0.134805E+07  0.134194E+07 -0.302892E-01  0.657560E+06  0.657477E+06  0.181588E+00
  0.157853E+00  0.128469E+07  0.127648E+07  0.120164E+01 -0.173518E+01  0.507360E+05  0.127748E+07  0.128331E+07  0.127748E+07 -0.288342E-01  0.625977E+06  0.625897E+06  0.169782E+00
  0.162974E+00  0.123244E+07  0.122476E+07  0.108146E+01 -0.156171E+01  0.463455E+05  0.122555E+07  0.123115E+07  0.122555E+07 -0.276621E-01  0.600533E+06  0.600458E+06  0.152978E+00
  0.168095E+00  0.119002E+07  0.118309E+07  0.981630E+00 -0.141758E+01  0.426647E+05  0.118343E+07  0.118885E+07  0.118343E+07 -0.267114E-01  0.579896E+06  0.579829E+06  0.133898E+00
  0.173217E+00  0.115393E+07  0.114784E+07  0.896493E+00 -0.129464E+01  0.394899E+05  0.114764E+07  0.115291E+07  0.114764E+07 -0.259037E-01  0.562361E+06  0.562301E+06  0.115510E+00
  0.178338E+00  0.112058E+07  0.111522E+07  0.821367E+00 -0.118617E+01  0.366453E+05  0.111456E+07  0.111968E+07  0.111456E+07 -0.251569E-01  0.546152E+06  0.546098E+06  0.100197E+00
  0.183459E+00  0.108662E+07  0.108180E+07  0.752663E+00 -0.108698E+01  0.339913E+05  0.108084E+07  0.108581E+07  0.108084E+07 -0.243958E-01  0.529629E+06  0.529580E+06  0.892596E-01
  0.188580E+00  0.104997E+07  0.104542E+07  0.688304E+00 -0.994069E+00  0.314485E+05  0.104439E+07  0.104920E+07  0.104439E+07 -0.235731E-01  0.511770E+06  0.511724E+06  0.828099E-01
  0.193702E+00  0.101045E+07  0.100596E+07  0.627801E+00 -0.906739E+00  0.290049E+05  0.100506E+07  0.100970E+07  0.100506E+07 -0.226854E-01  0.492500E+06  0.492453E+06  0.799824E-01
  0.198823E+00  0.969390E+06  0.964789E+06  0.571604E+00 -0.825630E+00  0.266914E+05  0.964160E+06  0.968618E+06  0.964160E+06 -0.217623E-01  0.472461E+06  0.472413E+06  0.793316E-01
  0.203944E+00  0.928595E+06  0.923827E+06  0.520336E+00 -0.751630E+00  0.245465E+05  0.923520E+06  0.927795E+06  0.923520E+06 -0.208450E-01  0.452548E+06  0.452499E+06  0.792838E-01
  0.209065E+00  0.889899E+06  0.884997E+06  0.474470E+00 -0.685422E+00  0.226026E+05  0.884975E+06  0.889076E+06  0.884975E+06 -0.199750E-01  0.433662E+06  0.433612E+06  0.785405E-01
  0.214187E+00  0.854869E+06  0.849936E+06  0.434222E+00 -0.627313E+00  0.208799E+05  0.850098E+06  0.854041E+06  0.850098E+06 -0.191878E-01  0.416572E+06  0.416523E+06  0.763348E-01
  0.219308E+00  0.824426E+06  0.819594E+06  0.399414E+00 -0.577047E+00  0.193792E+05  0.819808E+06  0.823615E+06  0.819808E+06 -0.185041E-01  0.401730E+06  0.401683E+06  0.725017E-01
  0.224429E+00  0.798539E+06  0.793931E+06  0.369419E+00 -0.533723E+00  0.180789E+05  0.794075E+06  0.797765E+06  0.794075E+06 -0.179233E-01  0.389121E+06  0.389076E+06  0.673844E-01
  0.229550E+00  0.776358E+06  0.772054E+06  0.343323E+00 -0.496024E+00  0.169412E+05  0.772045E+06  0.775635E+06  0.772045E+06 -0.174260E-01  0.378326E+06  0.378284E+06  0.616399E-01
  0.234672E+00  0.756596E+06  0.752623E+06  0.320156E+00 -0.462554E+00  0.159241E+05  0.752427E+06  0.755929E+06  0.752427E+06 -0.169832E-01  0.368713E+06  0.368674E+06  0.560103E-01
  0.239793E+00  0.737879E+06  0.734205E+06  0.299055E+00 -0.432070E+00  0.149889E+05  0.733844E+06  0.737262E+06  0.733844E+06 -0.165637E-01  0.359607E+06  0.359570E+06  0.511193E-01
  0.244914E+00  0.719039E+06  0.715595E+06  0.279367E+00 -0.403629E+00  0.141058E+05  0.715128E+06  0.718461E+06  0.715128E+06 -0.161413E-01  0.350436E+06  0.350401E+06  0.473381E-01
  0.250035E+00  0.699407E+06  0.696105E+06  0.260722E+00 -0.376698E+00  0.132584E+05  0.695608E+06  0.698853E+06  0.695608E+06 -0.157007E-01  0.340871E+06  0.340838E+06  0.447409E-01
  0.255157E+00  0.678908E+06  0.675666E+06  0.243016E+00 -0.351126E+00  0.124432E+05  0.675212E+06  0.678364E+06  0.675212E+06 -0.152404E-01  0.330877E+06  0.330844E+06  0.431417E-01
  0.260278E+00  0.657924E+06  0.654682E+06  0.226317E+00 -0.327009E+00  0.116653E+05  0.654324E+06  0.657379E+06  0.654324E+06 -0.147689E-01  0.320642E+06  0.320609E+06  0.421872E-01
  0.265399E+00  0.637072E+06  0.633806E+06  0.210756E+00 -0.304536E+00  0.109331E+05  0.633563E+06  0.636523E+06  0.633563E+06 -0.143003E-01  0.310469E+06  0.310436E+06  0.414721E-01
  0.270520E+00  0.617036E+06  0.613753E+06  0.196461E+00 -0.283890E+00  0.102549E+05  0.613616E+06  0.616485E+06  0.613616E+06 -0.138501E-01  0.300695E+06  0.300662E+06  0.406449E-01
  0.275642E+00  0.598413E+06  0.595145E+06  0.183509E+00 -0.265182E+00  0.963632E+04  0.595081E+06  0.597864E+06  0.595081E+06 -0.134317E-01  0.291612E+06  0.291580E+06  0.394798E-01
  0.280763E+00  0.581544E+06  0.578336E+06  0.171886E+00 -0.248391E+00  0.907830E+04  0.578299E+06  0.581006E+06  0.578299E+06 -0.130529E-01  0.283389E+06  0.283357E+06  0.379042E-01
  0.285884E+00  0.566436E+06  0.563330E+06  0.161476E+00 -0.233350E+00  0.857627E+04  0.563277E+06  0.565915E+06  0.563277E+06 -0.127139E-01  0.276028E+06  0.275997E+06  0.359843E-01
  0.291005E+00  0.552819E+06  0.549845E+06  0.152098E+00 -0.219800E+00  0.812200E+04  0.549745E+06  0.552320E+06  0.549745E+06 -0.124084E-01  0.269397E+06  0.269367E+06  0.338804E-01
  0.296126E+00  0.540269E+06  0.537438E+06  0.143551E+00 -0.207449E+00  0.770584E+04  0.537276E+06  0.539794E+06  0.537276E+06 -0.121270E-01  0.263287E+06  0.263259E+06  0.317885E-01
  0.301248E+00  0.528316E+06  0.525620E+06  0.135646E+00 -0.196026E+00  0.731852E+04  0.525400E+06  0.527864E+06  0.525400E+06 -0.118589E-01  0.257468E+06  0.257441E+06  0.298841E-01
  0.306369E+00  0.516539E+06  0.513955E+06  0.128227E+00 -0.185306E+00  0.695237E+04  0.513695E+06  0.516105E+06  0.513695E+06 -0.115947E-01  0.251732E+06  0.251706E+06  0.282821E-01
  0.311490E+00  0.504658E+06  0.502156E+06  0.121192E+00 -0.175142E+00  0.660241E+04  0.501883E+06  0.504238E+06  0.501883E+06 -0.113281E-01  0.245943E+06  0.245918E+06  0.270198E-01
  0.316611E+00  0.492595E+06  0.490145E+06  0.114498E+00 -0.165470E+00  0.626669E+04  0.489884E+06  0.492183E+06  0.489884E+06 -0.110573E-01  0.240064E+06  0.240039E+06  0.260623E-01
  0.321733E+00  0.480452E+06  0.478032E+06  0.108146E+00 -0.156293E+00  0.594575E+04  0.477802E+06  0.480045E+06  0.477802E+06 -0.107846E-01  0.234143E+06  0.234119E+06  0.253231E-01
  0.326854E+00  0.468438E+06  0.466036E+06  0.102161E+00 -0.147646E+00  0.564129E+04  0.465846E+06  0.468035E+06  0.465846E+06 -0.105147E-01  0.228285E+06  0.228261E+06  0.246935E-01
  0.331975E+00  0.456789E+06  0.454404E+06  0.965675E-01 -0.139565E+00  0.535515E+04  0.454254E+06  0.456388E+06  0.454254E+06 -0.102531E-01  0.222604E+06  0.222580E+06  0.240719E-01
  0.337096E+00  0.445707E+06  0.443348E+06  0.913814E-01 -0.132072E+00  0.508851E+04  0.443228E+06  0.445311E+06  0.443228E+06 -0.100042E-01  0.217201E+06  0.217178E+06  0.233863E-01
  0.342218E+00  0.435322E+06  0.433002E+06  0.865995E-01 -0.125162E+00  0.484161E+04  0.432897E+06  0.434932E+06  0.432897E+06 -0.977101E-02  0.212139E+06  0.212116E+06  0.226050E-01
  0.347339E+00  0.425660E+06  0.423394E+06  0.821986E-01 -0.118803E+00  0.461349E+04  0.423289E+06  0.425280E+06  0.423289E+06 -0.955415E-02  0.207431E+06  0.207408E+06  0.217355E-01
  0.352460E+00  0.416653E+06  0.414451E+06  0.781383E-01 -0.112935E+00  0.440225E+04  0.414334E+06  0.416284E+06  0.414334E+06 -0.935203E-02  0.203043E+06  0.203021E+06  0.208148E-01
  0.357581E+00  0.408164E+06  0.406032E+06  0.743700E-01 -0.107489E+00  0.420541E+04  0.405896E+06  0.407806E+06  0.405896E+06 -0.916157E-02  0.198908E+06  0.198886E+06  0.198942E-01
  0.362703E+00  0.400033E+06  0.397969E+06  0.708454E-01 -0.102395E+00  0.402049E+04  0.397814E+06  0.399687E+06  0.397814E+06 -0.897915E-02  0.194947E+06  0.194926E+06  0.190242E-01
  0.367824E+00  0.392112E+06  0.390109E+06  0.675227E-01 -0.975932E-01  0.384534E+04  0.389940E+06  0.391776E+06  0.389940E+06 -0.880142E-02  0.191088E+06  0.191068E+06  0.182418E-01
  0.372945E+00  0.384286E+06  0.382334E+06  0.643701E-01 -0.930373E-01  0.367830E+04  0.382158E+06  0.383958E+06  0.382158E+06 -0.862578E-02  0.187275E+06  0.187256E+06  0.175636E-01
  0.378066E+00  0.376498E+06  0.374586E+06  0.613682E-01 -0.886992E-01  0.351841E+04  0.374413E+06  0.376176E+06  0.374413E+06 -0.845096E-02  0.183480E+06  0.183461E+06  0.169855E-01
  0.383188E+00  0.368760E+06  0.366879E+06  0.585105E-01 -0.845696E-01  0.336543E+04  0.366716E+06  0.368444E+06  0.366716E+06 -0.827723E-02  0.179708E+06  0.179689E+06  0.164871E-01
  0.388309E+00  0.361138E+06  0.359283E+06  0.557989E-01 -0.806513E-01  0.321961E+04  0.359134E+06  0.360827E+06  0.359134E+06 -0.810610E-02  0.175993E+06  0.175974E+06  0.160398E-01
  0.393430E+00  0.353710E+06  0.351878E+06  0.532369E-01 -0.769490E-01  0.308124E+04  0.351744E+06  0.353402E+06  0.351744E+06 -0.793930E-02  0.172372E+06  0.172353E+06  0.156137E-01
  0.398551E+00  0.346536E+06  0.344729E+06  0.508247E-01 -0.734631E-01  0.295046E+04  0.344608E+06  0.346233E+06  0.344608E+06 -0.777822E-02  0.168874E+06  0.168856E+06  0.151852E-01
  0.403673E+00  0.339661E+06  0.337882E+06  0.485599E-01 -0.701901E-01  0.282724E+04  0.337769E+06  0.339362E+06  0.337769E+06 -0.762387E-02  0.165523E+06  0.165505E+06  0.147409E-01
  0.408794E+00  0.333108E+06  0.331363E+06  0.464372E-01 -0.671223E-01  0.271137E+04  0.331253E+06  0.332815E+06  0.331253E+06 -0.747679E-02  0.162330E+06  0.162313E+06  0.142787E-01
  0.413915E+00  0.326872E+06  0.325163E+06  0.444471E-01 -0.642461E-01  0.260241E+04  0.325052E+06  0.326585E+06  0.325052E+06 -0.733681E-02  0.159291E+06  0.159274E+06  0.138060E-01
  0.419036E+00  0.320908E+06  0.319237E+06  0.425761E-01 -0.615419E-01  0.249964E+04  0.319122E+06  0.320627E+06  0.319122E+06 -0.720296E-02  0.156385E+06  0.156368E+06  0.133354E-01
  0.424158E+00  0.315156E+06  0.313524E+06  0.408095E-01 -0.589886E-01  0.240229E+04  0.313403E+06  0.314882E+06  0.313403E+06 -0.707389E-02  0.153583E+06  0.153566E+06  0.128810E-01
  0.429279E+00  0.309564E+06  0.307968E+06  0.391347E-01 -0.565679E-01  0.230968E+04  0.307843E+06  0.309296E+06  0.307843E+06 -0.694839E-02  0.150858E+06  0.150842E+06  0.124544E-01
  0.434400E+00  0.304092E+06  0.302529E+06  0.375418E-01 -0.542658E-01  0.222129E+04  0.302402E+06  0.303829E+06  0.302402E+06 -0.682558E-02  0.148192E+06  0.148176E+06  0.120623E-01
  0.439521E+00  0.298712E+06  0.297179E+06  0.360233E-01 -0.520710E-01  0.213672E+04  0.297053E+06  0.298455E+06  0.297053E+06 -0.670484E-02  0.145571E+06  0.145555E+06  0.117058E-01
  0.444642E+00  0.293415E+06  0.291907E+06  0.345738E-01 -0.499762E-01  0.205571E+04  0.291784E+06  0.293162E+06  0.291784E+06 -0.658592E-02  0.142989E+06  0.142974E+06  0.113804E-01
  0.449764E+00  0.288207E+06  0.286723E+06  0.331911E-01 -0.479777E-01  0.197817E+04  0.286605E+06  0.287958E+06  0.286605E+06 -0.646902E-02  0.140451E+06  0.140436E+06  0.110788E-01
  0.454885E+00  0.283114E+06  0.281651E+06  0.318743E-01 -0.460745E-01  0.190409E+04  0.281539E+06  0.282868E+06  0.281539E+06 -0.635468E-02  0.137968E+06  0.137953E+06  0.107924E-01
  0.460006E+00  0.278160E+06  0.276719E+06  0.306229E-01 -0.442660E-01  0.183349E+04  0.276612E+06  0.277918E+06  0.276612E+06 -0.624346E-02  0.135554E+06  0.135539E+06  0.105136E-01
  0.465127E+00  0.273362E+06  0.271943E+06  0.294355E-01 -0.425498E-01  0.176630E+04  0.271840E+06  0.273124E+06  0.271840E+06 -0.613576E-02  0.133215E+06  0.133201E+06  0.102371E-01
  0.470249E+00  0.268725E+06  0.267328E+06  0.283092E-01 -0.409219E-01  0.170240E+04  0.267228E+06  0.268491E+06  0.267228E+06 -0.603167E-02  0.130955E+06  0.130941E+06  0.996075E-02
  0.475370E+00  0.264245E+06  0.262872E+06  0.272406E-01 -0.393774E-01  0.164161E+04  0.262773E+06  0.264014E+06  0.262773E+06 -0.593110E-02  0.128772E+06  0.128758E+06  0.968512E-02
  0.480491E+00  0.259913E+06  0.258565E+06  0.262259E-01 -0.379107E-01  0.158374E+04  0.258465E+06  0.259687E+06  0.258465E+06 -0.583388E-02  0.126661E+06  0.126648E+06  0.941303E-02
  0.485612E+00  0.255717E+06  0.254393E+06  0.252612E-01 -0.365163E-01  0.152858E+04  0.254293E+06  0.255495E+06  0.254293E+06 -0.573971E-02  0.124617E+06  0.124603E+06  0.914817E-02
  0.490734E+00  0.251637E+06  0.250336E+06  0.243420E-01 -0.351876E-01  0.147589E+04  0.250236E+06  0.251419E+06  0.250236E+06 -0.564813E-02  0.122628E+06  0.122615E+06  0.889399E-02
  0.495855E+00  0.247650E+06  0.246372E+06  0.234640E-01 -0.339186E-01  0.142543E+04  0.246271E+06  0.247435E+06  0.246271E+06 -0.555864E-02  0.120686E+06  0.120673E+06  0.865278E-02
  0.500976E+00  0.243742E+06  0.242485E+06  0.226239E-01 -0.327043E-01  0.137702E+04  0.242385E+06  0.243531E+06  0.242385E+06 -0.547092E-02  0.118781E+06  0.118768E+06  0.842536E-02
  0.506097E+00  0.239909E+06  0.238672E+06  0.218197E-01 -0.315419E-01  0.133056E+04  0.238573E+06  0.239701E+06  0.238573E+06 -0.538489E-02  0.116913E+06  0.116901E+06  0.821116E-02
  0.511219E+00  0.236154E+06  0.234936E+06  0.210500E-01 -0.304293E-01  0.128597E+04  0.234839E+06  0.235949E+06  0.234839E+06 -0.530060E-02  0.115083E+06  0.115071E+06  0.800843E-02
  0.516340E+00  0.232479E+06  0.231278E+06  0.203133E-01 -0.293645E-01  0.124320E+04  0.231184E+06  0.232278E+06  0.231184E+06 -0.521811E-02  0.113292E+06  0.113280E+06  0.781473E-02
  0.521461E+00  0.228887E+06  0.227703E+06  0.196084E-01 -0.283457E-01  0.120217E+04  0.227611E+06  0.228688E+06  0.227611E+06 -0.513747E-02  0.111542E+06  0.111530E+06  0.762760E-02
  0.526582E+00  0.225382E+06  0.224215E+06  0.189344E-01 -0.273714E-01  0.116285E+04  0.224126E+06  0.225186E+06  0.224126E+06 -0.505879E-02  0.109833E+06  0.109822E+06  0.744510E-02
  0.531704E+00  0.221970E+06  0.220820E+06  0.182902E-01 -0.264403E-01  0.112519E+04  0.220733E+06  0.221777E+06  0.220733E+06 -0.498221E-02  0.108171E+06  0.108159E+06  0.726610E-02
  0.536825E+00  0.218653E+06  0.217520E+06  0.176747E-01 -0.255506E-01  0.108913E+04  0.217434E+06  0.218462E+06  0.217434E+06 -0.490774E-02  0.106554E+06  0.106543E+06  0.709028E-02
  0.541946E+00  0.215423E+06  0.214308E+06  0.170861E-01 -0.246998E-01  0.105457E+04  0.214223E+06  0.215236E+06  0.214223E+06 -0.483526E-02  0.104980E+06  0.104969E+06  0.691797E-02
  0.547067E+00  0.212276E+06  0.211177E+06  0.165227E-01 -0.238853E-01  0.102142E+04  0.211092E+06  0.212091E+06  0.211092E+06 -0.476461E-02  0.103446E+06  0.103435E+06  0.674990E-02
  0.551546E+00  0.209590E+06  0.208506E+06  0.160497E-01 -0.232017E-01  0.993546E+03  0.208421E+06  0.209408E+06  0.208421E+06 -0.470432E-02  0.102137E+06  0.102127E+06  0.660658E-02
  0.573605E+00  0.197062E+06  0.196045E+06  0.139520E-01 -0.201694E-01  0.869261E+03  0.195964E+06  0.196892E+06  0.195964E+06 -0.442314E-02  0.960328E+05  0.960225E+05  0.597171E-02
  0.596546E+00  0.185184E+06  0.184226E+06  0.121219E-01 -0.175240E-01  0.759914E+03  0.184151E+06  0.185023E+06  0.184151E+06 -0.415652E-02  0.902441E+05  0.902345E+05  0.540708E-02
  0.620405E+00  0.174031E+06  0.173131E+06  0.105324E-01 -0.152263E-01  0.664188E+03  0.173060E+06  0.173880E+06  0.173060E+06 -0.390617E-02  0.848088E+05  0.847997E+05  0.488573E-02
  0.774792E+00  0.121895E+06  0.121265E+06  0.472992E-02 -0.683822E-02  0.307073E+03  0.121215E+06  0.121789E+06  0.121215E+06 -0.273596E-02  0.594019E+05  0.593955E+05  0.275640E-02
  0.967598E+00  0.848897E+05  0.844511E+05  0.211199E-02 -0.305349E-02  0.140218E+03  0.844153E+05  0.848161E+05  0.844153E+05 -0.190536E-02  0.413683E+05  0.413638E+05  0.155163E-02
  0.120838E+01  0.588135E+05  0.585097E+05  0.938180E-03 -0.135645E-02  0.633484E+02  0.584847E+05  0.587625E+05  0.584847E+05 -0.132007E-02  0.286609E+05  0.286577E+05  0.873740E-03
  0.150909E+01  0.405575E+05  0.403479E+05  0.414813E-03 -0.599762E-03  0.283606E+02  0.403306E+05  0.405223E+05  0.403306E+05 -0.910312E-03  0.197644E+05  0.197621E+05  0.493723E-03
  0.188462E+01  0.278506E+05  0.277066E+05  0.182637E-03 -0.264073E-03  0.125997E+02  0.276948E+05  0.278264E+05  0.276948E+05 -0.625104E-03  0.135721E+05  0.135705E+05  0.281182E-03
  0.235361E+01  0.190518E+05  0.189532E+05  0.801049E-04 -0.115826E-03  0.556154E+01  0.189451E+05  0.190352E+05  0.189451E+05 -0.427615E-03  0.928425E+04  0.928311E+04  0.162355E-03
