#    L    TT             EE             BB             TE             PP             TP             EP          
     2    0.11312E+04    0.54932E-01    0.00000E+00    0.34141E+01    0.48848E-07    0.34346E-02   -0.16378E-04
     3    0.10523E+04    0.88312E-01    0.00000E+00    0.42579E+01    0.59293E-07    0.34140E-02   -0.19877E-04
     4    0.97942E+03    0.97755E-01    0.00000E+00    0.43620E+01    0.68262E-07    0.33246E-02   -0.19822E-04
     5    0.92323E+03    0.85338E-01    0.00000E+00    0.40277E+01    0.76029E-07    0.32072E-02   -0.17261E-04
     6    0.88239E+03    0.62030E-01    0.00000E+00    0.34908E+01    0.82783E-07    0.30820E-02   -0.13145E-04
     7    0.85399E+03    0.38882E-01    0.00000E+00    0.28994E+01    0.88710E-07    0.29583E-02   -0.83833E-05
     8    0.83473E+03    0.22214E-01    0.00000E+00    0.23435E+01    0.93941E-07    0.28368E-02   -0.38003E-05
     9    0.82245E+03    0.13102E-01    0.00000E+00    0.18688E+01    0.98585E-07    0.27169E-02   -0.33475E-07
    10    0.81561E+03    0.94192E-02    0.00000E+00    0.14998E+01    0.10271E-06    0.26009E-02    0.25819E-05
    11    0.81264E+03    0.82925E-02    0.00000E+00    0.12445E+01    0.10640E-06    0.24935E-02    0.40070E-05
    12    0.81364E+03    0.77398E-02    0.00000E+00    0.11002E+01    0.10970E-06    0.23966E-02    0.43415E-05
    13    0.81681E+03    0.69109E-02    0.00000E+00    0.10427E+01    0.11263E-06    0.23087E-02    0.37566E-05
    14    0.82122E+03    0.60052E-02    0.00000E+00    0.10431E+01    0.11525E-06    0.22278E-02    0.24784E-05
    15    0.82713E+03    0.53139E-02    0.00000E+00    0.10823E+01    0.11760E-06    0.21511E-02    0.92899E-06
    16    0.83491E+03    0.50431E-02    0.00000E+00    0.11446E+01    0.11969E-06    0.20766E-02   -0.48139E-06
    17    0.84446E+03    0.51885E-02    0.00000E+00    0.12151E+01    0.12156E-06    0.20053E-02   -0.15533E-05
    18    0.85484E+03    0.55083E-02    0.00000E+00    0.12821E+01    0.12323E-06    0.19388E-02   -0.21845E-05
    19    0.86688E+03    0.58697E-02    0.00000E+00    0.13400E+01    0.12471E-06    0.18763E-02   -0.24486E-05
    20    0.87888E+03    0.62504E-02    0.00000E+00    0.13842E+01    0.12601E-06    0.18167E-02   -0.24376E-05
    21    0.89121E+03    0.66952E-02    0.00000E+00    0.14206E+01    0.12716E-06    0.17595E-02   -0.21488E-05
    22    0.90411E+03    0.73361E-02    0.00000E+00    0.14556E+01    0.12816E-06    0.17043E-02   -0.15954E-05
    23    0.91742E+03    0.82278E-02    0.00000E+00    0.14908E+01    0.12904E-06    0.16516E-02   -0.94928E-06
    24    0.93117E+03    0.93662E-02    0.00000E+00    0.15267E+01    0.12980E-06    0.16017E-02   -0.40260E-06
    25    0.94531E+03    0.10760E-01    0.00000E+00    0.15655E+01    0.13044E-06    0.15546E-02   -0.77030E-07
    26    0.95965E+03    0.12379E-01    0.00000E+00    0.16095E+01    0.13099E-06    0.15100E-02   -0.32572E-07
    27    0.97443E+03    0.14178E-01    0.00000E+00    0.16559E+01    0.13144E-06    0.14674E-02   -0.15466E-06
    28    0.98949E+03    0.16144E-01    0.00000E+00    0.17018E+01    0.13181E-06    0.14266E-02   -0.31162E-06
    29    0.10049E+04    0.18287E-01    0.00000E+00    0.17454E+01    0.13210E-06    0.13877E-02   -0.47379E-06
    30    0.10205E+04    0.20624E-01    0.00000E+00    0.17834E+01    0.13230E-06    0.13510E-02   -0.64184E-06
    31    0.10363E+04    0.23139E-01    0.00000E+00    0.18136E+01    0.13243E-06    0.13160E-02   -0.83614E-06
    32    0.10524E+04    0.25806E-01    0.00000E+00    0.18336E+01    0.13250E-06    0.12824E-02   -0.10607E-05
    33    0.10690E+04    0.28637E-01    0.00000E+00    0.18409E+01    0.13252E-06    0.12497E-02   -0.12350E-05
    34    0.10857E+04    0.31661E-01    0.00000E+00    0.18345E+01    0.13247E-06    0.12177E-02   -0.12734E-05
    35    0.11026E+04    0.34900E-01    0.00000E+00    0.18188E+01    0.13238E-06    0.11866E-02   -0.11528E-05
    36    0.11195E+04    0.38374E-01    0.00000E+00    0.17967E+01    0.13224E-06    0.11565E-02   -0.89173E-06
    37    0.11366E+04    0.42076E-01    0.00000E+00    0.17642E+01    0.13206E-06    0.11278E-02   -0.61137E-06
    38    0.11541E+04    0.46002E-01    0.00000E+00    0.17192E+01    0.13184E-06    0.11010E-02   -0.42567E-06
    39    0.11720E+04    0.50165E-01    0.00000E+00    0.16636E+01    0.13158E-06    0.10757E-02   -0.31798E-06
    40    0.11900E+04    0.54584E-01    0.00000E+00    0.16005E+01    0.13128E-06    0.10513E-02   -0.23919E-06
    41    0.12082E+04    0.59281E-01    0.00000E+00    0.15318E+01    0.13095E-06    0.10275E-02   -0.15125E-06
    42    0.12264E+04    0.64257E-01    0.00000E+00    0.14555E+01    0.13059E-06    0.10042E-02   -0.59443E-07
    43    0.12448E+04    0.69507E-01    0.00000E+00    0.13687E+01    0.13019E-06    0.98149E-03    0.20141E-07
    44    0.12632E+04    0.75014E-01    0.00000E+00    0.12696E+01    0.12977E-06    0.95947E-03    0.71474E-07
    45    0.12819E+04    0.80769E-01    0.00000E+00    0.11562E+01    0.12933E-06    0.93823E-03    0.78570E-07
    46    0.13009E+04    0.86768E-01    0.00000E+00    0.10255E+01    0.12886E-06    0.91781E-03    0.31368E-07
    47    0.13201E+04    0.93014E-01    0.00000E+00    0.87929E+00    0.12838E-06    0.89812E-03   -0.56646E-07
    48    0.13393E+04    0.99518E-01    0.00000E+00    0.72314E+00    0.12787E-06    0.87901E-03   -0.16615E-06
    49    0.13587E+04    0.10627E+00    0.00000E+00    0.56217E+00    0.12734E-06    0.86033E-03   -0.27788E-06
    50    0.13785E+04    0.11325E+00    0.00000E+00    0.39467E+00    0.12680E-06    0.84196E-03   -0.37262E-06
    51    0.13985E+04    0.12043E+00    0.00000E+00    0.21709E+00    0.12625E-06    0.82378E-03   -0.43532E-06
    52    0.14189E+04    0.12790E+00    0.00000E+00    0.24211E-01    0.12568E-06    0.80593E-03   -0.46743E-06
    53    0.14392E+04    0.13580E+00    0.00000E+00   -0.18776E+00    0.12510E-06    0.78855E-03   -0.47451E-06
    54    0.14595E+04    0.14412E+00    0.00000E+00   -0.41464E+00    0.12450E-06    0.77181E-03   -0.46211E-06
    55    0.14800E+04    0.15283E+00    0.00000E+00   -0.65215E+00    0.12390E-06    0.75588E-03   -0.43575E-06
    56    0.15008E+04    0.16178E+00    0.00000E+00   -0.90209E+00    0.12328E-06    0.74085E-03   -0.40037E-06
    57    0.15219E+04    0.17087E+00    0.00000E+00   -0.11643E+01    0.12266E-06    0.72662E-03   -0.35844E-06
    58    0.15433E+04    0.18011E+00    0.00000E+00   -0.14393E+01    0.12203E-06    0.71303E-03   -0.31184E-06
    59    0.15648E+04    0.18954E+00    0.00000E+00   -0.17277E+01    0.12138E-06    0.69992E-03   -0.26244E-06
    60    0.15865E+04    0.19922E+00    0.00000E+00   -0.20287E+01    0.12073E-06    0.68715E-03   -0.21212E-06
    61    0.16087E+04    0.20924E+00    0.00000E+00   -0.23413E+01    0.12008E-06    0.67456E-03   -0.16273E-06
    62    0.16307E+04    0.21959E+00    0.00000E+00   -0.26665E+01    0.11942E-06    0.66212E-03   -0.11615E-06
    63    0.16529E+04    0.23022E+00    0.00000E+00   -0.30054E+01    0.11875E-06    0.64980E-03   -0.74219E-07
    64    0.16754E+04    0.24115E+00    0.00000E+00   -0.33593E+01    0.11808E-06    0.63758E-03   -0.38798E-07
    65    0.16980E+04    0.25235E+00    0.00000E+00   -0.37289E+01    0.11740E-06    0.62544E-03   -0.11735E-07
    66    0.17209E+04    0.26374E+00    0.00000E+00   -0.41123E+01    0.11672E-06    0.61337E-03    0.51958E-08
    67    0.17440E+04    0.27534E+00    0.00000E+00   -0.45068E+01    0.11604E-06    0.60147E-03    0.10530E-07
    68    0.17675E+04    0.28718E+00    0.00000E+00   -0.49106E+01    0.11536E-06    0.58982E-03    0.28791E-08
    69    0.17912E+04    0.29922E+00    0.00000E+00   -0.53217E+01    0.11468E-06    0.57853E-03   -0.19143E-07
    70    0.18152E+04    0.31150E+00    0.00000E+00   -0.57418E+01    0.11399E-06    0.56770E-03   -0.56924E-07
    71    0.18393E+04    0.32401E+00    0.00000E+00   -0.61731E+01    0.11331E-06    0.55740E-03   -0.10972E-06
    72    0.18636E+04    0.33674E+00    0.00000E+00   -0.66171E+01    0.11262E-06    0.54760E-03   -0.16829E-06
    73    0.18880E+04    0.34963E+00    0.00000E+00   -0.70744E+01    0.11194E-06    0.53823E-03   -0.22128E-06
    74    0.19127E+04    0.36269E+00    0.00000E+00   -0.75444E+01    0.11125E-06    0.52922E-03   -0.25735E-06
    75    0.19376E+04    0.37591E+00    0.00000E+00   -0.80255E+01    0.11057E-06    0.52052E-03   -0.26516E-06
    76    0.19629E+04    0.38931E+00    0.00000E+00   -0.85172E+01    0.10988E-06    0.51206E-03   -0.23739E-06
    77    0.19885E+04    0.40287E+00    0.00000E+00   -0.90194E+01    0.10920E-06    0.50375E-03   -0.18270E-06
    78    0.20144E+04    0.41662E+00    0.00000E+00   -0.95334E+01    0.10851E-06    0.49551E-03   -0.11372E-06
    79    0.20405E+04    0.43051E+00    0.00000E+00   -0.10055E+02    0.10783E-06    0.48725E-03   -0.43070E-07
    80    0.20669E+04    0.44454E+00    0.00000E+00   -0.10587E+02    0.10714E-06    0.47888E-03    0.16627E-07
    81    0.20934E+04    0.45865E+00    0.00000E+00   -0.11128E+02    0.10646E-06    0.47037E-03    0.55249E-07
    82    0.21202E+04    0.47287E+00    0.00000E+00   -0.11679E+02    0.10578E-06    0.46191E-03    0.72563E-07
    83    0.21472E+04    0.48718E+00    0.00000E+00   -0.12237E+02    0.10510E-06    0.45372E-03    0.70809E-07
    84    0.21745E+04    0.50157E+00    0.00000E+00   -0.12802E+02    0.10443E-06    0.44605E-03    0.52226E-07
    85    0.22018E+04    0.51601E+00    0.00000E+00   -0.13375E+02    0.10375E-06    0.43911E-03    0.19048E-07
    86    0.22294E+04    0.53052E+00    0.00000E+00   -0.13954E+02    0.10308E-06    0.43300E-03   -0.26104E-07
    87    0.22574E+04    0.54508E+00    0.00000E+00   -0.14539E+02    0.10242E-06    0.42714E-03   -0.79063E-07
    88    0.22854E+04    0.55968E+00    0.00000E+00   -0.15129E+02    0.10175E-06    0.42082E-03   -0.13528E-06
    89    0.23137E+04    0.57433E+00    0.00000E+00   -0.15727E+02    0.10109E-06    0.41333E-03   -0.19019E-06
    90    0.23422E+04    0.58897E+00    0.00000E+00   -0.16330E+02    0.10043E-06    0.40394E-03   -0.23927E-06
    91    0.23709E+04    0.60362E+00    0.00000E+00   -0.16937E+02    0.99781E-07    0.39210E-03   -0.27884E-06
    92    0.23998E+04    0.61824E+00    0.00000E+00   -0.17550E+02    0.99130E-07    0.37790E-03   -0.30875E-06
    93    0.24291E+04    0.63283E+00    0.00000E+00   -0.18167E+02    0.98484E-07    0.36159E-03   -0.32969E-06
    94    0.24584E+04    0.64736E+00    0.00000E+00   -0.18787E+02    0.97840E-07    0.34341E-03   -0.34238E-06
    95    0.24879E+04    0.66183E+00    0.00000E+00   -0.19412E+02    0.97201E-07    0.32360E-03   -0.34752E-06
    96    0.25175E+04    0.67623E+00    0.00000E+00   -0.20039E+02    0.96565E-07    0.30243E-03   -0.34584E-06
    97    0.25475E+04    0.69053E+00    0.00000E+00   -0.20670E+02    0.95933E-07    0.28013E-03   -0.33802E-06
    98    0.25777E+04    0.70474E+00    0.00000E+00   -0.21300E+02    0.95305E-07    0.25695E-03   -0.32479E-06
    99    0.26080E+04    0.71881E+00    0.00000E+00   -0.21934E+02    0.94680E-07    0.23314E-03   -0.30685E-06
   100    0.26386E+04    0.73275E+00    0.00000E+00   -0.22567E+02    0.94060E-07    0.20895E-03   -0.28489E-06
   101    0.26693E+04    0.74662E+00    0.00000E+00   -0.23203E+02    0.93443E-07    0.18462E-03   -0.25964E-06
   102    0.27005E+04    0.76027E+00    0.00000E+00   -0.23837E+02    0.92830E-07    0.16039E-03   -0.23179E-06
   103    0.27316E+04    0.77377E+00    0.00000E+00   -0.24473E+02    0.92221E-07    0.13652E-03   -0.20205E-06
   104    0.27630E+04    0.78713E+00    0.00000E+00   -0.25106E+02    0.91616E-07    0.11325E-03   -0.17112E-06
   105    0.27945E+04    0.80027E+00    0.00000E+00   -0.25738E+02    0.91015E-07    0.90827E-04   -0.13971E-06
   106    0.28262E+04    0.81327E+00    0.00000E+00   -0.26369E+02    0.90418E-07    0.69495E-04   -0.10852E-06
   107    0.28578E+04    0.82597E+00    0.00000E+00   -0.26997E+02    0.89826E-07    0.49501E-04   -0.78248E-07
   108    0.28898E+04    0.83846E+00    0.00000E+00   -0.27622E+02    0.89237E-07    0.31090E-04   -0.49603E-07
   109    0.29220E+04    0.85067E+00    0.00000E+00   -0.28244E+02    0.88653E-07    0.14508E-04   -0.23287E-07
   110    0.29542E+04    0.86258E+00    0.00000E+00   -0.28861E+02    0.88073E-07    0.00000E+00    0.00000E+00
   111    0.29866E+04    0.87428E+00    0.00000E+00   -0.29474E+02    0.87497E-07   -0.12254E-04    0.19712E-07
   112    0.30191E+04    0.88569E+00    0.00000E+00   -0.30082E+02    0.86926E-07   -0.22335E-04    0.35930E-07
   113    0.30519E+04    0.89681E+00    0.00000E+00   -0.30685E+02    0.86359E-07   -0.30392E-04    0.48890E-07
   114    0.30847E+04    0.90757E+00    0.00000E+00   -0.31281E+02    0.85796E-07   -0.36571E-04    0.58831E-07
   115    0.31177E+04    0.91812E+00    0.00000E+00   -0.31871E+02    0.85238E-07   -0.41021E-04    0.65988E-07
   116    0.31507E+04    0.92824E+00    0.00000E+00   -0.32453E+02    0.84683E-07   -0.43887E-04    0.70599E-07
   117    0.31841E+04    0.93799E+00    0.00000E+00   -0.33027E+02    0.84133E-07   -0.45317E-04    0.72899E-07
   118    0.32175E+04    0.94754E+00    0.00000E+00   -0.33593E+02    0.83588E-07   -0.45458E-04    0.73126E-07
   119    0.32510E+04    0.95672E+00    0.00000E+00   -0.34150E+02    0.83046E-07   -0.44457E-04    0.71516E-07
   120    0.32846E+04    0.96540E+00    0.00000E+00   -0.34697E+02    0.82509E-07   -0.42461E-04    0.68304E-07
   121    0.33182E+04    0.97386E+00    0.00000E+00   -0.35235E+02    0.81976E-07   -0.39616E-04    0.63728E-07
   122    0.33518E+04    0.98182E+00    0.00000E+00   -0.35761E+02    0.81447E-07   -0.36068E-04    0.58022E-07
   123    0.33855E+04    0.98935E+00    0.00000E+00   -0.36278E+02    0.80922E-07   -0.31966E-04    0.51422E-07
   124    0.34193E+04    0.99652E+00    0.00000E+00   -0.36781E+02    0.80402E-07   -0.27455E-04    0.44165E-07
   125    0.34530E+04    0.10033E+01    0.00000E+00   -0.37272E+02    0.79886E-07   -0.22681E-04    0.36486E-07
   126    0.34869E+04    0.10096E+01    0.00000E+00   -0.37752E+02    0.79374E-07   -0.17791E-04    0.28620E-07
   127    0.35207E+04    0.10155E+01    0.00000E+00   -0.38218E+02    0.78866E-07   -0.12932E-04    0.20803E-07
   128    0.35544E+04    0.10210E+01    0.00000E+00   -0.38672E+02    0.78363E-07   -0.82498E-05    0.13271E-07
   129    0.35883E+04    0.10260E+01    0.00000E+00   -0.39111E+02    0.77863E-07   -0.38903E-05    0.62581E-08
   130    0.36221E+04    0.10305E+01    0.00000E+00   -0.39534E+02    0.77368E-07    0.00000E+00    0.00000E+00
   131    0.36559E+04    0.10347E+01    0.00000E+00   -0.39944E+02    0.76877E-07    0.33057E-05   -0.53177E-08
   132    0.36897E+04    0.10383E+01    0.00000E+00   -0.40338E+02    0.76390E-07    0.60343E-05   -0.97071E-08
   133    0.37235E+04    0.10416E+01    0.00000E+00   -0.40717E+02    0.75908E-07    0.82241E-05   -0.13230E-07
   134    0.37573E+04    0.10443E+01    0.00000E+00   -0.41078E+02    0.75429E-07    0.99133E-05   -0.15947E-07
   135    0.37910E+04    0.10466E+01    0.00000E+00   -0.41423E+02    0.74955E-07    0.11140E-04   -0.17921E-07
   136    0.38246E+04    0.10484E+01    0.00000E+00   -0.41748E+02    0.74484E-07    0.11943E-04   -0.19212E-07
   137    0.38581E+04    0.10498E+01    0.00000E+00   -0.42057E+02    0.74018E-07    0.12359E-04   -0.19882E-07
   138    0.38916E+04    0.10506E+01    0.00000E+00   -0.42347E+02    0.73555E-07    0.12428E-04   -0.19993E-07
   139    0.39248E+04    0.10511E+01    0.00000E+00   -0.42617E+02    0.73097E-07    0.12187E-04   -0.19605E-07
   140    0.39581E+04    0.10510E+01    0.00000E+00   -0.42870E+02    0.72642E-07    0.11675E-04   -0.18781E-07
   141    0.39912E+04    0.10505E+01    0.00000E+00   -0.43101E+02    0.72191E-07    0.10929E-04   -0.17582E-07
   142    0.40243E+04    0.10495E+01    0.00000E+00   -0.43313E+02    0.71745E-07    0.99883E-05   -0.16068E-07
   143    0.40572E+04    0.10480E+01    0.00000E+00   -0.43504E+02    0.71302E-07    0.88901E-05   -0.14301E-07
   144    0.40900E+04    0.10461E+01    0.00000E+00   -0.43676E+02    0.70863E-07    0.76729E-05   -0.12343E-07
   145    0.41226E+04    0.10438E+01    0.00000E+00   -0.43826E+02    0.70427E-07    0.63746E-05   -0.10254E-07
   146    0.41553E+04    0.10410E+01    0.00000E+00   -0.43954E+02    0.69996E-07    0.50333E-05   -0.80969E-08
   147    0.41876E+04    0.10378E+01    0.00000E+00   -0.44060E+02    0.69568E-07    0.36872E-05   -0.59315E-08
   148    0.42198E+04    0.10341E+01    0.00000E+00   -0.44145E+02    0.69144E-07    0.23743E-05   -0.38194E-08
   149    0.42519E+04    0.10299E+01    0.00000E+00   -0.44208E+02    0.68724E-07    0.11325E-05   -0.18218E-08
   150    0.42836E+04    0.10255E+01    0.00000E+00   -0.44245E+02    0.68307E-07    0.00000E+00    0.00000E+00
   151    0.43153E+04    0.10206E+01    0.00000E+00   -0.44261E+02    0.67894E-07   -0.99287E-06    0.15972E-08
   152    0.43467E+04    0.10152E+01    0.00000E+00   -0.44253E+02    0.67485E-07   -0.18460E-05    0.29695E-08
   153    0.43779E+04    0.10094E+01    0.00000E+00   -0.44220E+02    0.67079E-07   -0.25667E-05    0.41289E-08
   154    0.44089E+04    0.10033E+01    0.00000E+00   -0.44164E+02    0.66677E-07   -0.31626E-05    0.50875E-08
   155    0.44396E+04    0.99686E+00    0.00000E+00   -0.44084E+02    0.66279E-07   -0.36410E-05    0.58572E-08
   156    0.44700E+04    0.99006E+00    0.00000E+00   -0.43979E+02    0.65883E-07   -0.40095E-05    0.64499E-08
   157    0.45004E+04    0.98291E+00    0.00000E+00   -0.43849E+02    0.65492E-07   -0.42754E-05    0.68776E-08
   158    0.45304E+04    0.97548E+00    0.00000E+00   -0.43695E+02    0.65104E-07   -0.44462E-05    0.71524E-08
   159    0.45601E+04    0.96763E+00    0.00000E+00   -0.43515E+02    0.64719E-07   -0.45294E-05    0.72862E-08
   160    0.45896E+04    0.95949E+00    0.00000E+00   -0.43309E+02    0.64337E-07   -0.45323E-05    0.72909E-08
   161    0.46189E+04    0.95116E+00    0.00000E+00   -0.43079E+02    0.63959E-07   -0.44624E-05    0.71785E-08
   162    0.46479E+04    0.94247E+00    0.00000E+00   -0.42823E+02    0.63585E-07   -0.43272E-05    0.69610E-08
   163    0.46767E+04    0.93350E+00    0.00000E+00   -0.42542E+02    0.63213E-07   -0.41341E-05    0.66503E-08
   164    0.47051E+04    0.92433E+00    0.00000E+00   -0.42235E+02    0.62845E-07   -0.38904E-05    0.62583E-08
   165    0.47333E+04    0.91488E+00    0.00000E+00   -0.41902E+02    0.62480E-07   -0.36037E-05    0.57971E-08
   166    0.47613E+04    0.90529E+00    0.00000E+00   -0.41543E+02    0.62119E-07   -0.32813E-05    0.52785E-08
   167    0.47889E+04    0.89536E+00    0.00000E+00   -0.41159E+02    0.61760E-07   -0.29307E-05    0.47145E-08
   168    0.48162E+04    0.88543E+00    0.00000E+00   -0.40748E+02    0.61405E-07   -0.25593E-05    0.41170E-08
   169    0.48431E+04    0.87523E+00    0.00000E+00   -0.40310E+02    0.61053E-07   -0.21745E-05    0.34980E-08
   170    0.48697E+04    0.86497E+00    0.00000E+00   -0.39846E+02    0.60703E-07   -0.17837E-05    0.28694E-08
   171    0.48959E+04    0.85466E+00    0.00000E+00   -0.39354E+02    0.60357E-07   -0.13944E-05    0.22432E-08
   172    0.49217E+04    0.84421E+00    0.00000E+00   -0.38836E+02    0.60014E-07   -0.10140E-05    0.16312E-08
   173    0.49470E+04    0.83362E+00    0.00000E+00   -0.38292E+02    0.59674E-07   -0.64984E-06    0.10454E-08
   174    0.49721E+04    0.82320E+00    0.00000E+00   -0.37722E+02    0.59337E-07   -0.30937E-06    0.49767E-09
   175    0.49967E+04    0.81264E+00    0.00000E+00   -0.37124E+02    0.59003E-07    0.00000E+00    0.00000E+00
   176    0.50208E+04    0.80218E+00    0.00000E+00   -0.36499E+02    0.58672E-07    0.27240E-06   -0.43819E-09
   177    0.50445E+04    0.79173E+00    0.00000E+00   -0.35849E+02    0.58344E-07    0.50811E-06   -0.81737E-09
   178    0.50678E+04    0.78151E+00    0.00000E+00   -0.35171E+02    0.58018E-07    0.70896E-06   -0.11405E-08
   179    0.50906E+04    0.77123E+00    0.00000E+00   -0.34466E+02    0.57696E-07    0.87678E-06   -0.14104E-08
   180    0.51131E+04    0.76111E+00    0.00000E+00   -0.33736E+02    0.57376E-07    0.10134E-05   -0.16302E-08
   181    0.51351E+04    0.75115E+00    0.00000E+00   -0.32980E+02    0.57059E-07    0.11206E-05   -0.18027E-08
   182    0.51566E+04    0.74142E+00    0.00000E+00   -0.32197E+02    0.56745E-07    0.12003E-05   -0.19309E-08
   183    0.51776E+04    0.73184E+00    0.00000E+00   -0.31389E+02    0.56434E-07    0.12542E-05   -0.20176E-08
   184    0.51982E+04    0.72250E+00    0.00000E+00   -0.30554E+02    0.56125E-07    0.12843E-05   -0.20660E-08
   185    0.52183E+04    0.71354E+00    0.00000E+00   -0.29695E+02    0.55819E-07    0.12922E-05   -0.20787E-08
   186    0.52377E+04    0.70481E+00    0.00000E+00   -0.28809E+02    0.55515E-07    0.12799E-05   -0.20589E-08
   187    0.52568E+04    0.69647E+00    0.00000E+00   -0.27897E+02    0.55214E-07    0.12492E-05   -0.20095E-08
   188    0.52755E+04    0.68848E+00    0.00000E+00   -0.26961E+02    0.54916E-07    0.12018E-05   -0.19333E-08
   189    0.52936E+04    0.68089E+00    0.00000E+00   -0.26000E+02    0.54620E-07    0.11396E-05   -0.18333E-08
   190    0.53115E+04    0.67375E+00    0.00000E+00   -0.25015E+02    0.54327E-07    0.10645E-05   -0.17124E-08
   191    0.53285E+04    0.66708E+00    0.00000E+00   -0.24004E+02    0.54037E-07    0.97818E-06   -0.15736E-08
   192    0.53451E+04    0.66090E+00    0.00000E+00   -0.22969E+02    0.53748E-07    0.88256E-06   -0.14197E-08
   193    0.53612E+04    0.65525E+00    0.00000E+00   -0.21911E+02    0.53463E-07    0.77942E-06   -0.12538E-08
   194    0.53769E+04    0.65017E+00    0.00000E+00   -0.20829E+02    0.53179E-07    0.67059E-06   -0.10787E-08
   195    0.53920E+04    0.64570E+00    0.00000E+00   -0.19724E+02    0.52899E-07    0.55789E-06   -0.89745E-09
   196    0.54065E+04    0.64185E+00    0.00000E+00   -0.18596E+02    0.52620E-07    0.44314E-06   -0.71285E-09
   197    0.54205E+04    0.63869E+00    0.00000E+00   -0.17445E+02    0.52344E-07    0.32815E-06   -0.52788E-09
   198    0.54341E+04    0.63624E+00    0.00000E+00   -0.16273E+02    0.52070E-07    0.21476E-06   -0.34547E-09
   199    0.54471E+04    0.63452E+00    0.00000E+00   -0.15078E+02    0.51798E-07    0.10477E-06   -0.16853E-09
   200    0.54596E+04    0.63357E+00    0.00000E+00   -0.13862E+02    0.51529E-07    0.00000E+00    0.00000E+00
   201    0.54716E+04    0.63344E+00    0.00000E+00   -0.12625E+02    0.51262E-07   -0.98056E-07    0.15774E-09
   202    0.54830E+04    0.63415E+00    0.00000E+00   -0.11367E+02    0.50997E-07   -0.18925E-06    0.30443E-09
   203    0.54938E+04    0.63575E+00    0.00000E+00   -0.10088E+02    0.50734E-07   -0.27376E-06    0.44038E-09
   204    0.55040E+04    0.63826E+00    0.00000E+00   -0.87908E+01    0.50474E-07   -0.35176E-06    0.56586E-09
   205    0.55137E+04    0.64173E+00    0.00000E+00   -0.74733E+01    0.50215E-07   -0.42343E-06    0.68116E-09
   206    0.55227E+04    0.64620E+00    0.00000E+00   -0.61367E+01    0.49959E-07   -0.48896E-06    0.78657E-09
   207    0.55312E+04    0.65167E+00    0.00000E+00   -0.47815E+01    0.49705E-07   -0.54853E-06    0.88239E-09
   208    0.55389E+04    0.65821E+00    0.00000E+00   -0.34080E+01    0.49453E-07   -0.60230E-06    0.96889E-09
   209    0.55461E+04    0.66584E+00    0.00000E+00   -0.20168E+01    0.49203E-07   -0.65046E-06    0.10464E-08
   210    0.55526E+04    0.67461E+00    0.00000E+00   -0.60859E+00    0.48955E-07   -0.69319E-06    0.11151E-08
   211    0.55586E+04    0.68454E+00    0.00000E+00    0.81649E+00    0.48709E-07   -0.73067E-06    0.11754E-08
   212    0.55639E+04    0.69567E+00    0.00000E+00    0.22575E+01    0.48465E-07   -0.76308E-06    0.12275E-08
   213    0.55686E+04    0.70803E+00    0.00000E+00    0.37146E+01    0.48223E-07   -0.79059E-06    0.12718E-08
   214    0.55727E+04    0.72163E+00    0.00000E+00    0.51865E+01    0.47983E-07   -0.81339E-06    0.13085E-08
   215    0.55762E+04    0.73665E+00    0.00000E+00    0.66724E+01    0.47746E-07   -0.83165E-06    0.13378E-08
   216    0.55790E+04    0.75290E+00    0.00000E+00    0.81730E+01    0.47510E-07   -0.84555E-06    0.13602E-08
   217    0.55813E+04    0.77055E+00    0.00000E+00    0.96862E+01    0.47275E-07   -0.85528E-06    0.13758E-08
   218    0.55829E+04    0.78959E+00    0.00000E+00    0.11212E+02    0.47043E-07   -0.86100E-06    0.13851E-08
   219    0.55840E+04    0.81002E+00    0.00000E+00    0.12752E+02    0.46813E-07   -0.86290E-06    0.13881E-08
   220    0.55845E+04    0.83198E+00    0.00000E+00    0.14302E+02    0.46585E-07   -0.86116E-06    0.13853E-08
   221    0.55843E+04    0.85541E+00    0.00000E+00    0.15862E+02    0.46358E-07   -0.85596E-06    0.13769E-08
   222    0.55836E+04    0.88044E+00    0.00000E+00    0.17434E+02    0.46133E-07   -0.84747E-06    0.13633E-08
   223    0.55822E+04    0.90702E+00    0.00000E+00    0.19016E+02    0.45910E-07   -0.83587E-06    0.13446E-08
   224    0.55803E+04    0.93512E+00    0.00000E+00    0.20605E+02    0.45689E-07   -0.82134E-06    0.13213E-08
   225    0.55777E+04    0.96491E+00    0.00000E+00    0.22204E+02    0.45470E-07   -0.80406E-06    0.12935E-08
   226    0.55746E+04    0.99637E+00    0.00000E+00    0.23810E+02    0.45252E-07   -0.78422E-06    0.12615E-08
   227    0.55707E+04    0.10295E+01    0.00000E+00    0.25424E+02    0.45036E-07   -0.76197E-06    0.12257E-08
   228    0.55664E+04    0.10643E+01    0.00000E+00    0.27044E+02    0.44822E-07   -0.73752E-06    0.11864E-08
   229    0.55615E+04    0.11009E+01    0.00000E+00    0.28670E+02    0.44610E-07   -0.71102E-06    0.11438E-08
   230    0.55559E+04    0.11392E+01    0.00000E+00    0.30301E+02    0.44399E-07   -0.68267E-06    0.10982E-08
   231    0.55497E+04    0.11794E+01    0.00000E+00    0.31937E+02    0.44190E-07   -0.65264E-06    0.10499E-08
   232    0.55429E+04    0.12213E+01    0.00000E+00    0.33577E+02    0.43982E-07   -0.62111E-06    0.99915E-09
   233    0.55355E+04    0.12652E+01    0.00000E+00    0.35219E+02    0.43777E-07   -0.58825E-06    0.94629E-09
   234    0.55274E+04    0.13109E+01    0.00000E+00    0.36863E+02    0.43572E-07   -0.55425E-06    0.89160E-09
   235    0.55188E+04    0.13584E+01    0.00000E+00    0.38509E+02    0.43370E-07   -0.51929E-06    0.83535E-09
   236    0.55095E+04    0.14079E+01    0.00000E+00    0.40157E+02    0.43168E-07   -0.48353E-06    0.77784E-09
   237    0.54997E+04    0.14594E+01    0.00000E+00    0.41804E+02    0.42969E-07   -0.44717E-06    0.71934E-09
   238    0.54892E+04    0.15129E+01    0.00000E+00    0.43452E+02    0.42771E-07   -0.41037E-06    0.66015E-09
   239    0.54782E+04    0.15683E+01    0.00000E+00    0.45098E+02    0.42574E-07   -0.37332E-06    0.60055E-09
   240    0.54665E+04    0.16256E+01    0.00000E+00    0.46742E+02    0.42379E-07   -0.33620E-06    0.54083E-09
   241    0.54543E+04    0.16851E+01    0.00000E+00    0.48383E+02    0.42186E-07   -0.29918E-06    0.48127E-09
   242    0.54415E+04    0.17465E+01    0.00000E+00    0.50021E+02    0.41994E-07   -0.26244E-06    0.42217E-09
   243    0.54282E+04    0.18100E+01    0.00000E+00    0.51655E+02    0.41803E-07   -0.22615E-06    0.36380E-09
   244    0.54142E+04    0.18756E+01    0.00000E+00    0.53285E+02    0.41614E-07   -0.19051E-06    0.30646E-09
   245    0.53997E+04    0.19433E+01    0.00000E+00    0.54908E+02    0.41426E-07   -0.15568E-06    0.25044E-09
   246    0.53846E+04    0.20130E+01    0.00000E+00    0.56527E+02    0.41239E-07   -0.12185E-06    0.19601E-09
   247    0.53690E+04    0.20849E+01    0.00000E+00    0.58137E+02    0.41054E-07   -0.89182E-07    0.14346E-09
   248    0.53529E+04    0.21591E+01    0.00000E+00    0.59741E+02    0.40870E-07   -0.57868E-07    0.93089E-10
   249    0.53363E+04    0.22352E+01    0.00000E+00    0.61336E+02    0.40688E-07   -0.28081E-07    0.45173E-10
   250    0.53190E+04    0.23136E+01    0.00000E+00    0.62922E+02    0.40507E-07    0.00000E+00    0.00000E+00
   251    0.53014E+04    0.23941E+01    0.00000E+00    0.64498E+02    0.40327E-07    0.26235E-07   -0.42203E-10
   252    0.52831E+04    0.24768E+01    0.00000E+00    0.66065E+02    0.40148E-07    0.50635E-07   -0.81453E-10
   253    0.52644E+04    0.25615E+01    0.00000E+00    0.67620E+02    0.39971E-07    0.73246E-07   -0.11783E-09
   254    0.52452E+04    0.26486E+01    0.00000E+00    0.69162E+02    0.39795E-07    0.94118E-07   -0.15140E-09
   255    0.52255E+04    0.27377E+01    0.00000E+00    0.70694E+02    0.39620E-07    0.11330E-06   -0.18226E-09
   256    0.52053E+04    0.28292E+01    0.00000E+00    0.72213E+02    0.39446E-07    0.13083E-06   -0.21046E-09
   257    0.51847E+04    0.29227E+01    0.00000E+00    0.73712E+02    0.39274E-07    0.14677E-06   -0.23610E-09
   258    0.51635E+04    0.30185E+01    0.00000E+00    0.75204E+02    0.39103E-07    0.16116E-06   -0.25925E-09
   259    0.51419E+04    0.31165E+01    0.00000E+00    0.76674E+02    0.38933E-07    0.17405E-06   -0.27999E-09
   260    0.51199E+04    0.32166E+01    0.00000E+00    0.78137E+02    0.38764E-07    0.18549E-06   -0.29838E-09
   261    0.50975E+04    0.33189E+01    0.00000E+00    0.79570E+02    0.38596E-07    0.19552E-06   -0.31452E-09
   262    0.50745E+04    0.34235E+01    0.00000E+00    0.80996E+02    0.38430E-07    0.20419E-06   -0.32847E-09
   263    0.50513E+04    0.35302E+01    0.00000E+00    0.82408E+02    0.38264E-07    0.21156E-06   -0.34032E-09
   264    0.50276E+04    0.36391E+01    0.00000E+00    0.83797E+02    0.38100E-07    0.21766E-06   -0.35014E-09
   265    0.50033E+04    0.37501E+01    0.00000E+00    0.85157E+02    0.37937E-07    0.22255E-06   -0.35800E-09
   266    0.49787E+04    0.38635E+01    0.00000E+00    0.86510E+02    0.37775E-07    0.22627E-06   -0.36399E-09
   267    0.49536E+04    0.39788E+01    0.00000E+00    0.87833E+02    0.37615E-07    0.22888E-06   -0.36818E-09
   268    0.49282E+04    0.40964E+01    0.00000E+00    0.89141E+02    0.37455E-07    0.23041E-06   -0.37065E-09
   269    0.49022E+04    0.42161E+01    0.00000E+00    0.90428E+02    0.37296E-07    0.23092E-06   -0.37147E-09
   270    0.48760E+04    0.43379E+01    0.00000E+00    0.91692E+02    0.37139E-07    0.23046E-06   -0.37073E-09
   271    0.48494E+04    0.44618E+01    0.00000E+00    0.92935E+02    0.36983E-07    0.22907E-06   -0.36849E-09
   272    0.48225E+04    0.45880E+01    0.00000E+00    0.94148E+02    0.36827E-07    0.22680E-06   -0.36484E-09
   273    0.47952E+04    0.47159E+01    0.00000E+00    0.95347E+02    0.36673E-07    0.22370E-06   -0.35985E-09
   274    0.47676E+04    0.48462E+01    0.00000E+00    0.96509E+02    0.36520E-07    0.21981E-06   -0.35360E-09
   275    0.47396E+04    0.49782E+01    0.00000E+00    0.97656E+02    0.36368E-07    0.21519E-06   -0.34616E-09
   276    0.47115E+04    0.51124E+01    0.00000E+00    0.98767E+02    0.36216E-07    0.20988E-06   -0.33762E-09
   277    0.46828E+04    0.52486E+01    0.00000E+00    0.99863E+02    0.36066E-07    0.20393E-06   -0.32805E-09
   278    0.46540E+04    0.53867E+01    0.00000E+00    0.10092E+03    0.35917E-07    0.19738E-06   -0.31752E-09
   279    0.46248E+04    0.55268E+01    0.00000E+00    0.10195E+03    0.35769E-07    0.19030E-06   -0.30612E-09
   280    0.45953E+04    0.56687E+01    0.00000E+00    0.10297E+03    0.35622E-07    0.18271E-06   -0.29392E-09
   281    0.45657E+04    0.58126E+01    0.00000E+00    0.10395E+03    0.35476E-07    0.17467E-06   -0.28099E-09
   282    0.45357E+04    0.59582E+01    0.00000E+00    0.10490E+03    0.35331E-07    0.16624E-06   -0.26742E-09
   283    0.45055E+04    0.61057E+01    0.00000E+00    0.10582E+03    0.35186E-07    0.15744E-06   -0.25327E-09
   284    0.44751E+04    0.62550E+01    0.00000E+00    0.10671E+03    0.35043E-07    0.14834E-06   -0.23864E-09
   285    0.44444E+04    0.64062E+01    0.00000E+00    0.10757E+03    0.34901E-07    0.13899E-06   -0.22358E-09
   286    0.44135E+04    0.65590E+01    0.00000E+00    0.10840E+03    0.34759E-07    0.12942E-06   -0.20819E-09
   287    0.43824E+04    0.67135E+01    0.00000E+00    0.10920E+03    0.34619E-07    0.11969E-06   -0.19253E-09
   288    0.43511E+04    0.68697E+01    0.00000E+00    0.10997E+03    0.34479E-07    0.10984E-06   -0.17669E-09
   289    0.43195E+04    0.70275E+01    0.00000E+00    0.11070E+03    0.34340E-07    0.99923E-07   -0.16074E-09
   290    0.42879E+04    0.71868E+01    0.00000E+00    0.11141E+03    0.34202E-07    0.89987E-07   -0.14476E-09
   291    0.42560E+04    0.73482E+01    0.00000E+00    0.11208E+03    0.34065E-07    0.80079E-07   -0.12882E-09
   292    0.42238E+04    0.75108E+01    0.00000E+00    0.11272E+03    0.33929E-07    0.70245E-07   -0.11300E-09
   293    0.41917E+04    0.76741E+01    0.00000E+00    0.11332E+03    0.33794E-07    0.60534E-07   -0.97379E-10
   294    0.41593E+04    0.78395E+01    0.00000E+00    0.11389E+03    0.33660E-07    0.50994E-07   -0.82031E-10
   295    0.41269E+04    0.80057E+01    0.00000E+00    0.11443E+03    0.33526E-07    0.41672E-07   -0.67035E-10
   296    0.40943E+04    0.81741E+01    0.00000E+00    0.11493E+03    0.33393E-07    0.32615E-07   -0.52466E-10
   297    0.40616E+04    0.83425E+01    0.00000E+00    0.11541E+03    0.33261E-07    0.23872E-07   -0.38402E-10
   298    0.40287E+04    0.85130E+01    0.00000E+00    0.11584E+03    0.33130E-07    0.15490E-07   -0.24918E-10
   299    0.39958E+04    0.86851E+01    0.00000E+00    0.11623E+03    0.33000E-07    0.75168E-08   -0.12092E-10
   300    0.39627E+04    0.88571E+01    0.00000E+00    0.11659E+03    0.32870E-07    0.00000E+00    0.00000E+00
   301    0.39296E+04    0.90306E+01    0.00000E+00    0.11692E+03    0.32741E-07   -0.70227E-08    0.11297E-10
   302    0.38964E+04    0.92048E+01    0.00000E+00    0.11722E+03    0.32613E-07   -0.13554E-07    0.21804E-10
   303    0.38632E+04    0.93805E+01    0.00000E+00    0.11747E+03    0.32486E-07   -0.19607E-07    0.31541E-10
   304    0.38299E+04    0.95576E+01    0.00000E+00    0.11769E+03    0.32360E-07   -0.25194E-07    0.40529E-10
   305    0.37966E+04    0.97348E+01    0.00000E+00    0.11787E+03    0.32234E-07   -0.30329E-07    0.48788E-10
   306    0.37633E+04    0.99126E+01    0.00000E+00    0.11801E+03    0.32109E-07   -0.35023E-07    0.56340E-10
   307    0.37299E+04    0.10091E+02    0.00000E+00    0.11812E+03    0.31984E-07   -0.39290E-07    0.63204E-10
   308    0.36966E+04    0.10272E+02    0.00000E+00    0.11820E+03    0.31861E-07   -0.43142E-07    0.69401E-10
   309    0.36633E+04    0.10452E+02    0.00000E+00    0.11823E+03    0.31738E-07   -0.46593E-07    0.74952E-10
   310    0.36299E+04    0.10632E+02    0.00000E+00    0.11823E+03    0.31616E-07   -0.49655E-07    0.79877E-10
   311    0.35966E+04    0.10814E+02    0.00000E+00    0.11818E+03    0.31495E-07   -0.52341E-07    0.84198E-10
   312    0.35634E+04    0.10996E+02    0.00000E+00    0.11811E+03    0.31374E-07   -0.54663E-07    0.87934E-10
   313    0.35302E+04    0.11178E+02    0.00000E+00    0.11799E+03    0.31254E-07   -0.56635E-07    0.91106E-10
   314    0.34971E+04    0.11361E+02    0.00000E+00    0.11785E+03    0.31135E-07   -0.58269E-07    0.93735E-10
   315    0.34640E+04    0.11544E+02    0.00000E+00    0.11766E+03    0.31016E-07   -0.59578E-07    0.95841E-10
   316    0.34310E+04    0.11727E+02    0.00000E+00    0.11743E+03    0.30898E-07   -0.60575E-07    0.97445E-10
   317    0.33981E+04    0.11909E+02    0.00000E+00    0.11716E+03    0.30781E-07   -0.61273E-07    0.98567E-10
   318    0.33653E+04    0.12093E+02    0.00000E+00    0.11686E+03    0.30664E-07   -0.61684E-07    0.99228E-10
   319    0.33326E+04    0.12276E+02    0.00000E+00    0.11653E+03    0.30548E-07   -0.61821E-07    0.99449E-10
   320    0.33000E+04    0.12459E+02    0.00000E+00    0.11616E+03    0.30433E-07   -0.61698E-07    0.99250E-10
   321    0.32676E+04    0.12642E+02    0.00000E+00    0.11575E+03    0.30319E-07   -0.61326E-07    0.98652E-10
   322    0.32352E+04    0.12825E+02    0.00000E+00    0.11530E+03    0.30205E-07   -0.60718E-07    0.97675E-10
   323    0.32030E+04    0.13007E+02    0.00000E+00    0.11482E+03    0.30092E-07   -0.59888E-07    0.96339E-10
   324    0.31710E+04    0.13190E+02    0.00000E+00    0.11429E+03    0.29979E-07   -0.58848E-07    0.94667E-10
   325    0.31392E+04    0.13370E+02    0.00000E+00    0.11374E+03    0.29867E-07   -0.57611E-07    0.92677E-10
   326    0.31074E+04    0.13552E+02    0.00000E+00    0.11314E+03    0.29756E-07   -0.56190E-07    0.90390E-10
   327    0.30759E+04    0.13733E+02    0.00000E+00    0.11251E+03    0.29645E-07   -0.54597E-07    0.87828E-10
   328    0.30446E+04    0.13912E+02    0.00000E+00    0.11185E+03    0.29535E-07   -0.52846E-07    0.85010E-10
   329    0.30134E+04    0.14092E+02    0.00000E+00    0.11115E+03    0.29425E-07   -0.50948E-07    0.81958E-10
   330    0.29825E+04    0.14270E+02    0.00000E+00    0.11040E+03    0.29317E-07   -0.48917E-07    0.78691E-10
   331    0.29518E+04    0.14447E+02    0.00000E+00    0.10963E+03    0.29208E-07   -0.46766E-07    0.75230E-10
   332    0.29213E+04    0.14625E+02    0.00000E+00    0.10883E+03    0.29101E-07   -0.44507E-07    0.71596E-10
   333    0.28910E+04    0.14800E+02    0.00000E+00    0.10800E+03    0.28994E-07   -0.42153E-07    0.67810E-10
   334    0.28610E+04    0.14976E+02    0.00000E+00    0.10712E+03    0.28887E-07   -0.39718E-07    0.63892E-10
   335    0.28312E+04    0.15148E+02    0.00000E+00    0.10621E+03    0.28781E-07   -0.37212E-07    0.59862E-10
   336    0.28016E+04    0.15321E+02    0.00000E+00    0.10527E+03    0.28676E-07   -0.34651E-07    0.55741E-10
   337    0.27724E+04    0.15492E+02    0.00000E+00    0.10429E+03    0.28571E-07   -0.32045E-07    0.51550E-10
   338    0.27433E+04    0.15662E+02    0.00000E+00    0.10328E+03    0.28467E-07   -0.29409E-07    0.47308E-10
   339    0.27146E+04    0.15831E+02    0.00000E+00    0.10224E+03    0.28363E-07   -0.26754E-07    0.43038E-10
   340    0.26861E+04    0.15998E+02    0.00000E+00    0.10118E+03    0.28260E-07   -0.24094E-07    0.38759E-10
   341    0.26579E+04    0.16163E+02    0.00000E+00    0.10007E+03    0.28158E-07   -0.21441E-07    0.34491E-10
   342    0.26300E+04    0.16328E+02    0.00000E+00    0.98927E+02    0.28056E-07   -0.18808E-07    0.30256E-10
   343    0.26024E+04    0.16490E+02    0.00000E+00    0.97759E+02    0.27955E-07   -0.16208E-07    0.26073E-10
   344    0.25752E+04    0.16651E+02    0.00000E+00    0.96561E+02    0.27854E-07   -0.13654E-07    0.21964E-10
   345    0.25482E+04    0.16810E+02    0.00000E+00    0.95334E+02    0.27753E-07   -0.11158E-07    0.17949E-10
   346    0.25215E+04    0.16967E+02    0.00000E+00    0.94084E+02    0.27653E-07   -0.87328E-08    0.14048E-10
   347    0.24952E+04    0.17122E+02    0.00000E+00    0.92798E+02    0.27554E-07   -0.63918E-08    0.10282E-10
   348    0.24692E+04    0.17275E+02    0.00000E+00    0.91482E+02    0.27455E-07   -0.41475E-08    0.66719E-11
   349    0.24435E+04    0.17426E+02    0.00000E+00    0.90136E+02    0.27357E-07   -0.20127E-08    0.32377E-11
   350    0.24181E+04    0.17575E+02    0.00000E+00    0.88768E+02    0.27259E-07    0.00000E+00    0.00000E+00
   351    0.23933E+04    0.17722E+02    0.00000E+00    0.87371E+02    0.27162E-07    0.18804E-08   -0.30249E-11
   352    0.23686E+04    0.17866E+02    0.00000E+00    0.85944E+02    0.27065E-07    0.36293E-08   -0.58382E-11
   353    0.23444E+04    0.18008E+02    0.00000E+00    0.84502E+02    0.26969E-07    0.52500E-08   -0.84455E-11
   354    0.23204E+04    0.18148E+02    0.00000E+00    0.83024E+02    0.26873E-07    0.67461E-08   -0.10852E-10
   355    0.22969E+04    0.18285E+02    0.00000E+00    0.81523E+02    0.26778E-07    0.81209E-08   -0.13064E-10
   356    0.22737E+04    0.18421E+02    0.00000E+00    0.80007E+02    0.26683E-07    0.93779E-08   -0.15086E-10
   357    0.22509E+04    0.18553E+02    0.00000E+00    0.78461E+02    0.26589E-07    0.10521E-07   -0.16924E-10
   358    0.22286E+04    0.18682E+02    0.00000E+00    0.76901E+02    0.26495E-07    0.11552E-07   -0.18583E-10
   359    0.22065E+04    0.18808E+02    0.00000E+00    0.75311E+02    0.26401E-07    0.12476E-07   -0.20070E-10
   360    0.21849E+04    0.18933E+02    0.00000E+00    0.73703E+02    0.26308E-07    0.13296E-07   -0.21389E-10
   361    0.21636E+04    0.19054E+02    0.00000E+00    0.72071E+02    0.26216E-07    0.14015E-07   -0.22546E-10
   362    0.21428E+04    0.19173E+02    0.00000E+00    0.70419E+02    0.26124E-07    0.14637E-07   -0.23546E-10
   363    0.21224E+04    0.19289E+02    0.00000E+00    0.68750E+02    0.26032E-07    0.15165E-07   -0.24396E-10
   364    0.21024E+04    0.19401E+02    0.00000E+00    0.67059E+02    0.25941E-07    0.15603E-07   -0.25100E-10
   365    0.20827E+04    0.19511E+02    0.00000E+00    0.65352E+02    0.25850E-07    0.15954E-07   -0.25664E-10
   366    0.20635E+04    0.19618E+02    0.00000E+00    0.63627E+02    0.25760E-07    0.16221E-07   -0.26093E-10
   367    0.20447E+04    0.19721E+02    0.00000E+00    0.61885E+02    0.25671E-07    0.16407E-07   -0.26394E-10
   368    0.20263E+04    0.19821E+02    0.00000E+00    0.60128E+02    0.25581E-07    0.16518E-07   -0.26571E-10
   369    0.20084E+04    0.19919E+02    0.00000E+00    0.58354E+02    0.25492E-07    0.16554E-07   -0.26630E-10
   370    0.19909E+04    0.20013E+02    0.00000E+00    0.56568E+02    0.25404E-07    0.16521E-07   -0.26577E-10
   371    0.19737E+04    0.20103E+02    0.00000E+00    0.54767E+02    0.25316E-07    0.16422E-07   -0.26417E-10
   372    0.19570E+04    0.20190E+02    0.00000E+00    0.52954E+02    0.25228E-07    0.16259E-07   -0.26155E-10
   373    0.19407E+04    0.20274E+02    0.00000E+00    0.51126E+02    0.25141E-07    0.16037E-07   -0.25798E-10
   374    0.19249E+04    0.20355E+02    0.00000E+00    0.49289E+02    0.25055E-07    0.15759E-07   -0.25350E-10
   375    0.19094E+04    0.20432E+02    0.00000E+00    0.47440E+02    0.24968E-07    0.15427E-07   -0.24817E-10
   376    0.18945E+04    0.20506E+02    0.00000E+00    0.45581E+02    0.24883E-07    0.15047E-07   -0.24205E-10
   377    0.18799E+04    0.20576E+02    0.00000E+00    0.43715E+02    0.24797E-07    0.14620E-07   -0.23519E-10
   378    0.18658E+04    0.20642E+02    0.00000E+00    0.41837E+02    0.24712E-07    0.14151E-07   -0.22765E-10
   379    0.18521E+04    0.20705E+02    0.00000E+00    0.39954E+02    0.24627E-07    0.13643E-07   -0.21947E-10
   380    0.18389E+04    0.20766E+02    0.00000E+00    0.38062E+02    0.24543E-07    0.13100E-07   -0.21073E-10
   381    0.18261E+04    0.20820E+02    0.00000E+00    0.36165E+02    0.24460E-07    0.12523E-07   -0.20146E-10
   382    0.18136E+04    0.20872E+02    0.00000E+00    0.34263E+02    0.24376E-07    0.11919E-07   -0.19173E-10
   383    0.18017E+04    0.20920E+02    0.00000E+00    0.32354E+02    0.24293E-07    0.11288E-07   -0.18159E-10
   384    0.17903E+04    0.20963E+02    0.00000E+00    0.30444E+02    0.24211E-07    0.10636E-07   -0.17110E-10
   385    0.17792E+04    0.21005E+02    0.00000E+00    0.28529E+02    0.24128E-07    0.99653E-08   -0.16031E-10
   386    0.17685E+04    0.21042E+02    0.00000E+00    0.26612E+02    0.24047E-07    0.92793E-08   -0.14927E-10
   387    0.17583E+04    0.21075E+02    0.00000E+00    0.24694E+02    0.23965E-07    0.85816E-08   -0.13805E-10
   388    0.17485E+04    0.21104E+02    0.00000E+00    0.22775E+02    0.23884E-07    0.78756E-08   -0.12669E-10
   389    0.17392E+04    0.21127E+02    0.00000E+00    0.20856E+02    0.23804E-07    0.71646E-08   -0.11525E-10
   390    0.17302E+04    0.21149E+02    0.00000E+00    0.18938E+02    0.23723E-07    0.64523E-08   -0.10379E-10
   391    0.17218E+04    0.21167E+02    0.00000E+00    0.17021E+02    0.23644E-07    0.57418E-08   -0.92366E-11
   392    0.17137E+04    0.21182E+02    0.00000E+00    0.15108E+02    0.23564E-07    0.50368E-08   -0.81024E-11
   393    0.17061E+04    0.21192E+02    0.00000E+00    0.13196E+02    0.23485E-07    0.43405E-08   -0.69824E-11
   394    0.16989E+04    0.21199E+02    0.00000E+00    0.11290E+02    0.23406E-07    0.36565E-08   -0.58820E-11
   395    0.16920E+04    0.21201E+02    0.00000E+00    0.93870E+01    0.23328E-07    0.29880E-08   -0.48067E-11
   396    0.16857E+04    0.21199E+02    0.00000E+00    0.74907E+01    0.23250E-07    0.23387E-08   -0.37621E-11
   397    0.16797E+04    0.21194E+02    0.00000E+00    0.55999E+01    0.23172E-07    0.17118E-08   -0.27536E-11
   398    0.16741E+04    0.21185E+02    0.00000E+00    0.37159E+01    0.23095E-07    0.11107E-08   -0.17868E-11
   399    0.16690E+04    0.21172E+02    0.00000E+00    0.18396E+01    0.23018E-07    0.53900E-09   -0.86707E-12
   400    0.16642E+04    0.21155E+02    0.00000E+00   -0.28227E-01    0.22941E-07    0.00000E+00    0.00000E+00
   401    0.16599E+04    0.21134E+02    0.00000E+00   -0.18869E+01    0.22865E-07   -0.50358E-09    0.81009E-12
   402    0.16560E+04    0.21108E+02    0.00000E+00   -0.37356E+01    0.22789E-07   -0.97195E-09    0.15635E-11
   403    0.16525E+04    0.21080E+02    0.00000E+00   -0.55737E+01    0.22714E-07   -0.14060E-08    0.22618E-11
   404    0.16493E+04    0.21047E+02    0.00000E+00   -0.73996E+01    0.22639E-07   -0.18067E-08    0.29063E-11
   405    0.16466E+04    0.21010E+02    0.00000E+00   -0.92141E+01    0.22564E-07   -0.21749E-08    0.34986E-11
   406    0.16442E+04    0.20970E+02    0.00000E+00   -0.11015E+02    0.22489E-07   -0.25115E-08    0.40401E-11
   407    0.16423E+04    0.20925E+02    0.00000E+00   -0.12804E+02    0.22415E-07   -0.28175E-08    0.45324E-11
   408    0.16407E+04    0.20877E+02    0.00000E+00   -0.14576E+02    0.22341E-07   -0.30938E-08    0.49768E-11
   409    0.16395E+04    0.20826E+02    0.00000E+00   -0.16334E+02    0.22268E-07   -0.33413E-08    0.53749E-11
   410    0.16387E+04    0.20770E+02    0.00000E+00   -0.18077E+02    0.22195E-07   -0.35609E-08    0.57282E-11
   411    0.16383E+04    0.20711E+02    0.00000E+00   -0.19803E+02    0.22122E-07   -0.37535E-08    0.60381E-11
   412    0.16382E+04    0.20648E+02    0.00000E+00   -0.21512E+02    0.22049E-07   -0.39201E-08    0.63060E-11
   413    0.16384E+04    0.20582E+02    0.00000E+00   -0.23203E+02    0.21977E-07   -0.40615E-08    0.65335E-11
   414    0.16390E+04    0.20511E+02    0.00000E+00   -0.24877E+02    0.21905E-07   -0.41787E-08    0.67221E-11
   415    0.16400E+04    0.20438E+02    0.00000E+00   -0.26530E+02    0.21834E-07   -0.42726E-08    0.68732E-11
   416    0.16413E+04    0.20361E+02    0.00000E+00   -0.28164E+02    0.21763E-07   -0.43442E-08    0.69882E-11
   417    0.16429E+04    0.20281E+02    0.00000E+00   -0.29779E+02    0.21692E-07   -0.43942E-08    0.70688E-11
   418    0.16449E+04    0.20195E+02    0.00000E+00   -0.31371E+02    0.21621E-07   -0.44237E-08    0.71162E-11
   419    0.16472E+04    0.20108E+02    0.00000E+00   -0.32941E+02    0.21551E-07   -0.44336E-08    0.71321E-11
   420    0.16499E+04    0.20017E+02    0.00000E+00   -0.34490E+02    0.21481E-07   -0.44248E-08    0.71179E-11
   421    0.16529E+04    0.19923E+02    0.00000E+00   -0.36016E+02    0.21411E-07   -0.43981E-08    0.70750E-11
   422    0.16562E+04    0.19825E+02    0.00000E+00   -0.37519E+02    0.21342E-07   -0.43546E-08    0.70050E-11
   423    0.16598E+04    0.19723E+02    0.00000E+00   -0.38998E+02    0.21273E-07   -0.42951E-08    0.69093E-11
   424    0.16636E+04    0.19618E+02    0.00000E+00   -0.40453E+02    0.21205E-07   -0.42205E-08    0.67894E-11
   425    0.16678E+04    0.19510E+02    0.00000E+00   -0.41881E+02    0.21136E-07   -0.41318E-08    0.66467E-11
   426    0.16723E+04    0.19400E+02    0.00000E+00   -0.43285E+02    0.21068E-07   -0.40299E-08    0.64827E-11
   427    0.16771E+04    0.19285E+02    0.00000E+00   -0.44663E+02    0.21000E-07   -0.39157E-08    0.62990E-11
   428    0.16821E+04    0.19168E+02    0.00000E+00   -0.46013E+02    0.20933E-07   -0.37901E-08    0.60970E-11
   429    0.16874E+04    0.19048E+02    0.00000E+00   -0.47337E+02    0.20866E-07   -0.36540E-08    0.58781E-11
   430    0.16930E+04    0.18926E+02    0.00000E+00   -0.48633E+02    0.20799E-07   -0.35084E-08    0.56438E-11
   431    0.16989E+04    0.18800E+02    0.00000E+00   -0.49902E+02    0.20732E-07   -0.33541E-08    0.53956E-11
   432    0.17049E+04    0.18671E+02    0.00000E+00   -0.51142E+02    0.20666E-07   -0.31921E-08    0.51350E-11
   433    0.17113E+04    0.18540E+02    0.00000E+00   -0.52352E+02    0.20600E-07   -0.30233E-08    0.48635E-11
   434    0.17178E+04    0.18406E+02    0.00000E+00   -0.53535E+02    0.20535E-07   -0.28487E-08    0.45825E-11
   435    0.17246E+04    0.18270E+02    0.00000E+00   -0.54687E+02    0.20469E-07   -0.26690E-08    0.42935E-11
   436    0.17317E+04    0.18132E+02    0.00000E+00   -0.55810E+02    0.20404E-07   -0.24853E-08    0.39979E-11
   437    0.17389E+04    0.17990E+02    0.00000E+00   -0.56902E+02    0.20339E-07   -0.22984E-08    0.36973E-11
   438    0.17464E+04    0.17846E+02    0.00000E+00   -0.57962E+02    0.20275E-07   -0.21093E-08    0.33932E-11
   439    0.17541E+04    0.17701E+02    0.00000E+00   -0.58992E+02    0.20211E-07   -0.19189E-08    0.30869E-11
   440    0.17620E+04    0.17552E+02    0.00000E+00   -0.59990E+02    0.20147E-07   -0.17281E-08    0.27800E-11
   441    0.17702E+04    0.17402E+02    0.00000E+00   -0.60957E+02    0.20083E-07   -0.15379E-08    0.24739E-11
   442    0.17784E+04    0.17249E+02    0.00000E+00   -0.61892E+02    0.20020E-07   -0.13490E-08    0.21701E-11
   443    0.17869E+04    0.17094E+02    0.00000E+00   -0.62794E+02    0.19957E-07   -0.11625E-08    0.18701E-11
   444    0.17955E+04    0.16938E+02    0.00000E+00   -0.63663E+02    0.19894E-07   -0.97933E-09    0.15754E-11
   445    0.18043E+04    0.16779E+02    0.00000E+00   -0.64499E+02    0.19831E-07   -0.80030E-09    0.12874E-11
   446    0.18132E+04    0.16619E+02    0.00000E+00   -0.65301E+02    0.19769E-07   -0.62638E-09    0.10076E-11
   447    0.18224E+04    0.16458E+02    0.00000E+00   -0.66071E+02    0.19707E-07   -0.45847E-09    0.73752E-12
   448    0.18316E+04    0.16294E+02    0.00000E+00   -0.66808E+02    0.19645E-07   -0.29749E-09    0.47856E-12
   449    0.18410E+04    0.16129E+02    0.00000E+00   -0.67509E+02    0.19584E-07   -0.14437E-09    0.23223E-12
   450    0.18506E+04    0.15963E+02    0.00000E+00   -0.68178E+02    0.19523E-07    0.00000E+00    0.00000E+00
   451    0.18602E+04    0.15795E+02    0.00000E+00   -0.68812E+02    0.19462E-07    0.13488E-09   -0.21697E-12
   452    0.18700E+04    0.15626E+02    0.00000E+00   -0.69413E+02    0.19401E-07    0.26033E-09   -0.41877E-12
   453    0.18799E+04    0.15456E+02    0.00000E+00   -0.69979E+02    0.19340E-07    0.37658E-09   -0.60579E-12
   454    0.18899E+04    0.15285E+02    0.00000E+00   -0.70512E+02    0.19280E-07    0.48390E-09   -0.77842E-12
   455    0.18999E+04    0.15113E+02    0.00000E+00   -0.71011E+02    0.19220E-07    0.58252E-09   -0.93707E-12
   456    0.19102E+04    0.14940E+02    0.00000E+00   -0.71470E+02    0.19161E-07    0.67268E-09   -0.10821E-11
   457    0.19204E+04    0.14766E+02    0.00000E+00   -0.71902E+02    0.19101E-07    0.75465E-09   -0.12140E-11
   458    0.19308E+04    0.14592E+02    0.00000E+00   -0.72290E+02    0.19042E-07    0.82865E-09   -0.13330E-11
   459    0.19413E+04    0.14417E+02    0.00000E+00   -0.72649E+02    0.18983E-07    0.89493E-09   -0.14396E-11
   460    0.19518E+04    0.14241E+02    0.00000E+00   -0.72972E+02    0.18925E-07    0.95375E-09   -0.15343E-11
   461    0.19623E+04    0.14065E+02    0.00000E+00   -0.73262E+02    0.18866E-07    0.10053E-08   -0.16173E-11
   462    0.19729E+04    0.13888E+02    0.00000E+00   -0.73510E+02    0.18808E-07    0.10500E-08   -0.16890E-11
   463    0.19836E+04    0.13712E+02    0.00000E+00   -0.73737E+02    0.18751E-07    0.10879E-08   -0.17500E-11
   464    0.19942E+04    0.13536E+02    0.00000E+00   -0.73913E+02    0.18693E-07    0.11192E-08   -0.18005E-11
   465    0.20048E+04    0.13359E+02    0.00000E+00   -0.74066E+02    0.18636E-07    0.11444E-08   -0.18409E-11
   466    0.20155E+04    0.13182E+02    0.00000E+00   -0.74175E+02    0.18578E-07    0.11636E-08   -0.18718E-11
   467    0.20263E+04    0.13006E+02    0.00000E+00   -0.74255E+02    0.18522E-07    0.11770E-08   -0.18933E-11
   468    0.20370E+04    0.12830E+02    0.00000E+00   -0.74298E+02    0.18465E-07    0.11849E-08   -0.19061E-11
   469    0.20478E+04    0.12653E+02    0.00000E+00   -0.74312E+02    0.18409E-07    0.11875E-08   -0.19103E-11
   470    0.20586E+04    0.12478E+02    0.00000E+00   -0.74289E+02    0.18352E-07    0.11852E-08   -0.19065E-11
   471    0.20692E+04    0.12304E+02    0.00000E+00   -0.74229E+02    0.18297E-07    0.11780E-08   -0.18950E-11
   472    0.20799E+04    0.12130E+02    0.00000E+00   -0.74140E+02    0.18241E-07    0.11664E-08   -0.18763E-11
   473    0.20906E+04    0.11956E+02    0.00000E+00   -0.74014E+02    0.18186E-07    0.11504E-08   -0.18506E-11
   474    0.21013E+04    0.11784E+02    0.00000E+00   -0.73858E+02    0.18130E-07    0.11305E-08   -0.18185E-11
   475    0.21120E+04    0.11612E+02    0.00000E+00   -0.73665E+02    0.18075E-07    0.11067E-08   -0.17803E-11
   476    0.21225E+04    0.11442E+02    0.00000E+00   -0.73438E+02    0.18021E-07    0.10794E-08   -0.17364E-11
   477    0.21330E+04    0.11273E+02    0.00000E+00   -0.73185E+02    0.17966E-07    0.10488E-08   -0.16872E-11
   478    0.21435E+04    0.11104E+02    0.00000E+00   -0.72889E+02    0.17912E-07    0.10152E-08   -0.16331E-11
   479    0.21539E+04    0.10937E+02    0.00000E+00   -0.72573E+02    0.17858E-07    0.97874E-09   -0.15744E-11
   480    0.21642E+04    0.10772E+02    0.00000E+00   -0.72219E+02    0.17804E-07    0.93973E-09   -0.15117E-11
   481    0.21745E+04    0.10608E+02    0.00000E+00   -0.71831E+02    0.17751E-07    0.89841E-09   -0.14452E-11
   482    0.21848E+04    0.10446E+02    0.00000E+00   -0.71413E+02    0.17697E-07    0.85502E-09   -0.13754E-11
   483    0.21949E+04    0.10285E+02    0.00000E+00   -0.70968E+02    0.17644E-07    0.80981E-09   -0.13027E-11
   484    0.22048E+04    0.10127E+02    0.00000E+00   -0.70491E+02    0.17591E-07    0.76302E-09   -0.12274E-11
   485    0.22148E+04    0.99700E+01    0.00000E+00   -0.69983E+02    0.17539E-07    0.71490E-09   -0.11500E-11
   486    0.22247E+04    0.98157E+01    0.00000E+00   -0.69445E+02    0.17486E-07    0.66569E-09   -0.10709E-11
   487    0.22344E+04    0.96636E+01    0.00000E+00   -0.68879E+02    0.17434E-07    0.61564E-09   -0.99035E-12
   488    0.22440E+04    0.95128E+01    0.00000E+00   -0.68283E+02    0.17382E-07    0.56499E-09   -0.90888E-12
   489    0.22535E+04    0.93648E+01    0.00000E+00   -0.67658E+02    0.17331E-07    0.51399E-09   -0.82684E-12
   490    0.22629E+04    0.92197E+01    0.00000E+00   -0.67005E+02    0.17279E-07    0.46289E-09   -0.74463E-12
   491    0.22721E+04    0.90766E+01    0.00000E+00   -0.66325E+02    0.17228E-07    0.41192E-09   -0.66264E-12
   492    0.22813E+04    0.89363E+01    0.00000E+00   -0.65618E+02    0.17177E-07    0.36135E-09   -0.58128E-12
   493    0.22903E+04    0.87974E+01    0.00000E+00   -0.64883E+02    0.17126E-07    0.31140E-09   -0.50093E-12
   494    0.22991E+04    0.86628E+01    0.00000E+00   -0.64123E+02    0.17075E-07    0.26232E-09   -0.42198E-12
   495    0.23078E+04    0.85302E+01    0.00000E+00   -0.63337E+02    0.17025E-07    0.21437E-09   -0.34484E-12
   496    0.23163E+04    0.84012E+01    0.00000E+00   -0.62527E+02    0.16974E-07    0.16778E-09   -0.26990E-12
   497    0.23247E+04    0.82750E+01    0.00000E+00   -0.61690E+02    0.16924E-07    0.12281E-09   -0.19755E-12
   498    0.23329E+04    0.81508E+01    0.00000E+00   -0.60831E+02    0.16875E-07    0.79686E-10   -0.12819E-12
   499    0.23411E+04    0.80309E+01    0.00000E+00   -0.59947E+02    0.16825E-07    0.38670E-10   -0.62206E-13
   500    0.23491E+04    0.79131E+01    0.00000E+00   -0.59041E+02    0.16776E-07    0.00000E+00    0.00000E+00
   501    0.23567E+04    0.77995E+01    0.00000E+00   -0.58113E+02    0.16726E-07   -0.36129E-10    0.58119E-13
   502    0.23644E+04    0.76895E+01    0.00000E+00   -0.57162E+02    0.16678E-07   -0.69731E-10    0.11217E-12
   503    0.23718E+04    0.75823E+01    0.00000E+00   -0.56191E+02    0.16629E-07   -0.10087E-09    0.16227E-12
   504    0.23789E+04    0.74786E+01    0.00000E+00   -0.55197E+02    0.16580E-07   -0.12962E-09    0.20851E-12
   505    0.23861E+04    0.73792E+01    0.00000E+00   -0.54186E+02    0.16532E-07   -0.15603E-09    0.25100E-12
   506    0.23929E+04    0.72835E+01    0.00000E+00   -0.53154E+02    0.16484E-07   -0.18019E-09    0.28986E-12
   507    0.23996E+04    0.71912E+01    0.00000E+00   -0.52103E+02    0.16436E-07   -0.20214E-09    0.32518E-12
   508    0.24061E+04    0.71033E+01    0.00000E+00   -0.51034E+02    0.16388E-07   -0.22196E-09    0.35706E-12
   509    0.24124E+04    0.70188E+01    0.00000E+00   -0.49948E+02    0.16340E-07   -0.23972E-09    0.38563E-12
   510    0.24184E+04    0.69386E+01    0.00000E+00   -0.48846E+02    0.16293E-07   -0.25548E-09    0.41097E-12
   511    0.24243E+04    0.68621E+01    0.00000E+00   -0.47727E+02    0.16246E-07   -0.26930E-09    0.43320E-12
   512    0.24300E+04    0.67900E+01    0.00000E+00   -0.46592E+02    0.16199E-07   -0.28125E-09    0.45243E-12
   513    0.24355E+04    0.67219E+01    0.00000E+00   -0.45444E+02    0.16152E-07   -0.29140E-09    0.46876E-12
   514    0.24407E+04    0.66582E+01    0.00000E+00   -0.44281E+02    0.16106E-07   -0.29981E-09    0.48229E-12
   515    0.24458E+04    0.65987E+01    0.00000E+00   -0.43104E+02    0.16059E-07   -0.30655E-09    0.49313E-12
   516    0.24507E+04    0.65437E+01    0.00000E+00   -0.41915E+02    0.16013E-07   -0.31168E-09    0.50138E-12
   517    0.24552E+04    0.64931E+01    0.00000E+00   -0.40714E+02    0.15967E-07   -0.31527E-09    0.50716E-12
   518    0.24596E+04    0.64469E+01    0.00000E+00   -0.39502E+02    0.15921E-07   -0.31739E-09    0.51057E-12
   519    0.24639E+04    0.64054E+01    0.00000E+00   -0.38279E+02    0.15876E-07   -0.31810E-09    0.51171E-12
   520    0.24679E+04    0.63683E+01    0.00000E+00   -0.37046E+02    0.15831E-07   -0.31747E-09    0.51069E-12
   521    0.24715E+04    0.63358E+01    0.00000E+00   -0.35804E+02    0.15785E-07   -0.31556E-09    0.50762E-12
   522    0.24750E+04    0.63082E+01    0.00000E+00   -0.34554E+02    0.15740E-07   -0.31243E-09    0.50260E-12
   523    0.24783E+04    0.62852E+01    0.00000E+00   -0.33296E+02    0.15695E-07   -0.30816E-09    0.49573E-12
   524    0.24814E+04    0.62669E+01    0.00000E+00   -0.32031E+02    0.15651E-07   -0.30282E-09    0.48713E-12
   525    0.24842E+04    0.62534E+01    0.00000E+00   -0.30759E+02    0.15606E-07   -0.29645E-09    0.47689E-12
   526    0.24867E+04    0.62448E+01    0.00000E+00   -0.29482E+02    0.15562E-07   -0.28914E-09    0.46513E-12
   527    0.24893E+04    0.62410E+01    0.00000E+00   -0.28200E+02    0.15518E-07   -0.28095E-09    0.45195E-12
   528    0.24914E+04    0.62419E+01    0.00000E+00   -0.26915E+02    0.15474E-07   -0.27194E-09    0.43745E-12
   529    0.24933E+04    0.62481E+01    0.00000E+00   -0.25625E+02    0.15430E-07   -0.26217E-09    0.42175E-12
   530    0.24950E+04    0.62591E+01    0.00000E+00   -0.24335E+02    0.15387E-07   -0.25173E-09    0.40494E-12
   531    0.24966E+04    0.62749E+01    0.00000E+00   -0.23040E+02    0.15344E-07   -0.24066E-09    0.38714E-12
   532    0.24978E+04    0.62959E+01    0.00000E+00   -0.21746E+02    0.15300E-07   -0.22904E-09    0.36844E-12
   533    0.24988E+04    0.63219E+01    0.00000E+00   -0.20451E+02    0.15257E-07   -0.21693E-09    0.34896E-12
   534    0.24995E+04    0.63529E+01    0.00000E+00   -0.19157E+02    0.15215E-07   -0.20439E-09    0.32880E-12
   535    0.25001E+04    0.63890E+01    0.00000E+00   -0.17864E+02    0.15172E-07   -0.19150E-09    0.30806E-12
   536    0.25004E+04    0.64301E+01    0.00000E+00   -0.16572E+02    0.15130E-07   -0.17832E-09    0.28686E-12
   537    0.25005E+04    0.64763E+01    0.00000E+00   -0.15283E+02    0.15087E-07   -0.16491E-09    0.26529E-12
   538    0.25003E+04    0.65277E+01    0.00000E+00   -0.13997E+02    0.15045E-07   -0.15135E-09    0.24346E-12
   539    0.25000E+04    0.65840E+01    0.00000E+00   -0.12716E+02    0.15003E-07   -0.13769E-09    0.22149E-12
   540    0.24994E+04    0.66457E+01    0.00000E+00   -0.11439E+02    0.14962E-07   -0.12400E-09    0.19947E-12
   541    0.24985E+04    0.67123E+01    0.00000E+00   -0.10167E+02    0.14920E-07   -0.11034E-09    0.17751E-12
   542    0.24975E+04    0.67840E+01    0.00000E+00   -0.89027E+01    0.14879E-07   -0.96795E-10    0.15571E-12
   543    0.24962E+04    0.68609E+01    0.00000E+00   -0.76446E+01    0.14837E-07   -0.83415E-10    0.13419E-12
   544    0.24948E+04    0.69429E+01    0.00000E+00   -0.63940E+01    0.14796E-07   -0.70269E-10    0.11304E-12
   545    0.24930E+04    0.70299E+01    0.00000E+00   -0.51516E+01    0.14755E-07   -0.57424E-10    0.92375E-13
   546    0.24911E+04    0.71218E+01    0.00000E+00   -0.39183E+01    0.14715E-07   -0.44944E-10    0.72300E-13
   547    0.24889E+04    0.72188E+01    0.00000E+00   -0.26944E+01    0.14674E-07   -0.32897E-10    0.52919E-13
   548    0.24866E+04    0.73208E+01    0.00000E+00   -0.14809E+01    0.14634E-07   -0.21346E-10    0.34338E-13
   549    0.24840E+04    0.74280E+01    0.00000E+00   -0.27857E+00    0.14594E-07   -0.10359E-10    0.16663E-13
   550    0.24812E+04    0.75401E+01    0.00000E+00    0.91208E+00    0.14554E-07    0.00000E+00    0.00000E+00
   551    0.24783E+04    0.76574E+01    0.00000E+00    0.20904E+01    0.14514E-07    0.96781E-11   -0.15569E-13
   552    0.24750E+04    0.77797E+01    0.00000E+00    0.32555E+01    0.14474E-07    0.18679E-10   -0.30049E-13
   553    0.24717E+04    0.79056E+01    0.00000E+00    0.44069E+01    0.14434E-07    0.27021E-10   -0.43468E-13
   554    0.24680E+04    0.80381E+01    0.00000E+00    0.55438E+01    0.14395E-07    0.34722E-10   -0.55855E-13
   555    0.24642E+04    0.81750E+01    0.00000E+00    0.66656E+01    0.14356E-07    0.41798E-10   -0.67239E-13
   556    0.24602E+04    0.83169E+01    0.00000E+00    0.77719E+01    0.14317E-07    0.48268E-10   -0.77647E-13
   557    0.24560E+04    0.84632E+01    0.00000E+00    0.88610E+01    0.14278E-07    0.54149E-10   -0.87108E-13
   558    0.24515E+04    0.86154E+01    0.00000E+00    0.99335E+01    0.14239E-07    0.59460E-10   -0.95650E-13
   559    0.24469E+04    0.87712E+01    0.00000E+00    0.10989E+02    0.14200E-07    0.64216E-10   -0.10330E-12
   560    0.24422E+04    0.89313E+01    0.00000E+00    0.12025E+02    0.14162E-07    0.68437E-10   -0.11009E-12
   561    0.24371E+04    0.90966E+01    0.00000E+00    0.13042E+02    0.14124E-07    0.72139E-10   -0.11605E-12
   562    0.24320E+04    0.92669E+01    0.00000E+00    0.14040E+02    0.14086E-07    0.75341E-10   -0.12120E-12
   563    0.24267E+04    0.94410E+01    0.00000E+00    0.15020E+02    0.14048E-07    0.78060E-10   -0.12557E-12
   564    0.24212E+04    0.96209E+01    0.00000E+00    0.15976E+02    0.14010E-07    0.80313E-10   -0.12920E-12
   565    0.24155E+04    0.98037E+01    0.00000E+00    0.16913E+02    0.13972E-07    0.82118E-10   -0.13210E-12
   566    0.24096E+04    0.99916E+01    0.00000E+00    0.17827E+02    0.13935E-07    0.83493E-10   -0.13431E-12
   567    0.24036E+04    0.10183E+02    0.00000E+00    0.18719E+02    0.13897E-07    0.84456E-10   -0.13586E-12
   568    0.23975E+04    0.10380E+02    0.00000E+00    0.19588E+02    0.13860E-07    0.85023E-10   -0.13677E-12
   569    0.23911E+04    0.10581E+02    0.00000E+00    0.20435E+02    0.13823E-07    0.85213E-10   -0.13708E-12
   570    0.23847E+04    0.10786E+02    0.00000E+00    0.21256E+02    0.13786E-07    0.85044E-10   -0.13681E-12
   571    0.23780E+04    0.10995E+02    0.00000E+00    0.22053E+02    0.13750E-07    0.84532E-10   -0.13598E-12
   572    0.23712E+04    0.11208E+02    0.00000E+00    0.22826E+02    0.13713E-07    0.83696E-10   -0.13464E-12
   573    0.23643E+04    0.11425E+02    0.00000E+00    0.23573E+02    0.13677E-07    0.82552E-10   -0.13280E-12
   574    0.23572E+04    0.11646E+02    0.00000E+00    0.24294E+02    0.13640E-07    0.81120E-10   -0.13049E-12
   575    0.23500E+04    0.11870E+02    0.00000E+00    0.24989E+02    0.13604E-07    0.79415E-10   -0.12775E-12
   576    0.23427E+04    0.12098E+02    0.00000E+00    0.25657E+02    0.13568E-07    0.77457E-10   -0.12460E-12
   577    0.23352E+04    0.12330E+02    0.00000E+00    0.26299E+02    0.13532E-07    0.75262E-10   -0.12107E-12
   578    0.23276E+04    0.12566E+02    0.00000E+00    0.26912E+02    0.13497E-07    0.72848E-10   -0.11719E-12
   579    0.23199E+04    0.12805E+02    0.00000E+00    0.27499E+02    0.13461E-07    0.70233E-10   -0.11298E-12
   580    0.23122E+04    0.13048E+02    0.00000E+00    0.28056E+02    0.13426E-07    0.67434E-10   -0.10848E-12
   581    0.23041E+04    0.13293E+02    0.00000E+00    0.28585E+02    0.13390E-07    0.64469E-10   -0.10371E-12
   582    0.22961E+04    0.13543E+02    0.00000E+00    0.29085E+02    0.13355E-07    0.61356E-10   -0.98700E-13
   583    0.22879E+04    0.13795E+02    0.00000E+00    0.29556E+02    0.13320E-07    0.58112E-10   -0.93481E-13
   584    0.22797E+04    0.14050E+02    0.00000E+00    0.29997E+02    0.13286E-07    0.54754E-10   -0.88080E-13
   585    0.22714E+04    0.14308E+02    0.00000E+00    0.30408E+02    0.13251E-07    0.51301E-10   -0.82525E-13
   586    0.22630E+04    0.14569E+02    0.00000E+00    0.30789E+02    0.13216E-07    0.47770E-10   -0.76845E-13
   587    0.22545E+04    0.14833E+02    0.00000E+00    0.31139E+02    0.13182E-07    0.44178E-10   -0.71068E-13
   588    0.22459E+04    0.15099E+02    0.00000E+00    0.31458E+02    0.13148E-07    0.40544E-10   -0.65221E-13
   589    0.22372E+04    0.15369E+02    0.00000E+00    0.31747E+02    0.13114E-07    0.36884E-10   -0.59334E-13
   590    0.22285E+04    0.15640E+02    0.00000E+00    0.32004E+02    0.13080E-07    0.33217E-10   -0.53435E-13
   591    0.22197E+04    0.15915E+02    0.00000E+00    0.32230E+02    0.13046E-07    0.29560E-10   -0.47552E-13
   592    0.22109E+04    0.16191E+02    0.00000E+00    0.32424E+02    0.13012E-07    0.25930E-10   -0.41713E-13
   593    0.22019E+04    0.16470E+02    0.00000E+00    0.32587E+02    0.12978E-07    0.22346E-10   -0.35947E-13
   594    0.21928E+04    0.16751E+02    0.00000E+00    0.32716E+02    0.12945E-07    0.18825E-10   -0.30282E-13
   595    0.21838E+04    0.17033E+02    0.00000E+00    0.32815E+02    0.12912E-07    0.15383E-10   -0.24747E-13
   596    0.21747E+04    0.17318E+02    0.00000E+00    0.32880E+02    0.12878E-07    0.12040E-10   -0.19369E-13
   597    0.21656E+04    0.17603E+02    0.00000E+00    0.32914E+02    0.12845E-07    0.88128E-11   -0.14177E-13
   598    0.21567E+04    0.17891E+02    0.00000E+00    0.32915E+02    0.12813E-07    0.57185E-11   -0.91991E-14
   599    0.21475E+04    0.18181E+02    0.00000E+00    0.32884E+02    0.12780E-07    0.27750E-11   -0.44641E-14
   600    0.21383E+04    0.18472E+02    0.00000E+00    0.32820E+02    0.12747E-07    0.00000E+00    0.00000E+00
   601    0.21291E+04    0.18764E+02    0.00000E+00    0.32723E+02    0.12715E-07   -0.25927E-11    0.41708E-14
   602    0.21199E+04    0.19057E+02    0.00000E+00    0.32593E+02    0.12682E-07   -0.50041E-11    0.80499E-14
   603    0.21106E+04    0.19352E+02    0.00000E+00    0.32432E+02    0.12650E-07   -0.72389E-11    0.11645E-13
   604    0.21014E+04    0.19648E+02    0.00000E+00    0.32237E+02    0.12618E-07   -0.93019E-11    0.14963E-13
   605    0.20922E+04    0.19944E+02    0.00000E+00    0.32010E+02    0.12586E-07   -0.11198E-10    0.18013E-13
   606    0.20830E+04    0.20241E+02    0.00000E+00    0.31749E+02    0.12554E-07   -0.12931E-10    0.20801E-13
   607    0.20736E+04    0.20538E+02    0.00000E+00    0.31456E+02    0.12522E-07   -0.14507E-10    0.23336E-13
   608    0.20644E+04    0.20837E+02    0.00000E+00    0.31131E+02    0.12491E-07   -0.15929E-10    0.25625E-13
   609    0.20553E+04    0.21135E+02    0.00000E+00    0.30772E+02    0.12459E-07   -0.17204E-10    0.27675E-13
   610    0.20461E+04    0.21433E+02    0.00000E+00    0.30381E+02    0.12428E-07   -0.18334E-10    0.29494E-13
   611    0.20370E+04    0.21732E+02    0.00000E+00    0.29957E+02    0.12396E-07   -0.19326E-10    0.31089E-13
   612    0.20279E+04    0.22032E+02    0.00000E+00    0.29502E+02    0.12365E-07   -0.20184E-10    0.32469E-13
   613    0.20188E+04    0.22330E+02    0.00000E+00    0.29014E+02    0.12334E-07   -0.20913E-10    0.33641E-13
   614    0.20097E+04    0.22628E+02    0.00000E+00    0.28493E+02    0.12303E-07   -0.21516E-10    0.34612E-13
   615    0.20007E+04    0.22926E+02    0.00000E+00    0.27940E+02    0.12273E-07   -0.22000E-10    0.35390E-13
   616    0.19918E+04    0.23224E+02    0.00000E+00    0.27356E+02    0.12242E-07   -0.22368E-10    0.35983E-13
   617    0.19830E+04    0.23522E+02    0.00000E+00    0.26741E+02    0.12212E-07   -0.22626E-10    0.36398E-13
   618    0.19742E+04    0.23819E+02    0.00000E+00    0.26093E+02    0.12181E-07   -0.22779E-10    0.36643E-13
   619    0.19653E+04    0.24116E+02    0.00000E+00    0.25416E+02    0.12151E-07   -0.22830E-10    0.36725E-13
   620    0.19567E+04    0.24410E+02    0.00000E+00    0.24707E+02    0.12121E-07   -0.22784E-10    0.36652E-13
   621    0.19480E+04    0.24705E+02    0.00000E+00    0.23967E+02    0.12091E-07   -0.22647E-10    0.36431E-13
   622    0.19395E+04    0.24998E+02    0.00000E+00    0.23197E+02    0.12061E-07   -0.22423E-10    0.36071E-13
   623    0.19311E+04    0.25290E+02    0.00000E+00    0.22397E+02    0.12031E-07   -0.22117E-10    0.35579E-13
   624    0.19227E+04    0.25579E+02    0.00000E+00    0.21567E+02    0.12001E-07   -0.21733E-10    0.34961E-13
   625    0.19143E+04    0.25868E+02    0.00000E+00    0.20707E+02    0.11972E-07   -0.21277E-10    0.34227E-13
   626    0.19061E+04    0.26155E+02    0.00000E+00    0.19818E+02    0.11942E-07   -0.20752E-10    0.33383E-13
   627    0.18980E+04    0.26441E+02    0.00000E+00    0.18900E+02    0.11913E-07   -0.20164E-10    0.32437E-13
   628    0.18900E+04    0.26724E+02    0.00000E+00    0.17954E+02    0.11884E-07   -0.19518E-10    0.31397E-13
   629    0.18822E+04    0.27005E+02    0.00000E+00    0.16979E+02    0.11855E-07   -0.18817E-10    0.30270E-13
   630    0.18743E+04    0.27284E+02    0.00000E+00    0.15975E+02    0.11826E-07   -0.18067E-10    0.29064E-13
   631    0.18666E+04    0.27561E+02    0.00000E+00    0.14945E+02    0.11797E-07   -0.17273E-10    0.27786E-13
   632    0.18591E+04    0.27836E+02    0.00000E+00    0.13887E+02    0.11768E-07   -0.16439E-10    0.26445E-13
   633    0.18515E+04    0.28109E+02    0.00000E+00    0.12802E+02    0.11739E-07   -0.15570E-10    0.25046E-13
   634    0.18442E+04    0.28378E+02    0.00000E+00    0.11692E+02    0.11711E-07   -0.14670E-10    0.23600E-13
   635    0.18371E+04    0.28645E+02    0.00000E+00    0.10556E+02    0.11682E-07   -0.13745E-10    0.22111E-13
   636    0.18299E+04    0.28911E+02    0.00000E+00    0.93946E+01    0.11654E-07   -0.12799E-10    0.20590E-13
   637    0.18230E+04    0.29171E+02    0.00000E+00    0.82076E+01    0.11626E-07   -0.11837E-10    0.19042E-13
   638    0.18161E+04    0.29431E+02    0.00000E+00    0.69970E+01    0.11598E-07   -0.10863E-10    0.17475E-13
   639    0.18095E+04    0.29686E+02    0.00000E+00    0.57617E+01    0.11570E-07   -0.98830E-11    0.15898E-13
   640    0.18029E+04    0.29939E+02    0.00000E+00    0.45035E+01    0.11542E-07   -0.89005E-11    0.14318E-13
   641    0.17965E+04    0.30188E+02    0.00000E+00    0.32221E+01    0.11514E-07   -0.79206E-11    0.12742E-13
   642    0.17902E+04    0.30434E+02    0.00000E+00    0.19183E+01    0.11487E-07   -0.69482E-11    0.11177E-13
   643    0.17841E+04    0.30677E+02    0.00000E+00    0.59267E+00    0.11459E-07   -0.59878E-11    0.96323E-14
   644    0.17782E+04    0.30914E+02    0.00000E+00   -0.75424E+00    0.11432E-07   -0.50442E-11    0.81144E-14
   645    0.17724E+04    0.31149E+02    0.00000E+00   -0.21222E+01    0.11404E-07   -0.41222E-11    0.66312E-14
   646    0.17667E+04    0.31381E+02    0.00000E+00   -0.35104E+01    0.11377E-07   -0.32264E-11    0.51902E-14
   647    0.17613E+04    0.31608E+02    0.00000E+00   -0.49189E+01    0.11350E-07   -0.23616E-11    0.37990E-14
   648    0.17559E+04    0.31832E+02    0.00000E+00   -0.63458E+01    0.11323E-07   -0.15324E-11    0.24651E-14
   649    0.17508E+04    0.32051E+02    0.00000E+00   -0.77917E+01    0.11296E-07   -0.74366E-12    0.11963E-14
   650    0.17458E+04    0.32265E+02    0.00000E+00   -0.92553E+01    0.11269E-07    0.00000E+00    0.00000E+00
   651    0.17410E+04    0.32477E+02    0.00000E+00   -0.10737E+02    0.11243E-07    0.69484E-12   -0.11178E-14
   652    0.17363E+04    0.32684E+02    0.00000E+00   -0.12235E+02    0.11216E-07    0.13411E-11   -0.21574E-14
   653    0.17319E+04    0.32886E+02    0.00000E+00   -0.13748E+02    0.11189E-07    0.19401E-11   -0.31210E-14
   654    0.17276E+04    0.33083E+02    0.00000E+00   -0.15277E+02    0.11163E-07    0.24931E-11   -0.40105E-14
   655    0.17234E+04    0.33277E+02    0.00000E+00   -0.16821E+02    0.11137E-07    0.30013E-11   -0.48280E-14
   656    0.17195E+04    0.33466E+02    0.00000E+00   -0.18379E+02    0.11111E-07    0.34659E-11   -0.55755E-14
   657    0.17157E+04    0.33650E+02    0.00000E+00   -0.19950E+02    0.11084E-07    0.38884E-11   -0.62550E-14
   658    0.17121E+04    0.33829E+02    0.00000E+00   -0.21534E+02    0.11058E-07    0.42698E-11   -0.68687E-14
   659    0.17087E+04    0.34004E+02    0.00000E+00   -0.23130E+02    0.11033E-07    0.46116E-11   -0.74184E-14
   660    0.17056E+04    0.34173E+02    0.00000E+00   -0.24737E+02    0.11007E-07    0.49148E-11   -0.79063E-14
   661    0.17025E+04    0.34337E+02    0.00000E+00   -0.26354E+02    0.10981E-07    0.51809E-11   -0.83343E-14
   662    0.16997E+04    0.34497E+02    0.00000E+00   -0.27983E+02    0.10955E-07    0.54111E-11   -0.87045E-14
   663    0.16970E+04    0.34651E+02    0.00000E+00   -0.29621E+02    0.10930E-07    0.56065E-11   -0.90190E-14
   664    0.16946E+04    0.34800E+02    0.00000E+00   -0.31266E+02    0.10905E-07    0.57686E-11   -0.92797E-14
   665    0.16922E+04    0.34943E+02    0.00000E+00   -0.32920E+02    0.10879E-07    0.58985E-11   -0.94887E-14
   666    0.16901E+04    0.35082E+02    0.00000E+00   -0.34581E+02    0.10854E-07    0.59976E-11   -0.96480E-14
   667    0.16883E+04    0.35215E+02    0.00000E+00   -0.36249E+02    0.10829E-07    0.60670E-11   -0.97597E-14
   668    0.16864E+04    0.35342E+02    0.00000E+00   -0.37923E+02    0.10804E-07    0.61080E-11   -0.98257E-14
   669    0.16850E+04    0.35465E+02    0.00000E+00   -0.39602E+02    0.10779E-07    0.61220E-11   -0.98482E-14
   670    0.16836E+04    0.35581E+02    0.00000E+00   -0.41284E+02    0.10754E-07    0.61101E-11   -0.98291E-14
   671    0.16825E+04    0.35693E+02    0.00000E+00   -0.42971E+02    0.10729E-07    0.60737E-11   -0.97704E-14
   672    0.16815E+04    0.35798E+02    0.00000E+00   -0.44661E+02    0.10705E-07    0.60139E-11   -0.96743E-14
   673    0.16808E+04    0.35899E+02    0.00000E+00   -0.46353E+02    0.10680E-07    0.59321E-11   -0.95427E-14
   674    0.16802E+04    0.35994E+02    0.00000E+00   -0.48046E+02    0.10656E-07    0.58295E-11   -0.93777E-14
   675    0.16799E+04    0.36082E+02    0.00000E+00   -0.49740E+02    0.10631E-07    0.57074E-11   -0.91812E-14
   676    0.16797E+04    0.36165E+02    0.00000E+00   -0.51434E+02    0.10607E-07    0.55670E-11   -0.89554E-14
   677    0.16797E+04    0.36242E+02    0.00000E+00   -0.53127E+02    0.10583E-07    0.54096E-11   -0.87022E-14
   678    0.16799E+04    0.36313E+02    0.00000E+00   -0.54819E+02    0.10559E-07    0.52365E-11   -0.84237E-14
   679    0.16803E+04    0.36379E+02    0.00000E+00   -0.56509E+02    0.10534E-07    0.50489E-11   -0.81219E-14
   680    0.16810E+04    0.36439E+02    0.00000E+00   -0.58196E+02    0.10511E-07    0.48481E-11   -0.77989E-14
   681    0.16818E+04    0.36493E+02    0.00000E+00   -0.59879E+02    0.10487E-07    0.46353E-11   -0.74566E-14
   682    0.16828E+04    0.36540E+02    0.00000E+00   -0.61559E+02    0.10463E-07    0.44119E-11   -0.70972E-14
   683    0.16840E+04    0.36583E+02    0.00000E+00   -0.63234E+02    0.10439E-07    0.41790E-11   -0.67225E-14
   684    0.16854E+04    0.36618E+02    0.00000E+00   -0.64904E+02    0.10416E-07    0.39379E-11   -0.63348E-14
   685    0.16868E+04    0.36648E+02    0.00000E+00   -0.66568E+02    0.10392E-07    0.36900E-11   -0.59359E-14
   686    0.16885E+04    0.36672E+02    0.00000E+00   -0.68217E+02    0.10369E-07    0.34364E-11   -0.55279E-14
   687    0.16905E+04    0.36691E+02    0.00000E+00   -0.69862E+02    0.10345E-07    0.31784E-11   -0.51129E-14
   688    0.16926E+04    0.36702E+02    0.00000E+00   -0.71501E+02    0.10322E-07    0.29173E-11   -0.46929E-14
   689    0.16949E+04    0.36708E+02    0.00000E+00   -0.73127E+02    0.10299E-07    0.26543E-11   -0.42699E-14
   690    0.16973E+04    0.36709E+02    0.00000E+00   -0.74747E+02    0.10276E-07    0.23908E-11   -0.38459E-14
   691    0.17000E+04    0.36701E+02    0.00000E+00   -0.76354E+02    0.10253E-07    0.21279E-11   -0.34230E-14
   692    0.17028E+04    0.36690E+02    0.00000E+00   -0.77948E+02    0.10230E-07    0.18669E-11   -0.30032E-14
   693    0.17058E+04    0.36672E+02    0.00000E+00   -0.79535E+02    0.10207E-07    0.16091E-11   -0.25885E-14
   694    0.17089E+04    0.36648E+02    0.00000E+00   -0.81102E+02    0.10184E-07    0.13558E-11   -0.21810E-14
   695    0.17123E+04    0.36619E+02    0.00000E+00   -0.82656E+02    0.10161E-07    0.11082E-11   -0.17827E-14
   696    0.17159E+04    0.36583E+02    0.00000E+00   -0.84212E+02    0.10139E-07    0.86756E-12   -0.13956E-14
   697    0.17196E+04    0.36542E+02    0.00000E+00   -0.85739E+02    0.10116E-07    0.63517E-12   -0.10218E-14
   698    0.17234E+04    0.36494E+02    0.00000E+00   -0.87254E+02    0.10094E-07    0.41226E-12   -0.66319E-15
   699    0.17274E+04    0.36441E+02    0.00000E+00   -0.88748E+02    0.10071E-07    0.20012E-12   -0.32193E-15
   700    0.17317E+04    0.36381E+02    0.00000E+00   -0.90229E+02    0.10049E-07    0.00000E+00    0.00000E+00
   701    0.17360E+04    0.36316E+02    0.00000E+00   -0.91697E+02    0.10027E-07   -0.18710E-12    0.30099E-15
   702    0.17406E+04    0.36246E+02    0.00000E+00   -0.93137E+02    0.10004E-07   -0.36126E-12    0.58114E-15
   703    0.17452E+04    0.36169E+02    0.00000E+00   -0.94578E+02    0.99824E-08   -0.52279E-12    0.84099E-15
   704    0.17500E+04    0.36087E+02    0.00000E+00   -0.95985E+02    0.99604E-08   -0.67204E-12    0.10811E-14
   705    0.17549E+04    0.35999E+02    0.00000E+00   -0.97371E+02    0.99384E-08   -0.80934E-12    0.13019E-14
   706    0.17601E+04    0.35906E+02    0.00000E+00   -0.98744E+02    0.99166E-08   -0.93501E-12    0.15041E-14
   707    0.17653E+04    0.35807E+02    0.00000E+00   -0.10010E+03    0.98948E-08   -0.10494E-11    0.16881E-14
   708    0.17708E+04    0.35702E+02    0.00000E+00   -0.10141E+03    0.98730E-08   -0.11528E-11    0.18545E-14
   709    0.17763E+04    0.35593E+02    0.00000E+00   -0.10272E+03    0.98514E-08   -0.12456E-11    0.20038E-14
   710    0.17820E+04    0.35477E+02    0.00000E+00   -0.10401E+03    0.98298E-08   -0.13281E-11    0.21365E-14
   711    0.17878E+04    0.35356E+02    0.00000E+00   -0.10526E+03    0.98083E-08   -0.14007E-11    0.22532E-14
   712    0.17938E+04    0.35230E+02    0.00000E+00   -0.10650E+03    0.97869E-08   -0.14636E-11    0.23544E-14
   713    0.17999E+04    0.35098E+02    0.00000E+00   -0.10771E+03    0.97656E-08   -0.15172E-11    0.24406E-14
   714    0.18061E+04    0.34962E+02    0.00000E+00   -0.10890E+03    0.97443E-08   -0.15619E-11    0.25125E-14
   715    0.18124E+04    0.34821E+02    0.00000E+00   -0.11006E+03    0.97231E-08   -0.15979E-11    0.25704E-14
   716    0.18189E+04    0.34674E+02    0.00000E+00   -0.11120E+03    0.97020E-08   -0.16256E-11    0.26150E-14
   717    0.18255E+04    0.34522E+02    0.00000E+00   -0.11230E+03    0.96810E-08   -0.16453E-11    0.26468E-14
   718    0.18321E+04    0.34366E+02    0.00000E+00   -0.11339E+03    0.96600E-08   -0.16575E-11    0.26663E-14
   719    0.18389E+04    0.34202E+02    0.00000E+00   -0.11444E+03    0.96391E-08   -0.16623E-11    0.26740E-14
   720    0.18457E+04    0.34036E+02    0.00000E+00   -0.11547E+03    0.96183E-08   -0.16601E-11    0.26705E-14
   721    0.18529E+04    0.33865E+02    0.00000E+00   -0.11646E+03    0.95976E-08   -0.16513E-11    0.26564E-14
   722    0.18599E+04    0.33689E+02    0.00000E+00   -0.11742E+03    0.95769E-08   -0.16362E-11    0.26321E-14
   723    0.18671E+04    0.33509E+02    0.00000E+00   -0.11836E+03    0.95563E-08   -0.16151E-11    0.25981E-14
   724    0.18744E+04    0.33323E+02    0.00000E+00   -0.11928E+03    0.95358E-08   -0.15884E-11    0.25551E-14
   725    0.18817E+04    0.33134E+02    0.00000E+00   -0.12015E+03    0.95154E-08   -0.15563E-11    0.25036E-14
   726    0.18893E+04    0.32943E+02    0.00000E+00   -0.12099E+03    0.94950E-08   -0.15193E-11    0.24440E-14
   727    0.18968E+04    0.32745E+02    0.00000E+00   -0.12182E+03    0.94747E-08   -0.14776E-11    0.23770E-14
   728    0.19044E+04    0.32542E+02    0.00000E+00   -0.12260E+03    0.94545E-08   -0.14316E-11    0.23030E-14
   729    0.19121E+04    0.32336E+02    0.00000E+00   -0.12336E+03    0.94343E-08   -0.13817E-11    0.22226E-14
   730    0.19198E+04    0.32126E+02    0.00000E+00   -0.12408E+03    0.94143E-08   -0.13280E-11    0.21364E-14
   731    0.19277E+04    0.31911E+02    0.00000E+00   -0.12477E+03    0.93943E-08   -0.12711E-11    0.20448E-14
   732    0.19356E+04    0.31694E+02    0.00000E+00   -0.12542E+03    0.93744E-08   -0.12112E-11    0.19483E-14
   733    0.19436E+04    0.31472E+02    0.00000E+00   -0.12605E+03    0.93545E-08   -0.11486E-11    0.18477E-14
   734    0.19516E+04    0.31247E+02    0.00000E+00   -0.12663E+03    0.93348E-08   -0.10837E-11    0.17433E-14
   735    0.19597E+04    0.31018E+02    0.00000E+00   -0.12719E+03    0.93151E-08   -0.10168E-11    0.16356E-14
   736    0.19678E+04    0.30785E+02    0.00000E+00   -0.12771E+03    0.92955E-08   -0.94821E-12    0.15253E-14
   737    0.19760E+04    0.30551E+02    0.00000E+00   -0.12820E+03    0.92759E-08   -0.87832E-12    0.14129E-14
   738    0.19841E+04    0.30313E+02    0.00000E+00   -0.12864E+03    0.92565E-08   -0.80743E-12    0.12989E-14
   739    0.19924E+04    0.30071E+02    0.00000E+00   -0.12906E+03    0.92371E-08   -0.73588E-12    0.11838E-14
   740    0.20006E+04    0.29826E+02    0.00000E+00   -0.12945E+03    0.92178E-08   -0.66400E-12    0.10682E-14
   741    0.20089E+04    0.29578E+02    0.00000E+00   -0.12980E+03    0.91985E-08   -0.59212E-12    0.95252E-15
   742    0.20173E+04    0.29329E+02    0.00000E+00   -0.13011E+03    0.91794E-08   -0.52058E-12    0.83743E-15
   743    0.20256E+04    0.29078E+02    0.00000E+00   -0.13039E+03    0.91603E-08   -0.44969E-12    0.72340E-15
   744    0.20340E+04    0.28823E+02    0.00000E+00   -0.13063E+03    0.91412E-08   -0.37981E-12    0.61098E-15
   745    0.20424E+04    0.28566E+02    0.00000E+00   -0.13084E+03    0.91223E-08   -0.31125E-12    0.50069E-15
   746    0.20507E+04    0.28307E+02    0.00000E+00   -0.13100E+03    0.91034E-08   -0.24435E-12    0.39307E-15
   747    0.20590E+04    0.28045E+02    0.00000E+00   -0.13114E+03    0.90846E-08   -0.17944E-12    0.28866E-15
   748    0.20674E+04    0.27782E+02    0.00000E+00   -0.13124E+03    0.90659E-08   -0.11686E-12    0.18799E-15
   749    0.20759E+04    0.27515E+02    0.00000E+00   -0.13131E+03    0.90473E-08   -0.56937E-13    0.91592E-16
   750    0.20842E+04    0.27248E+02    0.00000E+00   -0.13134E+03    0.90287E-08    0.00000E+00    0.00000E+00
   751    0.20926E+04    0.26978E+02    0.00000E+00   -0.13134E+03    0.90102E-08    0.53683E-13   -0.86357E-16
   752    0.21010E+04    0.26708E+02    0.00000E+00   -0.13129E+03    0.89918E-08    0.10411E-12   -0.16748E-15
   753    0.21093E+04    0.26435E+02    0.00000E+00   -0.13121E+03    0.89734E-08    0.15135E-12   -0.24348E-15
   754    0.21175E+04    0.26162E+02    0.00000E+00   -0.13109E+03    0.89552E-08    0.19548E-12   -0.31445E-15
   755    0.21259E+04    0.25887E+02    0.00000E+00   -0.13094E+03    0.89369E-08    0.23654E-12   -0.38051E-15
   756    0.21340E+04    0.25612E+02    0.00000E+00   -0.13075E+03    0.89188E-08    0.27462E-12   -0.44177E-15
   757    0.21423E+04    0.25336E+02    0.00000E+00   -0.13052E+03    0.89007E-08    0.30978E-12   -0.49832E-15
   758    0.21504E+04    0.25058E+02    0.00000E+00   -0.13026E+03    0.88827E-08    0.34208E-12   -0.55028E-15
   759    0.21586E+04    0.24780E+02    0.00000E+00   -0.12997E+03    0.88647E-08    0.37159E-12   -0.59776E-15
   760    0.21666E+04    0.24501E+02    0.00000E+00   -0.12964E+03    0.88468E-08    0.39838E-12   -0.64086E-15
   761    0.21745E+04    0.24222E+02    0.00000E+00   -0.12927E+03    0.88290E-08    0.42251E-12   -0.67968E-15
   762    0.21826E+04    0.23944E+02    0.00000E+00   -0.12887E+03    0.88112E-08    0.44406E-12   -0.71434E-15
   763    0.21904E+04    0.23665E+02    0.00000E+00   -0.12843E+03    0.87935E-08    0.46308E-12   -0.74494E-15
   764    0.21983E+04    0.23386E+02    0.00000E+00   -0.12797E+03    0.87758E-08    0.47965E-12   -0.77158E-15
   765    0.22060E+04    0.23106E+02    0.00000E+00   -0.12746E+03    0.87582E-08    0.49382E-12   -0.79438E-15
   766    0.22137E+04    0.22828E+02    0.00000E+00   -0.12692E+03    0.87407E-08    0.50567E-12   -0.81345E-15
   767    0.22213E+04    0.22551E+02    0.00000E+00   -0.12634E+03    0.87232E-08    0.51526E-12   -0.82888E-15
   768    0.22288E+04    0.22273E+02    0.00000E+00   -0.12572E+03    0.87057E-08    0.52266E-12   -0.84079E-15
   769    0.22362E+04    0.21996E+02    0.00000E+00   -0.12508E+03    0.86883E-08    0.52794E-12   -0.84927E-15
   770    0.22435E+04    0.21720E+02    0.00000E+00   -0.12441E+03    0.86709E-08    0.53116E-12   -0.85445E-15
   771    0.22508E+04    0.21445E+02    0.00000E+00   -0.12369E+03    0.86536E-08    0.53239E-12   -0.85643E-15
   772    0.22579E+04    0.21171E+02    0.00000E+00   -0.12294E+03    0.86363E-08    0.53169E-12   -0.85530E-15
   773    0.22649E+04    0.20899E+02    0.00000E+00   -0.12216E+03    0.86191E-08    0.52913E-12   -0.85119E-15
   774    0.22718E+04    0.20628E+02    0.00000E+00   -0.12135E+03    0.86019E-08    0.52478E-12   -0.84419E-15
   775    0.22787E+04    0.20359E+02    0.00000E+00   -0.12051E+03    0.85847E-08    0.51871E-12   -0.83442E-15
   776    0.22853E+04    0.20091E+02    0.00000E+00   -0.11964E+03    0.85676E-08    0.51097E-12   -0.82197E-15
   777    0.22918E+04    0.19825E+02    0.00000E+00   -0.11873E+03    0.85505E-08    0.50164E-12   -0.80696E-15
   778    0.22985E+04    0.19562E+02    0.00000E+00   -0.11778E+03    0.85335E-08    0.49078E-12   -0.78950E-15
   779    0.23047E+04    0.19300E+02    0.00000E+00   -0.11681E+03    0.85165E-08    0.47847E-12   -0.76968E-15
   780    0.23109E+04    0.19039E+02    0.00000E+00   -0.11581E+03    0.84995E-08    0.46475E-12   -0.74763E-15
   781    0.23170E+04    0.18782E+02    0.00000E+00   -0.11478E+03    0.84825E-08    0.44971E-12   -0.72343E-15
   782    0.23229E+04    0.18527E+02    0.00000E+00   -0.11374E+03    0.84656E-08    0.43341E-12   -0.69721E-15
   783    0.23287E+04    0.18274E+02    0.00000E+00   -0.11264E+03    0.84487E-08    0.41592E-12   -0.66907E-15
   784    0.23344E+04    0.18025E+02    0.00000E+00   -0.11152E+03    0.84318E-08    0.39729E-12   -0.63911E-15
   785    0.23399E+04    0.17778E+02    0.00000E+00   -0.11038E+03    0.84150E-08    0.37761E-12   -0.60744E-15
   786    0.23453E+04    0.17533E+02    0.00000E+00   -0.10919E+03    0.83981E-08    0.35693E-12   -0.57417E-15
   787    0.23504E+04    0.17293E+02    0.00000E+00   -0.10798E+03    0.83813E-08    0.33531E-12   -0.53940E-15
   788    0.23555E+04    0.17054E+02    0.00000E+00   -0.10675E+03    0.83645E-08    0.31284E-12   -0.50325E-15
   789    0.23604E+04    0.16818E+02    0.00000E+00   -0.10550E+03    0.83477E-08    0.28957E-12   -0.46582E-15
   790    0.23652E+04    0.16587E+02    0.00000E+00   -0.10421E+03    0.83310E-08    0.26557E-12   -0.42721E-15
   791    0.23698E+04    0.16359E+02    0.00000E+00   -0.10289E+03    0.83143E-08    0.24090E-12   -0.38753E-15
   792    0.23742E+04    0.16135E+02    0.00000E+00   -0.10155E+03    0.82975E-08    0.21564E-12   -0.34689E-15
   793    0.23784E+04    0.15915E+02    0.00000E+00   -0.10018E+03    0.82808E-08    0.18985E-12   -0.30540E-15
   794    0.23824E+04    0.15700E+02    0.00000E+00   -0.98797E+02    0.82641E-08    0.16359E-12   -0.26316E-15
   795    0.23863E+04    0.15487E+02    0.00000E+00   -0.97383E+02    0.82474E-08    0.13693E-12   -0.22028E-15
   796    0.23902E+04    0.15279E+02    0.00000E+00   -0.95953E+02    0.82307E-08    0.10994E-12   -0.17686E-15
   797    0.23936E+04    0.15075E+02    0.00000E+00   -0.94494E+02    0.82140E-08    0.82690E-13   -0.13302E-15
   798    0.23970E+04    0.14875E+02    0.00000E+00   -0.93020E+02    0.81974E-08    0.55237E-13   -0.88857E-16
   799    0.24002E+04    0.14680E+02    0.00000E+00   -0.91524E+02    0.81807E-08    0.27652E-13   -0.44482E-16
   800    0.24032E+04    0.14489E+02    0.00000E+00   -0.90006E+02    0.81640E-08    0.00000E+00    0.00000E+00
