#    L    TT             EE             BB             TE             PP             TP             EP          
     2    0.11269E+04    0.54941E-01    0.00000E+00    0.33678E+01    0.48848E-07    0.34514E-02   -0.16378E-04
     3    0.10494E+04    0.88312E-01    0.00000E+00    0.42174E+01    0.59293E-07    0.34252E-02   -0.19877E-04
     4    0.97750E+03    0.97755E-01    0.00000E+00    0.43356E+01    0.68262E-07    0.33310E-02   -0.19822E-04
     5    0.92204E+03    0.85338E-01    0.00000E+00    0.40141E+01    0.76028E-07    0.32100E-02   -0.17261E-04
     6    0.88168E+03    0.62030E-01    0.00000E+00    0.34851E+01    0.82783E-07    0.30826E-02   -0.13145E-04
     7    0.85361E+03    0.38882E-01    0.00000E+00    0.28974E+01    0.88710E-07    0.29581E-02   -0.83833E-05
     8    0.83457E+03    0.22214E-01    0.00000E+00    0.23429E+01    0.93941E-07    0.28366E-02   -0.38004E-05
     9    0.82242E+03    0.13102E-01    0.00000E+00    0.18685E+01    0.98585E-07    0.27170E-02   -0.33810E-07
    10    0.81563E+03    0.94192E-02    0.00000E+00    0.14997E+01    0.10271E-06    0.26013E-02    0.25818E-05
    11    0.81267E+03    0.82926E-02    0.00000E+00    0.12445E+01    0.10641E-06    0.24941E-02    0.40073E-05
    12    0.81367E+03    0.77399E-02    0.00000E+00    0.11002E+01    0.10970E-06    0.23971E-02    0.43419E-05
    13    0.81683E+03    0.69109E-02    0.00000E+00    0.10427E+01    0.11263E-06    0.23090E-02    0.37566E-05
    14    0.82124E+03    0.60052E-02    0.00000E+00    0.10431E+01    0.11525E-06    0.22281E-02    0.24779E-05
    15    0.82715E+03    0.53140E-02    0.00000E+00    0.10823E+01    0.11760E-06    0.21513E-02    0.92848E-06
    16    0.83493E+03    0.50431E-02    0.00000E+00    0.11447E+01    0.11969E-06    0.20768E-02   -0.48116E-06
    17    0.84449E+03    0.51885E-02    0.00000E+00    0.12151E+01    0.12156E-06    0.20055E-02   -0.15526E-05
    18    0.85487E+03    0.55083E-02    0.00000E+00    0.12821E+01    0.12323E-06    0.19390E-02   -0.21842E-05
    19    0.86691E+03    0.58696E-02    0.00000E+00    0.13400E+01    0.12471E-06    0.18765E-02   -0.24492E-05
    20    0.87891E+03    0.62504E-02    0.00000E+00    0.13842E+01    0.12601E-06    0.18169E-02   -0.24386E-05
    21    0.89123E+03    0.66952E-02    0.00000E+00    0.14207E+01    0.12716E-06    0.17596E-02   -0.21493E-05
    22    0.90413E+03    0.73361E-02    0.00000E+00    0.14557E+01    0.12817E-06    0.17044E-02   -0.15951E-05
    23    0.91743E+03    0.82278E-02    0.00000E+00    0.14908E+01    0.12904E-06    0.16517E-02   -0.94852E-06
    24    0.93119E+03    0.93663E-02    0.00000E+00    0.15268E+01    0.12980E-06    0.16019E-02   -0.40237E-06
    25    0.94533E+03    0.10761E-01    0.00000E+00    0.15655E+01    0.13045E-06    0.15548E-02   -0.77610E-07
    26    0.95967E+03    0.12379E-01    0.00000E+00    0.16095E+01    0.13099E-06    0.15101E-02   -0.33372E-07
    27    0.97445E+03    0.14178E-01    0.00000E+00    0.16559E+01    0.13145E-06    0.14675E-02   -0.15503E-06
    28    0.98951E+03    0.16144E-01    0.00000E+00    0.17019E+01    0.13182E-06    0.14267E-02   -0.31118E-06
    29    0.10049E+04    0.18287E-01    0.00000E+00    0.17454E+01    0.13210E-06    0.13878E-02   -0.47288E-06
    30    0.10206E+04    0.20624E-01    0.00000E+00    0.17835E+01    0.13231E-06    0.13511E-02   -0.64139E-06
    31    0.10363E+04    0.23139E-01    0.00000E+00    0.18137E+01    0.13244E-06    0.13162E-02   -0.83661E-06
    32    0.10525E+04    0.25806E-01    0.00000E+00    0.18337E+01    0.13251E-06    0.12825E-02   -0.10619E-05
    33    0.10690E+04    0.28637E-01    0.00000E+00    0.18409E+01    0.13252E-06    0.12498E-02   -0.12362E-05
    34    0.10857E+04    0.31661E-01    0.00000E+00    0.18346E+01    0.13248E-06    0.12179E-02   -0.12738E-05
    35    0.11026E+04    0.34900E-01    0.00000E+00    0.18189E+01    0.13239E-06    0.11868E-02   -0.11523E-05
    36    0.11195E+04    0.38374E-01    0.00000E+00    0.17968E+01    0.13225E-06    0.11566E-02   -0.89072E-06
    37    0.11366E+04    0.42076E-01    0.00000E+00    0.17644E+01    0.13207E-06    0.11279E-02   -0.61048E-06
    38    0.11541E+04    0.46002E-01    0.00000E+00    0.17193E+01    0.13184E-06    0.11011E-02   -0.42541E-06
    39    0.11720E+04    0.50165E-01    0.00000E+00    0.16637E+01    0.13158E-06    0.10758E-02   -0.31846E-06
    40    0.11900E+04    0.54584E-01    0.00000E+00    0.16006E+01    0.13129E-06    0.10515E-02   -0.24012E-06
    41    0.12082E+04    0.59281E-01    0.00000E+00    0.15319E+01    0.13095E-06    0.10276E-02   -0.15198E-06
    42    0.12264E+04    0.64257E-01    0.00000E+00    0.14555E+01    0.13059E-06    0.10043E-02   -0.59553E-07
    43    0.12448E+04    0.69507E-01    0.00000E+00    0.13688E+01    0.13020E-06    0.98162E-03    0.20787E-07
    44    0.12632E+04    0.75014E-01    0.00000E+00    0.12697E+01    0.12978E-06    0.95960E-03    0.72697E-07
    45    0.12819E+04    0.80769E-01    0.00000E+00    0.11564E+01    0.12934E-06    0.93836E-03    0.79883E-07
    46    0.13009E+04    0.86768E-01    0.00000E+00    0.10257E+01    0.12887E-06    0.91794E-03    0.32082E-07
    47    0.13201E+04    0.93014E-01    0.00000E+00    0.87944E+00    0.12838E-06    0.89825E-03   -0.56996E-07
    48    0.13393E+04    0.99518E-01    0.00000E+00    0.72328E+00    0.12788E-06    0.87913E-03   -0.16770E-06
    49    0.13587E+04    0.10627E+00    0.00000E+00    0.56230E+00    0.12735E-06    0.86046E-03   -0.28045E-06
    50    0.13785E+04    0.11325E+00    0.00000E+00    0.39479E+00    0.12681E-06    0.84207E-03   -0.37569E-06
    51    0.13985E+04    0.12043E+00    0.00000E+00    0.21722E+00    0.12625E-06    0.82390E-03   -0.43814E-06
    52    0.14189E+04    0.12790E+00    0.00000E+00    0.24356E-01    0.12569E-06    0.80604E-03   -0.46946E-06
    53    0.14392E+04    0.13580E+00    0.00000E+00   -0.18759E+00    0.12510E-06    0.78866E-03   -0.47548E-06
    54    0.14595E+04    0.14412E+00    0.00000E+00   -0.41446E+00    0.12451E-06    0.77191E-03   -0.46204E-06
    55    0.14800E+04    0.15283E+00    0.00000E+00   -0.65197E+00    0.12390E-06    0.75597E-03   -0.43497E-06
    56    0.15008E+04    0.16178E+00    0.00000E+00   -0.90190E+00    0.12329E-06    0.74095E-03   -0.39939E-06
    57    0.15219E+04    0.17087E+00    0.00000E+00   -0.11641E+01    0.12267E-06    0.72672E-03   -0.35767E-06
    58    0.15433E+04    0.18011E+00    0.00000E+00   -0.14391E+01    0.12203E-06    0.71314E-03   -0.31150E-06
    59    0.15648E+04    0.18954E+00    0.00000E+00   -0.17275E+01    0.12139E-06    0.70004E-03   -0.26256E-06
    60    0.15865E+04    0.19922E+00    0.00000E+00   -0.20285E+01    0.12074E-06    0.68726E-03   -0.21254E-06
    61    0.16087E+04    0.20924E+00    0.00000E+00   -0.23412E+01    0.12009E-06    0.67467E-03   -0.16316E-06
    62    0.16307E+04    0.21959E+00    0.00000E+00   -0.26664E+01    0.11942E-06    0.66222E-03   -0.11636E-06
    63    0.16528E+04    0.23022E+00    0.00000E+00   -0.30052E+01    0.11876E-06    0.64990E-03   -0.74142E-07
    64    0.16754E+04    0.24115E+00    0.00000E+00   -0.33591E+01    0.11808E-06    0.63768E-03   -0.38484E-07
    65    0.16980E+04    0.25235E+00    0.00000E+00   -0.37287E+01    0.11741E-06    0.62554E-03   -0.11373E-07
    66    0.17209E+04    0.26374E+00    0.00000E+00   -0.41121E+01    0.11673E-06    0.61347E-03    0.53271E-08
    67    0.17440E+04    0.27534E+00    0.00000E+00   -0.45066E+01    0.11605E-06    0.60157E-03    0.10226E-07
    68    0.17675E+04    0.28718E+00    0.00000E+00   -0.49104E+01    0.11537E-06    0.58992E-03    0.20520E-08
    69    0.17912E+04    0.29922E+00    0.00000E+00   -0.53215E+01    0.11468E-06    0.57864E-03   -0.20464E-07
    70    0.18152E+04    0.31150E+00    0.00000E+00   -0.57416E+01    0.11400E-06    0.56781E-03   -0.58591E-07
    71    0.18393E+04    0.32401E+00    0.00000E+00   -0.61729E+01    0.11332E-06    0.55752E-03   -0.11150E-06
    72    0.18636E+04    0.33674E+00    0.00000E+00   -0.66169E+01    0.11263E-06    0.54772E-03   -0.16997E-06
    73    0.18880E+04    0.34963E+00    0.00000E+00   -0.70742E+01    0.11195E-06    0.53835E-03   -0.22271E-06
    74    0.19127E+04    0.36269E+00    0.00000E+00   -0.75441E+01    0.11126E-06    0.52935E-03   -0.25842E-06
    75    0.19376E+04    0.37591E+00    0.00000E+00   -0.80252E+01    0.11058E-06    0.52064E-03   -0.26583E-06
    76    0.19629E+04    0.38931E+00    0.00000E+00   -0.85170E+01    0.10989E-06    0.51217E-03   -0.23766E-06
    77    0.19884E+04    0.40287E+00    0.00000E+00   -0.90192E+01    0.10920E-06    0.50385E-03   -0.18261E-06
    78    0.20144E+04    0.41663E+00    0.00000E+00   -0.95332E+01    0.10852E-06    0.49560E-03   -0.11336E-06
    79    0.20405E+04    0.43051E+00    0.00000E+00   -0.10055E+02    0.10783E-06    0.48733E-03   -0.42578E-07
    80    0.20669E+04    0.44454E+00    0.00000E+00   -0.10587E+02    0.10715E-06    0.47896E-03    0.17088E-07
    81    0.20934E+04    0.45865E+00    0.00000E+00   -0.11128E+02    0.10647E-06    0.47045E-03    0.55486E-07
    82    0.21202E+04    0.47287E+00    0.00000E+00   -0.11678E+02    0.10579E-06    0.46199E-03    0.72437E-07
    83    0.21472E+04    0.48718E+00    0.00000E+00   -0.12237E+02    0.10511E-06    0.45380E-03    0.70256E-07
    84    0.21745E+04    0.50157E+00    0.00000E+00   -0.12802E+02    0.10444E-06    0.44613E-03    0.51253E-07
    85    0.22018E+04    0.51601E+00    0.00000E+00   -0.13375E+02    0.10376E-06    0.43920E-03    0.17737E-07
    86    0.22294E+04    0.53052E+00    0.00000E+00   -0.13954E+02    0.10309E-06    0.43309E-03   -0.27617E-07
    87    0.22574E+04    0.54508E+00    0.00000E+00   -0.14539E+02    0.10243E-06    0.42723E-03   -0.80653E-07
    88    0.22854E+04    0.55968E+00    0.00000E+00   -0.15129E+02    0.10176E-06    0.42092E-03   -0.13685E-06
    89    0.23137E+04    0.57433E+00    0.00000E+00   -0.15727E+02    0.10110E-06    0.41343E-03   -0.19170E-06
    90    0.23422E+04    0.58897E+00    0.00000E+00   -0.16329E+02    0.10045E-06    0.40404E-03   -0.24067E-06
    91    0.23709E+04    0.60362E+00    0.00000E+00   -0.16937E+02    0.99791E-07    0.39221E-03   -0.28014E-06
    92    0.23998E+04    0.61824E+00    0.00000E+00   -0.17549E+02    0.99141E-07    0.37801E-03   -0.30994E-06
    93    0.24291E+04    0.63283E+00    0.00000E+00   -0.18167E+02    0.98493E-07    0.36169E-03   -0.33078E-06
    94    0.24584E+04    0.64736E+00    0.00000E+00   -0.18787E+02    0.97850E-07    0.34350E-03   -0.34338E-06
    95    0.24879E+04    0.66183E+00    0.00000E+00   -0.19411E+02    0.97210E-07    0.32370E-03   -0.34843E-06
    96    0.25175E+04    0.67623E+00    0.00000E+00   -0.20039E+02    0.96574E-07    0.30252E-03   -0.34666E-06
    97    0.25475E+04    0.69053E+00    0.00000E+00   -0.20669E+02    0.95941E-07    0.28021E-03   -0.33876E-06
    98    0.25777E+04    0.70474E+00    0.00000E+00   -0.21300E+02    0.95312E-07    0.25703E-03   -0.32545E-06
    99    0.26080E+04    0.71881E+00    0.00000E+00   -0.21934E+02    0.94687E-07    0.23322E-03   -0.30743E-06
   100    0.26385E+04    0.73275E+00    0.00000E+00   -0.22567E+02    0.94066E-07    0.20901E-03   -0.28540E-06
   101    0.26692E+04    0.74662E+00    0.00000E+00   -0.23202E+02    0.93449E-07    0.18468E-03   -0.26008E-06
   102    0.27005E+04    0.76027E+00    0.00000E+00   -0.23837E+02    0.92835E-07    0.16044E-03   -0.23216E-06
   103    0.27316E+04    0.77377E+00    0.00000E+00   -0.24473E+02    0.92226E-07    0.13657E-03   -0.20236E-06
   104    0.27630E+04    0.78713E+00    0.00000E+00   -0.25106E+02    0.91620E-07    0.11329E-03   -0.17137E-06
   105    0.27945E+04    0.80027E+00    0.00000E+00   -0.25738E+02    0.91019E-07    0.90857E-04   -0.13991E-06
   106    0.28262E+04    0.81327E+00    0.00000E+00   -0.26369E+02    0.90421E-07    0.69518E-04   -0.10867E-06
   107    0.28578E+04    0.82597E+00    0.00000E+00   -0.26996E+02    0.89828E-07    0.49517E-04   -0.78353E-07
   108    0.28898E+04    0.83846E+00    0.00000E+00   -0.27622E+02    0.89239E-07    0.31100E-04   -0.49669E-07
   109    0.29220E+04    0.85067E+00    0.00000E+00   -0.28244E+02    0.88655E-07    0.14513E-04   -0.23317E-07
   110    0.29542E+04    0.86258E+00    0.00000E+00   -0.28860E+02    0.88074E-07    0.00000E+00    0.00000E+00
   111    0.29866E+04    0.87428E+00    0.00000E+00   -0.29473E+02    0.87498E-07   -0.12258E-04    0.19737E-07
   112    0.30191E+04    0.88569E+00    0.00000E+00   -0.30082E+02    0.86927E-07   -0.22343E-04    0.35976E-07
   113    0.30518E+04    0.89681E+00    0.00000E+00   -0.30685E+02    0.86359E-07   -0.30402E-04    0.48954E-07
   114    0.30847E+04    0.90757E+00    0.00000E+00   -0.31281E+02    0.85796E-07   -0.36584E-04    0.58907E-07
   115    0.31177E+04    0.91812E+00    0.00000E+00   -0.31871E+02    0.85238E-07   -0.41035E-04    0.66074E-07
   116    0.31507E+04    0.92824E+00    0.00000E+00   -0.32453E+02    0.84683E-07   -0.43902E-04    0.70690E-07
   117    0.31840E+04    0.93799E+00    0.00000E+00   -0.33027E+02    0.84133E-07   -0.45332E-04    0.72994E-07
   118    0.32175E+04    0.94754E+00    0.00000E+00   -0.33593E+02    0.83588E-07   -0.45474E-04    0.73221E-07
   119    0.32510E+04    0.95672E+00    0.00000E+00   -0.34150E+02    0.83046E-07   -0.44472E-04    0.71609E-07
   120    0.32846E+04    0.96540E+00    0.00000E+00   -0.34697E+02    0.82509E-07   -0.42475E-04    0.68393E-07
   121    0.33181E+04    0.97386E+00    0.00000E+00   -0.35234E+02    0.81976E-07   -0.39629E-04    0.63810E-07
   122    0.33518E+04    0.98182E+00    0.00000E+00   -0.35761E+02    0.81447E-07   -0.36081E-04    0.58097E-07
   123    0.33855E+04    0.98935E+00    0.00000E+00   -0.36278E+02    0.80923E-07   -0.31977E-04    0.51489E-07
   124    0.34193E+04    0.99652E+00    0.00000E+00   -0.36780E+02    0.80403E-07   -0.27464E-04    0.44222E-07
   125    0.34530E+04    0.10033E+01    0.00000E+00   -0.37272E+02    0.79887E-07   -0.22689E-04    0.36533E-07
   126    0.34868E+04    0.10096E+01    0.00000E+00   -0.37752E+02    0.79375E-07   -0.17797E-04    0.28657E-07
   127    0.35206E+04    0.10155E+01    0.00000E+00   -0.38218E+02    0.78867E-07   -0.12937E-04    0.20830E-07
   128    0.35544E+04    0.10210E+01    0.00000E+00   -0.38671E+02    0.78364E-07   -0.82526E-05    0.13288E-07
   129    0.35883E+04    0.10260E+01    0.00000E+00   -0.39110E+02    0.77864E-07   -0.38916E-05    0.62663E-08
   130    0.36221E+04    0.10305E+01    0.00000E+00   -0.39534E+02    0.77369E-07    0.00000E+00    0.00000E+00
   131    0.36559E+04    0.10347E+01    0.00000E+00   -0.39944E+02    0.76879E-07    0.33068E-05   -0.53246E-08
   132    0.36897E+04    0.10383E+01    0.00000E+00   -0.40338E+02    0.76392E-07    0.60363E-05   -0.97197E-08
   133    0.37235E+04    0.10416E+01    0.00000E+00   -0.40717E+02    0.75909E-07    0.82269E-05   -0.13247E-07
   134    0.37572E+04    0.10443E+01    0.00000E+00   -0.41078E+02    0.75431E-07    0.99166E-05   -0.15968E-07
   135    0.37910E+04    0.10466E+01    0.00000E+00   -0.41423E+02    0.74956E-07    0.11144E-04   -0.17944E-07
   136    0.38245E+04    0.10484E+01    0.00000E+00   -0.41748E+02    0.74486E-07    0.11947E-04   -0.19237E-07
   137    0.38581E+04    0.10498E+01    0.00000E+00   -0.42057E+02    0.74019E-07    0.12364E-04   -0.19908E-07
   138    0.38916E+04    0.10506E+01    0.00000E+00   -0.42347E+02    0.73557E-07    0.12432E-04   -0.20019E-07
   139    0.39248E+04    0.10511E+01    0.00000E+00   -0.42617E+02    0.73098E-07    0.12192E-04   -0.19631E-07
   140    0.39581E+04    0.10510E+01    0.00000E+00   -0.42869E+02    0.72644E-07    0.11679E-04   -0.18806E-07
   141    0.39912E+04    0.10505E+01    0.00000E+00   -0.43101E+02    0.72193E-07    0.10933E-04   -0.17604E-07
   142    0.40242E+04    0.10495E+01    0.00000E+00   -0.43312E+02    0.71746E-07    0.99917E-05   -0.16089E-07
   143    0.40572E+04    0.10480E+01    0.00000E+00   -0.43504E+02    0.71303E-07    0.88932E-05   -0.14320E-07
   144    0.40900E+04    0.10461E+01    0.00000E+00   -0.43675E+02    0.70864E-07    0.76755E-05   -0.12359E-07
   145    0.41226E+04    0.10438E+01    0.00000E+00   -0.43825E+02    0.70429E-07    0.63767E-05   -0.10268E-07
   146    0.41553E+04    0.10410E+01    0.00000E+00   -0.43954E+02    0.69998E-07    0.50350E-05   -0.81074E-08
   147    0.41876E+04    0.10378E+01    0.00000E+00   -0.44060E+02    0.69570E-07    0.36885E-05   -0.59392E-08
   148    0.42197E+04    0.10341E+01    0.00000E+00   -0.44145E+02    0.69146E-07    0.23751E-05   -0.38244E-08
   149    0.42518E+04    0.10299E+01    0.00000E+00   -0.44207E+02    0.68726E-07    0.11329E-05   -0.18242E-08
   150    0.42836E+04    0.10255E+01    0.00000E+00   -0.44245E+02    0.68309E-07    0.00000E+00    0.00000E+00
   151    0.43153E+04    0.10206E+01    0.00000E+00   -0.44261E+02    0.67896E-07   -0.99321E-06    0.15993E-08
   152    0.43466E+04    0.10152E+01    0.00000E+00   -0.44253E+02    0.67487E-07   -0.18466E-05    0.29734E-08
   153    0.43779E+04    0.10094E+01    0.00000E+00   -0.44220E+02    0.67081E-07   -0.25676E-05    0.41343E-08
   154    0.44089E+04    0.10033E+01    0.00000E+00   -0.44164E+02    0.66679E-07   -0.31637E-05    0.50941E-08
   155    0.44396E+04    0.99686E+00    0.00000E+00   -0.44083E+02    0.66280E-07   -0.36423E-05    0.58648E-08
   156    0.44700E+04    0.99006E+00    0.00000E+00   -0.43979E+02    0.65885E-07   -0.40108E-05    0.64583E-08
   157    0.45004E+04    0.98291E+00    0.00000E+00   -0.43849E+02    0.65493E-07   -0.42769E-05    0.68866E-08
   158    0.45304E+04    0.97548E+00    0.00000E+00   -0.43694E+02    0.65105E-07   -0.44477E-05    0.71617E-08
   159    0.45601E+04    0.96763E+00    0.00000E+00   -0.43515E+02    0.64720E-07   -0.45309E-05    0.72956E-08
   160    0.45896E+04    0.95950E+00    0.00000E+00   -0.43309E+02    0.64339E-07   -0.45338E-05    0.73004E-08
   161    0.46189E+04    0.95116E+00    0.00000E+00   -0.43079E+02    0.63961E-07   -0.44639E-05    0.71878E-08
   162    0.46479E+04    0.94247E+00    0.00000E+00   -0.42823E+02    0.63586E-07   -0.43287E-05    0.69700E-08
   163    0.46767E+04    0.93350E+00    0.00000E+00   -0.42542E+02    0.63215E-07   -0.41355E-05    0.66589E-08
   164    0.47051E+04    0.92433E+00    0.00000E+00   -0.42235E+02    0.62847E-07   -0.38917E-05    0.62664E-08
   165    0.47333E+04    0.91488E+00    0.00000E+00   -0.41902E+02    0.62482E-07   -0.36049E-05    0.58046E-08
   166    0.47612E+04    0.90529E+00    0.00000E+00   -0.41543E+02    0.62120E-07   -0.32824E-05    0.52853E-08
   167    0.47889E+04    0.89536E+00    0.00000E+00   -0.41159E+02    0.61762E-07   -0.29317E-05    0.47206E-08
   168    0.48162E+04    0.88544E+00    0.00000E+00   -0.40748E+02    0.61406E-07   -0.25602E-05    0.41224E-08
   169    0.48431E+04    0.87523E+00    0.00000E+00   -0.40309E+02    0.61054E-07   -0.21752E-05    0.35026E-08
   170    0.48697E+04    0.86497E+00    0.00000E+00   -0.39846E+02    0.60705E-07   -0.17844E-05    0.28732E-08
   171    0.48959E+04    0.85466E+00    0.00000E+00   -0.39354E+02    0.60359E-07   -0.13949E-05    0.22461E-08
   172    0.49217E+04    0.84421E+00    0.00000E+00   -0.38836E+02    0.60016E-07   -0.10143E-05    0.16333E-08
   173    0.49470E+04    0.83362E+00    0.00000E+00   -0.38292E+02    0.59676E-07   -0.65006E-06    0.10467E-08
   174    0.49721E+04    0.82320E+00    0.00000E+00   -0.37722E+02    0.59339E-07   -0.30947E-06    0.49831E-09
   175    0.49967E+04    0.81265E+00    0.00000E+00   -0.37124E+02    0.59005E-07    0.00000E+00    0.00000E+00
   176    0.50208E+04    0.80218E+00    0.00000E+00   -0.36499E+02    0.58674E-07    0.27249E-06   -0.43876E-09
   177    0.50445E+04    0.79173E+00    0.00000E+00   -0.35849E+02    0.58345E-07    0.50828E-06   -0.81843E-09
   178    0.50678E+04    0.78151E+00    0.00000E+00   -0.35171E+02    0.58020E-07    0.70920E-06   -0.11420E-08
   179    0.50906E+04    0.77123E+00    0.00000E+00   -0.34466E+02    0.57698E-07    0.87708E-06   -0.14123E-08
   180    0.51131E+04    0.76111E+00    0.00000E+00   -0.33736E+02    0.57378E-07    0.10137E-05   -0.16323E-08
   181    0.51351E+04    0.75115E+00    0.00000E+00   -0.32980E+02    0.57061E-07    0.11210E-05   -0.18050E-08
   182    0.51566E+04    0.74142E+00    0.00000E+00   -0.32197E+02    0.56747E-07    0.12007E-05   -0.19334E-08
   183    0.51776E+04    0.73184E+00    0.00000E+00   -0.31389E+02    0.56435E-07    0.12547E-05   -0.20203E-08
   184    0.51982E+04    0.72250E+00    0.00000E+00   -0.30554E+02    0.56126E-07    0.12847E-05   -0.20686E-08
   185    0.52183E+04    0.71354E+00    0.00000E+00   -0.29695E+02    0.55820E-07    0.12927E-05   -0.20814E-08
   186    0.52377E+04    0.70482E+00    0.00000E+00   -0.28809E+02    0.55517E-07    0.12803E-05   -0.20616E-08
   187    0.52568E+04    0.69647E+00    0.00000E+00   -0.27897E+02    0.55216E-07    0.12496E-05   -0.20121E-08
   188    0.52755E+04    0.68848E+00    0.00000E+00   -0.26961E+02    0.54918E-07    0.12022E-05   -0.19358E-08
   189    0.52936E+04    0.68089E+00    0.00000E+00   -0.26000E+02    0.54622E-07    0.11400E-05   -0.18356E-08
   190    0.53115E+04    0.67375E+00    0.00000E+00   -0.25015E+02    0.54329E-07    0.10648E-05   -0.17146E-08
   191    0.53285E+04    0.66708E+00    0.00000E+00   -0.24004E+02    0.54038E-07    0.97851E-06   -0.15756E-08
   192    0.53451E+04    0.66090E+00    0.00000E+00   -0.22969E+02    0.53750E-07    0.88286E-06   -0.14216E-08
   193    0.53612E+04    0.65525E+00    0.00000E+00   -0.21911E+02    0.53465E-07    0.77968E-06   -0.12554E-08
   194    0.53769E+04    0.65017E+00    0.00000E+00   -0.20829E+02    0.53181E-07    0.67082E-06   -0.10801E-08
   195    0.53920E+04    0.64570E+00    0.00000E+00   -0.19724E+02    0.52900E-07    0.55808E-06   -0.89861E-09
   196    0.54065E+04    0.64185E+00    0.00000E+00   -0.18595E+02    0.52622E-07    0.44329E-06   -0.71378E-09
   197    0.54205E+04    0.63869E+00    0.00000E+00   -0.17445E+02    0.52346E-07    0.32826E-06   -0.52857E-09
   198    0.54341E+04    0.63624E+00    0.00000E+00   -0.16272E+02    0.52072E-07    0.21483E-06   -0.34592E-09
   199    0.54471E+04    0.63452E+00    0.00000E+00   -0.15078E+02    0.51800E-07    0.10480E-06   -0.16875E-09
   200    0.54597E+04    0.63357E+00    0.00000E+00   -0.13862E+02    0.51531E-07    0.00000E+00    0.00000E+00
   201    0.54716E+04    0.63344E+00    0.00000E+00   -0.12625E+02    0.51264E-07   -0.98089E-07    0.15794E-09
   202    0.54830E+04    0.63415E+00    0.00000E+00   -0.11367E+02    0.50999E-07   -0.18931E-06    0.30483E-09
   203    0.54938E+04    0.63575E+00    0.00000E+00   -0.10088E+02    0.50736E-07   -0.27385E-06    0.44095E-09
   204    0.55040E+04    0.63826E+00    0.00000E+00   -0.87907E+01    0.50476E-07   -0.35188E-06    0.56659E-09
   205    0.55137E+04    0.64173E+00    0.00000E+00   -0.74733E+01    0.50217E-07   -0.42358E-06    0.68204E-09
   206    0.55227E+04    0.64620E+00    0.00000E+00   -0.61367E+01    0.49961E-07   -0.48913E-06    0.78759E-09
   207    0.55312E+04    0.65167E+00    0.00000E+00   -0.47814E+01    0.49707E-07   -0.54871E-06    0.88353E-09
   208    0.55389E+04    0.65821E+00    0.00000E+00   -0.34080E+01    0.49455E-07   -0.60250E-06    0.97015E-09
   209    0.55461E+04    0.66584E+00    0.00000E+00   -0.20167E+01    0.49205E-07   -0.65068E-06    0.10477E-08
   210    0.55526E+04    0.67461E+00    0.00000E+00   -0.60854E+00    0.48957E-07   -0.69343E-06    0.11166E-08
   211    0.55586E+04    0.68454E+00    0.00000E+00    0.81654E+00    0.48711E-07   -0.73092E-06    0.11769E-08
   212    0.55639E+04    0.69567E+00    0.00000E+00    0.22576E+01    0.48467E-07   -0.76334E-06    0.12291E-08
   213    0.55686E+04    0.70803E+00    0.00000E+00    0.37146E+01    0.48225E-07   -0.79086E-06    0.12734E-08
   214    0.55727E+04    0.72163E+00    0.00000E+00    0.51865E+01    0.47985E-07   -0.81366E-06    0.13102E-08
   215    0.55762E+04    0.73665E+00    0.00000E+00    0.66725E+01    0.47747E-07   -0.83193E-06    0.13396E-08
   216    0.55790E+04    0.75290E+00    0.00000E+00    0.81731E+01    0.47512E-07   -0.84584E-06    0.13620E-08
   217    0.55813E+04    0.77055E+00    0.00000E+00    0.96863E+01    0.47277E-07   -0.85557E-06    0.13776E-08
   218    0.55829E+04    0.78959E+00    0.00000E+00    0.11212E+02    0.47045E-07   -0.86129E-06    0.13869E-08
   219    0.55840E+04    0.81002E+00    0.00000E+00    0.12752E+02    0.46815E-07   -0.86320E-06    0.13899E-08
   220    0.55845E+04    0.83198E+00    0.00000E+00    0.14302E+02    0.46587E-07   -0.86145E-06    0.13871E-08
   221    0.55843E+04    0.85541E+00    0.00000E+00    0.15863E+02    0.46360E-07   -0.85625E-06    0.13787E-08
   222    0.55836E+04    0.88044E+00    0.00000E+00    0.17434E+02    0.46135E-07   -0.84775E-06    0.13650E-08
   223    0.55822E+04    0.90702E+00    0.00000E+00    0.19016E+02    0.45912E-07   -0.83615E-06    0.13464E-08
   224    0.55803E+04    0.93512E+00    0.00000E+00    0.20605E+02    0.45691E-07   -0.82162E-06    0.13230E-08
   225    0.55777E+04    0.96491E+00    0.00000E+00    0.22204E+02    0.45472E-07   -0.80434E-06    0.12951E-08
   226    0.55746E+04    0.99637E+00    0.00000E+00    0.23810E+02    0.45254E-07   -0.78448E-06    0.12632E-08
   227    0.55708E+04    0.10295E+01    0.00000E+00    0.25424E+02    0.45039E-07   -0.76223E-06    0.12273E-08
   228    0.55664E+04    0.10643E+01    0.00000E+00    0.27044E+02    0.44824E-07   -0.73777E-06    0.11879E-08
   229    0.55615E+04    0.11009E+01    0.00000E+00    0.28670E+02    0.44612E-07   -0.71126E-06    0.11453E-08
   230    0.55559E+04    0.11392E+01    0.00000E+00    0.30301E+02    0.44401E-07   -0.68290E-06    0.10996E-08
   231    0.55497E+04    0.11794E+01    0.00000E+00    0.31937E+02    0.44192E-07   -0.65286E-06    0.10512E-08
   232    0.55429E+04    0.12213E+01    0.00000E+00    0.33577E+02    0.43985E-07   -0.62132E-06    0.10004E-08
   233    0.55355E+04    0.12652E+01    0.00000E+00    0.35219E+02    0.43779E-07   -0.58845E-06    0.94752E-09
   234    0.55274E+04    0.13109E+01    0.00000E+00    0.36863E+02    0.43574E-07   -0.55444E-06    0.89276E-09
   235    0.55188E+04    0.13584E+01    0.00000E+00    0.38510E+02    0.43372E-07   -0.51946E-06    0.83644E-09
   236    0.55095E+04    0.14079E+01    0.00000E+00    0.40157E+02    0.43171E-07   -0.48370E-06    0.77885E-09
   237    0.54997E+04    0.14594E+01    0.00000E+00    0.41805E+02    0.42971E-07   -0.44732E-06    0.72027E-09
   238    0.54892E+04    0.15129E+01    0.00000E+00    0.43452E+02    0.42773E-07   -0.41051E-06    0.66100E-09
   239    0.54782E+04    0.15683E+01    0.00000E+00    0.45098E+02    0.42577E-07   -0.37345E-06    0.60133E-09
   240    0.54665E+04    0.16256E+01    0.00000E+00    0.46742E+02    0.42381E-07   -0.33631E-06    0.54153E-09
   241    0.54543E+04    0.16851E+01    0.00000E+00    0.48383E+02    0.42188E-07   -0.29928E-06    0.48190E-09
   242    0.54415E+04    0.17465E+01    0.00000E+00    0.50021E+02    0.41996E-07   -0.26252E-06    0.42272E-09
   243    0.54282E+04    0.18100E+01    0.00000E+00    0.51655E+02    0.41805E-07   -0.22623E-06    0.36428E-09
   244    0.54142E+04    0.18756E+01    0.00000E+00    0.53285E+02    0.41616E-07   -0.19057E-06    0.30686E-09
   245    0.53997E+04    0.19433E+01    0.00000E+00    0.54909E+02    0.41428E-07   -0.15573E-06    0.25076E-09
   246    0.53846E+04    0.20130E+01    0.00000E+00    0.56527E+02    0.41241E-07   -0.12189E-06    0.19626E-09
   247    0.53691E+04    0.20849E+01    0.00000E+00    0.58138E+02    0.41056E-07   -0.89212E-07    0.14365E-09
   248    0.53529E+04    0.21591E+01    0.00000E+00    0.59741E+02    0.40873E-07   -0.57887E-07    0.93210E-10
   249    0.53363E+04    0.22352E+01    0.00000E+00    0.61336E+02    0.40690E-07   -0.28091E-07    0.45231E-10
   250    0.53190E+04    0.23136E+01    0.00000E+00    0.62922E+02    0.40509E-07    0.00000E+00    0.00000E+00
   251    0.53014E+04    0.23941E+01    0.00000E+00    0.64499E+02    0.40329E-07    0.26244E-07   -0.42258E-10
   252    0.52831E+04    0.24768E+01    0.00000E+00    0.66065E+02    0.40150E-07    0.50652E-07   -0.81559E-10
   253    0.52644E+04    0.25615E+01    0.00000E+00    0.67620E+02    0.39973E-07    0.73271E-07   -0.11798E-09
   254    0.52452E+04    0.26486E+01    0.00000E+00    0.69163E+02    0.39797E-07    0.94149E-07   -0.15160E-09
   255    0.52255E+04    0.27377E+01    0.00000E+00    0.70694E+02    0.39622E-07    0.11334E-06   -0.18249E-09
   256    0.52053E+04    0.28292E+01    0.00000E+00    0.72213E+02    0.39448E-07    0.13088E-06   -0.21074E-09
   257    0.51847E+04    0.29227E+01    0.00000E+00    0.73712E+02    0.39276E-07    0.14682E-06   -0.23641E-09
   258    0.51635E+04    0.30185E+01    0.00000E+00    0.75205E+02    0.39105E-07    0.16122E-06   -0.25959E-09
   259    0.51419E+04    0.31165E+01    0.00000E+00    0.76675E+02    0.38935E-07    0.17411E-06   -0.28035E-09
   260    0.51200E+04    0.32166E+01    0.00000E+00    0.78137E+02    0.38766E-07    0.18555E-06   -0.29877E-09
   261    0.50975E+04    0.33189E+01    0.00000E+00    0.79571E+02    0.38599E-07    0.19558E-06   -0.31493E-09
   262    0.50745E+04    0.34235E+01    0.00000E+00    0.80997E+02    0.38432E-07    0.20426E-06   -0.32890E-09
   263    0.50513E+04    0.35302E+01    0.00000E+00    0.82408E+02    0.38267E-07    0.21163E-06   -0.34076E-09
   264    0.50276E+04    0.36391E+01    0.00000E+00    0.83797E+02    0.38103E-07    0.21773E-06   -0.35059E-09
   265    0.50033E+04    0.37501E+01    0.00000E+00    0.85157E+02    0.37940E-07    0.22262E-06   -0.35847E-09
   266    0.49787E+04    0.38635E+01    0.00000E+00    0.86510E+02    0.37778E-07    0.22635E-06   -0.36446E-09
   267    0.49537E+04    0.39788E+01    0.00000E+00    0.87833E+02    0.37617E-07    0.22895E-06   -0.36866E-09
   268    0.49282E+04    0.40964E+01    0.00000E+00    0.89142E+02    0.37457E-07    0.23049E-06   -0.37113E-09
   269    0.49022E+04    0.42161E+01    0.00000E+00    0.90428E+02    0.37299E-07    0.23100E-06   -0.37195E-09
   270    0.48760E+04    0.43379E+01    0.00000E+00    0.91693E+02    0.37141E-07    0.23054E-06   -0.37121E-09
   271    0.48494E+04    0.44618E+01    0.00000E+00    0.92935E+02    0.36985E-07    0.22914E-06   -0.36897E-09
   272    0.48225E+04    0.45880E+01    0.00000E+00    0.94149E+02    0.36830E-07    0.22687E-06   -0.36531E-09
   273    0.47952E+04    0.47159E+01    0.00000E+00    0.95347E+02    0.36676E-07    0.22377E-06   -0.36032E-09
   274    0.47676E+04    0.48462E+01    0.00000E+00    0.96509E+02    0.36522E-07    0.21988E-06   -0.35406E-09
   275    0.47397E+04    0.49782E+01    0.00000E+00    0.97656E+02    0.36370E-07    0.21526E-06   -0.34661E-09
   276    0.47115E+04    0.51124E+01    0.00000E+00    0.98767E+02    0.36219E-07    0.20995E-06   -0.33806E-09
   277    0.46828E+04    0.52486E+01    0.00000E+00    0.99863E+02    0.36069E-07    0.20400E-06   -0.32847E-09
   278    0.46540E+04    0.53867E+01    0.00000E+00    0.10092E+03    0.35920E-07    0.19745E-06   -0.31793E-09
   279    0.46248E+04    0.55268E+01    0.00000E+00    0.10195E+03    0.35772E-07    0.19036E-06   -0.30652E-09
   280    0.45954E+04    0.56687E+01    0.00000E+00    0.10297E+03    0.35625E-07    0.18277E-06   -0.29430E-09
   281    0.45658E+04    0.58126E+01    0.00000E+00    0.10395E+03    0.35478E-07    0.17473E-06   -0.28135E-09
   282    0.45357E+04    0.59582E+01    0.00000E+00    0.10490E+03    0.35333E-07    0.16629E-06   -0.26776E-09
   283    0.45055E+04    0.61057E+01    0.00000E+00    0.10582E+03    0.35189E-07    0.15750E-06   -0.25360E-09
   284    0.44751E+04    0.62551E+01    0.00000E+00    0.10671E+03    0.35046E-07    0.14839E-06   -0.23895E-09
   285    0.44445E+04    0.64062E+01    0.00000E+00    0.10757E+03    0.34903E-07    0.13903E-06   -0.22387E-09
   286    0.44135E+04    0.65590E+01    0.00000E+00    0.10840E+03    0.34762E-07    0.12946E-06   -0.20846E-09
   287    0.43824E+04    0.67135E+01    0.00000E+00    0.10920E+03    0.34621E-07    0.11973E-06   -0.19278E-09
   288    0.43511E+04    0.68697E+01    0.00000E+00    0.10997E+03    0.34482E-07    0.10988E-06   -0.17692E-09
   289    0.43195E+04    0.70275E+01    0.00000E+00    0.11070E+03    0.34343E-07    0.99957E-07   -0.16095E-09
   290    0.42879E+04    0.71868E+01    0.00000E+00    0.11141E+03    0.34205E-07    0.90018E-07   -0.14495E-09
   291    0.42561E+04    0.73482E+01    0.00000E+00    0.11208E+03    0.34068E-07    0.80106E-07   -0.12899E-09
   292    0.42238E+04    0.75108E+01    0.00000E+00    0.11272E+03    0.33932E-07    0.70269E-07   -0.11315E-09
   293    0.41917E+04    0.76741E+01    0.00000E+00    0.11332E+03    0.33797E-07    0.60555E-07   -0.97505E-10
   294    0.41593E+04    0.78395E+01    0.00000E+00    0.11389E+03    0.33662E-07    0.51011E-07   -0.82138E-10
   295    0.41269E+04    0.80057E+01    0.00000E+00    0.11443E+03    0.33529E-07    0.41686E-07   -0.67122E-10
   296    0.40943E+04    0.81741E+01    0.00000E+00    0.11493E+03    0.33396E-07    0.32626E-07   -0.52534E-10
   297    0.40616E+04    0.83425E+01    0.00000E+00    0.11541E+03    0.33264E-07    0.23880E-07   -0.38452E-10
   298    0.40287E+04    0.85131E+01    0.00000E+00    0.11584E+03    0.33133E-07    0.15495E-07   -0.24950E-10
   299    0.39958E+04    0.86851E+01    0.00000E+00    0.11623E+03    0.33003E-07    0.75193E-08   -0.12108E-10
   300    0.39627E+04    0.88571E+01    0.00000E+00    0.11659E+03    0.32873E-07    0.00000E+00    0.00000E+00
   301    0.39296E+04    0.90306E+01    0.00000E+00    0.11692E+03    0.32744E-07   -0.70251E-08    0.11312E-10
   302    0.38964E+04    0.92048E+01    0.00000E+00    0.11722E+03    0.32616E-07   -0.13559E-07    0.21832E-10
   303    0.38632E+04    0.93805E+01    0.00000E+00    0.11747E+03    0.32489E-07   -0.19614E-07    0.31582E-10
   304    0.38299E+04    0.95576E+01    0.00000E+00    0.11769E+03    0.32362E-07   -0.25203E-07    0.40582E-10
   305    0.37966E+04    0.97348E+01    0.00000E+00    0.11787E+03    0.32237E-07   -0.30339E-07    0.48852E-10
   306    0.37633E+04    0.99126E+01    0.00000E+00    0.11801E+03    0.32112E-07   -0.35035E-07    0.56413E-10
   307    0.37299E+04    0.10091E+02    0.00000E+00    0.11812E+03    0.31987E-07   -0.39303E-07    0.63286E-10
   308    0.36966E+04    0.10272E+02    0.00000E+00    0.11820E+03    0.31864E-07   -0.43157E-07    0.69491E-10
   309    0.36633E+04    0.10452E+02    0.00000E+00    0.11823E+03    0.31741E-07   -0.46609E-07    0.75049E-10
   310    0.36299E+04    0.10632E+02    0.00000E+00    0.11823E+03    0.31619E-07   -0.49672E-07    0.79981E-10
   311    0.35967E+04    0.10814E+02    0.00000E+00    0.11818E+03    0.31498E-07   -0.52358E-07    0.84307E-10
   312    0.35634E+04    0.10996E+02    0.00000E+00    0.11811E+03    0.31377E-07   -0.54682E-07    0.88048E-10
   313    0.35302E+04    0.11178E+02    0.00000E+00    0.11799E+03    0.31257E-07   -0.56654E-07    0.91224E-10
   314    0.34971E+04    0.11361E+02    0.00000E+00    0.11785E+03    0.31138E-07   -0.58289E-07    0.93856E-10
   315    0.34640E+04    0.11544E+02    0.00000E+00    0.11766E+03    0.31019E-07   -0.59598E-07    0.95965E-10
   316    0.34310E+04    0.11727E+02    0.00000E+00    0.11743E+03    0.30901E-07   -0.60596E-07    0.97571E-10
   317    0.33981E+04    0.11909E+02    0.00000E+00    0.11717E+03    0.30784E-07   -0.61294E-07    0.98695E-10
   318    0.33653E+04    0.12093E+02    0.00000E+00    0.11686E+03    0.30667E-07   -0.61705E-07    0.99357E-10
   319    0.33326E+04    0.12276E+02    0.00000E+00    0.11653E+03    0.30552E-07   -0.61842E-07    0.99578E-10
   320    0.33000E+04    0.12459E+02    0.00000E+00    0.11616E+03    0.30436E-07   -0.61718E-07    0.99379E-10
   321    0.32676E+04    0.12642E+02    0.00000E+00    0.11575E+03    0.30322E-07   -0.61346E-07    0.98780E-10
   322    0.32352E+04    0.12825E+02    0.00000E+00    0.11530E+03    0.30208E-07   -0.60739E-07    0.97801E-10
   323    0.32030E+04    0.13007E+02    0.00000E+00    0.11482E+03    0.30095E-07   -0.59908E-07    0.96464E-10
   324    0.31710E+04    0.13190E+02    0.00000E+00    0.11429E+03    0.29982E-07   -0.58868E-07    0.94789E-10
   325    0.31392E+04    0.13370E+02    0.00000E+00    0.11374E+03    0.29870E-07   -0.57631E-07    0.92797E-10
   326    0.31074E+04    0.13552E+02    0.00000E+00    0.11314E+03    0.29759E-07   -0.56209E-07    0.90508E-10
   327    0.30759E+04    0.13733E+02    0.00000E+00    0.11251E+03    0.29648E-07   -0.54616E-07    0.87942E-10
   328    0.30446E+04    0.13912E+02    0.00000E+00    0.11185E+03    0.29538E-07   -0.52863E-07    0.85120E-10
   329    0.30134E+04    0.14092E+02    0.00000E+00    0.11115E+03    0.29429E-07   -0.50965E-07    0.82064E-10
   330    0.29825E+04    0.14270E+02    0.00000E+00    0.11040E+03    0.29320E-07   -0.48934E-07    0.78793E-10
   331    0.29518E+04    0.14447E+02    0.00000E+00    0.10963E+03    0.29212E-07   -0.46782E-07    0.75328E-10
   332    0.29213E+04    0.14625E+02    0.00000E+00    0.10883E+03    0.29104E-07   -0.44522E-07    0.71689E-10
   333    0.28910E+04    0.14800E+02    0.00000E+00    0.10800E+03    0.28997E-07   -0.42168E-07    0.67898E-10
   334    0.28610E+04    0.14976E+02    0.00000E+00    0.10712E+03    0.28890E-07   -0.39731E-07    0.63975E-10
   335    0.28312E+04    0.15149E+02    0.00000E+00    0.10621E+03    0.28785E-07   -0.37225E-07    0.59940E-10
   336    0.28016E+04    0.15321E+02    0.00000E+00    0.10527E+03    0.28679E-07   -0.34662E-07    0.55813E-10
   337    0.27724E+04    0.15492E+02    0.00000E+00    0.10429E+03    0.28575E-07   -0.32056E-07    0.51617E-10
   338    0.27433E+04    0.15662E+02    0.00000E+00    0.10328E+03    0.28470E-07   -0.29419E-07    0.47370E-10
   339    0.27146E+04    0.15831E+02    0.00000E+00    0.10224E+03    0.28367E-07   -0.26763E-07    0.43094E-10
   340    0.26862E+04    0.15998E+02    0.00000E+00    0.10118E+03    0.28264E-07   -0.24102E-07    0.38809E-10
   341    0.26579E+04    0.16163E+02    0.00000E+00    0.10007E+03    0.28161E-07   -0.21448E-07    0.34536E-10
   342    0.26300E+04    0.16328E+02    0.00000E+00    0.98928E+02    0.28059E-07   -0.18814E-07    0.30295E-10
   343    0.26024E+04    0.16490E+02    0.00000E+00    0.97759E+02    0.27958E-07   -0.16214E-07    0.26107E-10
   344    0.25752E+04    0.16651E+02    0.00000E+00    0.96561E+02    0.27857E-07   -0.13658E-07    0.21993E-10
   345    0.25482E+04    0.16810E+02    0.00000E+00    0.95334E+02    0.27757E-07   -0.11161E-07    0.17972E-10
   346    0.25215E+04    0.16967E+02    0.00000E+00    0.94085E+02    0.27657E-07   -0.87358E-08    0.14066E-10
   347    0.24952E+04    0.17122E+02    0.00000E+00    0.92798E+02    0.27558E-07   -0.63940E-08    0.10296E-10
   348    0.24692E+04    0.17275E+02    0.00000E+00    0.91482E+02    0.27459E-07   -0.41489E-08    0.66806E-11
   349    0.24435E+04    0.17426E+02    0.00000E+00    0.90136E+02    0.27361E-07   -0.20133E-08    0.32419E-11
   350    0.24181E+04    0.17575E+02    0.00000E+00    0.88769E+02    0.27263E-07    0.00000E+00    0.00000E+00
   351    0.23933E+04    0.17722E+02    0.00000E+00    0.87371E+02    0.27166E-07    0.18810E-08   -0.30288E-11
   352    0.23686E+04    0.17866E+02    0.00000E+00    0.85944E+02    0.27069E-07    0.36305E-08   -0.58458E-11
   353    0.23444E+04    0.18008E+02    0.00000E+00    0.84503E+02    0.26973E-07    0.52518E-08   -0.84564E-11
   354    0.23204E+04    0.18148E+02    0.00000E+00    0.83024E+02    0.26877E-07    0.67484E-08   -0.10866E-10
   355    0.22969E+04    0.18285E+02    0.00000E+00    0.81523E+02    0.26781E-07    0.81237E-08   -0.13081E-10
   356    0.22737E+04    0.18421E+02    0.00000E+00    0.80007E+02    0.26687E-07    0.93811E-08   -0.15105E-10
   357    0.22509E+04    0.18553E+02    0.00000E+00    0.78462E+02    0.26592E-07    0.10524E-07   -0.16946E-10
   358    0.22286E+04    0.18682E+02    0.00000E+00    0.76901E+02    0.26498E-07    0.11556E-07   -0.18607E-10
   359    0.22065E+04    0.18808E+02    0.00000E+00    0.75312E+02    0.26405E-07    0.12480E-07   -0.20096E-10
   360    0.21849E+04    0.18933E+02    0.00000E+00    0.73703E+02    0.26312E-07    0.13301E-07   -0.21417E-10
   361    0.21637E+04    0.19054E+02    0.00000E+00    0.72071E+02    0.26220E-07    0.14020E-07   -0.22575E-10
   362    0.21428E+04    0.19173E+02    0.00000E+00    0.70420E+02    0.26128E-07    0.14642E-07   -0.23577E-10
   363    0.21224E+04    0.19289E+02    0.00000E+00    0.68750E+02    0.26036E-07    0.15170E-07   -0.24427E-10
   364    0.21024E+04    0.19401E+02    0.00000E+00    0.67059E+02    0.25945E-07    0.15608E-07   -0.25132E-10
   365    0.20827E+04    0.19511E+02    0.00000E+00    0.65353E+02    0.25854E-07    0.15959E-07   -0.25697E-10
   366    0.20635E+04    0.19618E+02    0.00000E+00    0.63627E+02    0.25764E-07    0.16226E-07   -0.26127E-10
   367    0.20447E+04    0.19721E+02    0.00000E+00    0.61885E+02    0.25674E-07    0.16413E-07   -0.26428E-10
   368    0.20263E+04    0.19821E+02    0.00000E+00    0.60129E+02    0.25585E-07    0.16523E-07   -0.26606E-10
   369    0.20084E+04    0.19919E+02    0.00000E+00    0.58355E+02    0.25496E-07    0.16560E-07   -0.26665E-10
   370    0.19909E+04    0.20013E+02    0.00000E+00    0.56569E+02    0.25408E-07    0.16527E-07   -0.26612E-10
   371    0.19737E+04    0.20103E+02    0.00000E+00    0.54767E+02    0.25320E-07    0.16427E-07   -0.26451E-10
   372    0.19570E+04    0.20190E+02    0.00000E+00    0.52954E+02    0.25232E-07    0.16265E-07   -0.26189E-10
   373    0.19407E+04    0.20274E+02    0.00000E+00    0.51127E+02    0.25145E-07    0.16042E-07   -0.25832E-10
   374    0.19249E+04    0.20355E+02    0.00000E+00    0.49289E+02    0.25058E-07    0.15764E-07   -0.25383E-10
   375    0.19094E+04    0.20432E+02    0.00000E+00    0.47441E+02    0.24972E-07    0.15433E-07   -0.24850E-10
   376    0.18945E+04    0.20506E+02    0.00000E+00    0.45582E+02    0.24886E-07    0.15052E-07   -0.24237E-10
   377    0.18799E+04    0.20576E+02    0.00000E+00    0.43715E+02    0.24801E-07    0.14625E-07   -0.23550E-10
   378    0.18658E+04    0.20642E+02    0.00000E+00    0.41838E+02    0.24716E-07    0.14156E-07   -0.22794E-10
   379    0.18521E+04    0.20705E+02    0.00000E+00    0.39954E+02    0.24631E-07    0.13648E-07   -0.21976E-10
   380    0.18389E+04    0.20766E+02    0.00000E+00    0.38062E+02    0.24547E-07    0.13104E-07   -0.21100E-10
   381    0.18261E+04    0.20820E+02    0.00000E+00    0.36165E+02    0.24463E-07    0.12528E-07   -0.20172E-10
   382    0.18136E+04    0.20872E+02    0.00000E+00    0.34263E+02    0.24380E-07    0.11923E-07   -0.19198E-10
   383    0.18017E+04    0.20920E+02    0.00000E+00    0.32355E+02    0.24297E-07    0.11292E-07   -0.18183E-10
   384    0.17903E+04    0.20963E+02    0.00000E+00    0.30444E+02    0.24215E-07    0.10640E-07   -0.17132E-10
   385    0.17792E+04    0.21005E+02    0.00000E+00    0.28529E+02    0.24132E-07    0.99686E-08   -0.16051E-10
   386    0.17686E+04    0.21042E+02    0.00000E+00    0.26612E+02    0.24051E-07    0.92824E-08   -0.14947E-10
   387    0.17583E+04    0.21075E+02    0.00000E+00    0.24694E+02    0.23969E-07    0.85845E-08   -0.13823E-10
   388    0.17485E+04    0.21104E+02    0.00000E+00    0.22775E+02    0.23888E-07    0.78782E-08   -0.12685E-10
   389    0.17392E+04    0.21127E+02    0.00000E+00    0.20856E+02    0.23808E-07    0.71671E-08   -0.11540E-10
   390    0.17302E+04    0.21149E+02    0.00000E+00    0.18939E+02    0.23727E-07    0.64545E-08   -0.10393E-10
   391    0.17218E+04    0.21167E+02    0.00000E+00    0.17022E+02    0.23648E-07    0.57438E-08   -0.92486E-11
   392    0.17137E+04    0.21182E+02    0.00000E+00    0.15108E+02    0.23568E-07    0.50385E-08   -0.81130E-11
   393    0.17061E+04    0.21192E+02    0.00000E+00    0.13197E+02    0.23489E-07    0.43420E-08   -0.69915E-11
   394    0.16989E+04    0.21199E+02    0.00000E+00    0.11290E+02    0.23410E-07    0.36577E-08   -0.58896E-11
   395    0.16920E+04    0.21201E+02    0.00000E+00    0.93873E+01    0.23332E-07    0.29891E-08   -0.48130E-11
   396    0.16857E+04    0.21199E+02    0.00000E+00    0.74911E+01    0.23254E-07    0.23395E-08   -0.37670E-11
   397    0.16797E+04    0.21194E+02    0.00000E+00    0.56003E+01    0.23176E-07    0.17123E-08   -0.27572E-11
   398    0.16741E+04    0.21185E+02    0.00000E+00    0.37163E+01    0.23099E-07    0.11111E-08   -0.17891E-11
   399    0.16690E+04    0.21171E+02    0.00000E+00    0.18399E+01    0.23022E-07    0.53918E-09   -0.86819E-12
   400    0.16642E+04    0.21155E+02    0.00000E+00   -0.27880E-01    0.22945E-07    0.00000E+00    0.00000E+00
   401    0.16599E+04    0.21134E+02    0.00000E+00   -0.18866E+01    0.22869E-07   -0.50376E-09    0.81114E-12
   402    0.16560E+04    0.21108E+02    0.00000E+00   -0.37353E+01    0.22793E-07   -0.97228E-09    0.15656E-11
   403    0.16525E+04    0.21080E+02    0.00000E+00   -0.55733E+01    0.22718E-07   -0.14065E-08    0.22647E-11
   404    0.16493E+04    0.21047E+02    0.00000E+00   -0.73992E+01    0.22643E-07   -0.18073E-08    0.29101E-11
   405    0.16466E+04    0.21010E+02    0.00000E+00   -0.92138E+01    0.22568E-07   -0.21756E-08    0.35031E-11
   406    0.16442E+04    0.20970E+02    0.00000E+00   -0.11015E+02    0.22493E-07   -0.25124E-08    0.40454E-11
   407    0.16423E+04    0.20925E+02    0.00000E+00   -0.12804E+02    0.22419E-07   -0.28185E-08    0.45383E-11
   408    0.16407E+04    0.20877E+02    0.00000E+00   -0.14576E+02    0.22345E-07   -0.30948E-08    0.49833E-11
   409    0.16395E+04    0.20826E+02    0.00000E+00   -0.16334E+02    0.22272E-07   -0.33424E-08    0.53819E-11
   410    0.16387E+04    0.20770E+02    0.00000E+00   -0.18077E+02    0.22199E-07   -0.35621E-08    0.57356E-11
   411    0.16383E+04    0.20711E+02    0.00000E+00   -0.19803E+02    0.22126E-07   -0.37548E-08    0.60459E-11
   412    0.16382E+04    0.20648E+02    0.00000E+00   -0.21512E+02    0.22053E-07   -0.39214E-08    0.63142E-11
   413    0.16384E+04    0.20582E+02    0.00000E+00   -0.23203E+02    0.21981E-07   -0.40629E-08    0.65420E-11
   414    0.16390E+04    0.20511E+02    0.00000E+00   -0.24876E+02    0.21909E-07   -0.41801E-08    0.67308E-11
   415    0.16400E+04    0.20438E+02    0.00000E+00   -0.26529E+02    0.21838E-07   -0.42741E-08    0.68821E-11
   416    0.16413E+04    0.20361E+02    0.00000E+00   -0.28163E+02    0.21767E-07   -0.43456E-08    0.69973E-11
   417    0.16429E+04    0.20281E+02    0.00000E+00   -0.29778E+02    0.21696E-07   -0.43957E-08    0.70780E-11
   418    0.16449E+04    0.20195E+02    0.00000E+00   -0.31371E+02    0.21625E-07   -0.44252E-08    0.71255E-11
   419    0.16472E+04    0.20108E+02    0.00000E+00   -0.32941E+02    0.21555E-07   -0.44351E-08    0.71414E-11
   420    0.16499E+04    0.20017E+02    0.00000E+00   -0.34490E+02    0.21485E-07   -0.44263E-08    0.71271E-11
   421    0.16529E+04    0.19923E+02    0.00000E+00   -0.36016E+02    0.21415E-07   -0.43996E-08    0.70842E-11
   422    0.16562E+04    0.19825E+02    0.00000E+00   -0.37519E+02    0.21346E-07   -0.43561E-08    0.70141E-11
   423    0.16598E+04    0.19723E+02    0.00000E+00   -0.38998E+02    0.21277E-07   -0.42965E-08    0.69183E-11
   424    0.16636E+04    0.19618E+02    0.00000E+00   -0.40453E+02    0.21208E-07   -0.42219E-08    0.67982E-11
   425    0.16678E+04    0.19510E+02    0.00000E+00   -0.41881E+02    0.21140E-07   -0.41332E-08    0.66553E-11
   426    0.16723E+04    0.19400E+02    0.00000E+00   -0.43284E+02    0.21072E-07   -0.40313E-08    0.64912E-11
   427    0.16771E+04    0.19285E+02    0.00000E+00   -0.44663E+02    0.21004E-07   -0.39170E-08    0.63072E-11
   428    0.16821E+04    0.19168E+02    0.00000E+00   -0.46013E+02    0.20937E-07   -0.37914E-08    0.61049E-11
   429    0.16874E+04    0.19048E+02    0.00000E+00   -0.47337E+02    0.20870E-07   -0.36553E-08    0.58857E-11
   430    0.16930E+04    0.18926E+02    0.00000E+00   -0.48633E+02    0.20803E-07   -0.35096E-08    0.56511E-11
   431    0.16989E+04    0.18800E+02    0.00000E+00   -0.49901E+02    0.20736E-07   -0.33553E-08    0.54026E-11
   432    0.17049E+04    0.18671E+02    0.00000E+00   -0.51142E+02    0.20670E-07   -0.31932E-08    0.51417E-11
   433    0.17113E+04    0.18540E+02    0.00000E+00   -0.52352E+02    0.20604E-07   -0.30244E-08    0.48698E-11
   434    0.17178E+04    0.18406E+02    0.00000E+00   -0.53534E+02    0.20538E-07   -0.28496E-08    0.45884E-11
   435    0.17246E+04    0.18270E+02    0.00000E+00   -0.54687E+02    0.20473E-07   -0.26699E-08    0.42990E-11
   436    0.17317E+04    0.18132E+02    0.00000E+00   -0.55810E+02    0.20408E-07   -0.24861E-08    0.40031E-11
   437    0.17390E+04    0.17990E+02    0.00000E+00   -0.56901E+02    0.20343E-07   -0.22992E-08    0.37021E-11
   438    0.17464E+04    0.17846E+02    0.00000E+00   -0.57962E+02    0.20279E-07   -0.21100E-08    0.33976E-11
   439    0.17541E+04    0.17701E+02    0.00000E+00   -0.58992E+02    0.20215E-07   -0.19196E-08    0.30909E-11
   440    0.17620E+04    0.17552E+02    0.00000E+00   -0.59990E+02    0.20151E-07   -0.17287E-08    0.27836E-11
   441    0.17702E+04    0.17402E+02    0.00000E+00   -0.60957E+02    0.20087E-07   -0.15384E-08    0.24771E-11
   442    0.17784E+04    0.17249E+02    0.00000E+00   -0.61891E+02    0.20024E-07   -0.13495E-08    0.21729E-11
   443    0.17869E+04    0.17094E+02    0.00000E+00   -0.62794E+02    0.19960E-07   -0.11629E-08    0.18726E-11
   444    0.17955E+04    0.16938E+02    0.00000E+00   -0.63663E+02    0.19898E-07   -0.97966E-09    0.15774E-11
   445    0.18043E+04    0.16779E+02    0.00000E+00   -0.64499E+02    0.19835E-07   -0.80058E-09    0.12891E-11
   446    0.18132E+04    0.16619E+02    0.00000E+00   -0.65301E+02    0.19773E-07   -0.62659E-09    0.10089E-11
   447    0.18224E+04    0.16458E+02    0.00000E+00   -0.66071E+02    0.19711E-07   -0.45863E-09    0.73848E-12
   448    0.18316E+04    0.16294E+02    0.00000E+00   -0.66807E+02    0.19649E-07   -0.29759E-09    0.47919E-12
   449    0.18410E+04    0.16129E+02    0.00000E+00   -0.67509E+02    0.19588E-07   -0.14441E-09    0.23253E-12
   450    0.18506E+04    0.15963E+02    0.00000E+00   -0.68178E+02    0.19526E-07    0.00000E+00    0.00000E+00
   451    0.18602E+04    0.15795E+02    0.00000E+00   -0.68812E+02    0.19465E-07    0.13492E-09   -0.21726E-12
   452    0.18700E+04    0.15626E+02    0.00000E+00   -0.69413E+02    0.19405E-07    0.26041E-09   -0.41932E-12
   453    0.18799E+04    0.15456E+02    0.00000E+00   -0.69979E+02    0.19344E-07    0.37671E-09   -0.60658E-12
   454    0.18899E+04    0.15285E+02    0.00000E+00   -0.70512E+02    0.19284E-07    0.48406E-09   -0.77943E-12
   455    0.18999E+04    0.15113E+02    0.00000E+00   -0.71011E+02    0.19224E-07    0.58271E-09   -0.93828E-12
   456    0.19102E+04    0.14940E+02    0.00000E+00   -0.71469E+02    0.19165E-07    0.67291E-09   -0.10835E-11
   457    0.19204E+04    0.14766E+02    0.00000E+00   -0.71902E+02    0.19105E-07    0.75490E-09   -0.12155E-11
   458    0.19308E+04    0.14592E+02    0.00000E+00   -0.72290E+02    0.19046E-07    0.82893E-09   -0.13347E-11
   459    0.19413E+04    0.14417E+02    0.00000E+00   -0.72649E+02    0.18987E-07    0.89524E-09   -0.14415E-11
   460    0.19518E+04    0.14241E+02    0.00000E+00   -0.72972E+02    0.18929E-07    0.95408E-09   -0.15362E-11
   461    0.19623E+04    0.14065E+02    0.00000E+00   -0.73261E+02    0.18870E-07    0.10057E-08   -0.16194E-11
   462    0.19729E+04    0.13888E+02    0.00000E+00   -0.73510E+02    0.18812E-07    0.10503E-08   -0.16912E-11
   463    0.19835E+04    0.13712E+02    0.00000E+00   -0.73737E+02    0.18754E-07    0.10882E-08   -0.17522E-11
   464    0.19942E+04    0.13536E+02    0.00000E+00   -0.73912E+02    0.18697E-07    0.11196E-08   -0.18028E-11
   465    0.20048E+04    0.13359E+02    0.00000E+00   -0.74066E+02    0.18639E-07    0.11448E-08   -0.18433E-11
   466    0.20155E+04    0.13182E+02    0.00000E+00   -0.74175E+02    0.18582E-07    0.11640E-08   -0.18742E-11
   467    0.20263E+04    0.13006E+02    0.00000E+00   -0.74255E+02    0.18525E-07    0.11774E-08   -0.18958E-11
   468    0.20370E+04    0.12830E+02    0.00000E+00   -0.74298E+02    0.18469E-07    0.11853E-08   -0.19085E-11
   469    0.20478E+04    0.12653E+02    0.00000E+00   -0.74312E+02    0.18412E-07    0.11879E-08   -0.19128E-11
   470    0.20586E+04    0.12478E+02    0.00000E+00   -0.74289E+02    0.18356E-07    0.11856E-08   -0.19090E-11
   471    0.20692E+04    0.12304E+02    0.00000E+00   -0.74229E+02    0.18300E-07    0.11784E-08   -0.18975E-11
   472    0.20799E+04    0.12130E+02    0.00000E+00   -0.74140E+02    0.18245E-07    0.11668E-08   -0.18787E-11
   473    0.20906E+04    0.11956E+02    0.00000E+00   -0.74013E+02    0.18189E-07    0.11508E-08   -0.18530E-11
   474    0.21013E+04    0.11784E+02    0.00000E+00   -0.73858E+02    0.18134E-07    0.11308E-08   -0.18209E-11
   475    0.21120E+04    0.11612E+02    0.00000E+00   -0.73665E+02    0.18079E-07    0.11071E-08   -0.17826E-11
   476    0.21225E+04    0.11442E+02    0.00000E+00   -0.73437E+02    0.18024E-07    0.10798E-08   -0.17387E-11
   477    0.21330E+04    0.11273E+02    0.00000E+00   -0.73185E+02    0.17970E-07    0.10492E-08   -0.16894E-11
   478    0.21435E+04    0.11104E+02    0.00000E+00   -0.72889E+02    0.17916E-07    0.10155E-08   -0.16352E-11
   479    0.21539E+04    0.10937E+02    0.00000E+00   -0.72573E+02    0.17862E-07    0.97907E-09   -0.15765E-11
   480    0.21642E+04    0.10772E+02    0.00000E+00   -0.72219E+02    0.17808E-07    0.94005E-09   -0.15137E-11
   481    0.21745E+04    0.10608E+02    0.00000E+00   -0.71830E+02    0.17754E-07    0.89871E-09   -0.14471E-11
   482    0.21848E+04    0.10446E+02    0.00000E+00   -0.71413E+02    0.17701E-07    0.85531E-09   -0.13772E-11
   483    0.21949E+04    0.10285E+02    0.00000E+00   -0.70968E+02    0.17648E-07    0.81009E-09   -0.13044E-11
   484    0.22048E+04    0.10127E+02    0.00000E+00   -0.70491E+02    0.17595E-07    0.76328E-09   -0.12290E-11
   485    0.22148E+04    0.99700E+01    0.00000E+00   -0.69983E+02    0.17543E-07    0.71514E-09   -0.11515E-11
   486    0.22247E+04    0.98157E+01    0.00000E+00   -0.69445E+02    0.17490E-07    0.66592E-09   -0.10723E-11
   487    0.22344E+04    0.96636E+01    0.00000E+00   -0.68879E+02    0.17438E-07    0.61585E-09   -0.99164E-12
   488    0.22440E+04    0.95128E+01    0.00000E+00   -0.68283E+02    0.17386E-07    0.56518E-09   -0.91006E-12
   489    0.22535E+04    0.93648E+01    0.00000E+00   -0.67658E+02    0.17334E-07    0.51417E-09   -0.82791E-12
   490    0.22629E+04    0.92197E+01    0.00000E+00   -0.67004E+02    0.17283E-07    0.46305E-09   -0.74560E-12
   491    0.22721E+04    0.90766E+01    0.00000E+00   -0.66325E+02    0.17231E-07    0.41206E-09   -0.66350E-12
   492    0.22813E+04    0.89363E+01    0.00000E+00   -0.65618E+02    0.17180E-07    0.36147E-09   -0.58203E-12
   493    0.22903E+04    0.87974E+01    0.00000E+00   -0.64883E+02    0.17129E-07    0.31150E-09   -0.50158E-12
   494    0.22991E+04    0.86628E+01    0.00000E+00   -0.64123E+02    0.17079E-07    0.26241E-09   -0.42253E-12
   495    0.23078E+04    0.85302E+01    0.00000E+00   -0.63337E+02    0.17028E-07    0.21444E-09   -0.34529E-12
   496    0.23163E+04    0.84012E+01    0.00000E+00   -0.62526E+02    0.16978E-07    0.16784E-09   -0.27025E-12
   497    0.23247E+04    0.82750E+01    0.00000E+00   -0.61690E+02    0.16928E-07    0.12285E-09   -0.19781E-12
   498    0.23329E+04    0.81508E+01    0.00000E+00   -0.60831E+02    0.16878E-07    0.79713E-10   -0.12835E-12
   499    0.23411E+04    0.80309E+01    0.00000E+00   -0.59947E+02    0.16829E-07    0.38683E-10   -0.62287E-13
   500    0.23491E+04    0.79131E+01    0.00000E+00   -0.59041E+02    0.16779E-07    0.00000E+00    0.00000E+00
   501    0.23567E+04    0.77995E+01    0.00000E+00   -0.58113E+02    0.16730E-07   -0.36141E-10    0.58194E-13
   502    0.23644E+04    0.76895E+01    0.00000E+00   -0.57162E+02    0.16681E-07   -0.69754E-10    0.11232E-12
   503    0.23718E+04    0.75823E+01    0.00000E+00   -0.56191E+02    0.16632E-07   -0.10091E-09    0.16248E-12
   504    0.23789E+04    0.74786E+01    0.00000E+00   -0.55197E+02    0.16584E-07   -0.12966E-09    0.20878E-12
   505    0.23861E+04    0.73792E+01    0.00000E+00   -0.54186E+02    0.16536E-07   -0.15609E-09    0.25133E-12
   506    0.23929E+04    0.72835E+01    0.00000E+00   -0.53154E+02    0.16487E-07   -0.18025E-09    0.29023E-12
   507    0.23996E+04    0.71912E+01    0.00000E+00   -0.52103E+02    0.16439E-07   -0.20221E-09    0.32560E-12
   508    0.24061E+04    0.71033E+01    0.00000E+00   -0.51034E+02    0.16392E-07   -0.22204E-09    0.35753E-12
   509    0.24124E+04    0.70188E+01    0.00000E+00   -0.49948E+02    0.16344E-07   -0.23980E-09    0.38613E-12
   510    0.24184E+04    0.69386E+01    0.00000E+00   -0.48846E+02    0.16297E-07   -0.25556E-09    0.41151E-12
   511    0.24243E+04    0.68621E+01    0.00000E+00   -0.47727E+02    0.16250E-07   -0.26939E-09    0.43377E-12
   512    0.24300E+04    0.67900E+01    0.00000E+00   -0.46592E+02    0.16203E-07   -0.28134E-09    0.45302E-12
   513    0.24355E+04    0.67219E+01    0.00000E+00   -0.45443E+02    0.16156E-07   -0.29150E-09    0.46936E-12
   514    0.24407E+04    0.66582E+01    0.00000E+00   -0.44281E+02    0.16109E-07   -0.29991E-09    0.48291E-12
   515    0.24458E+04    0.65987E+01    0.00000E+00   -0.43104E+02    0.16063E-07   -0.30665E-09    0.49377E-12
   516    0.24507E+04    0.65437E+01    0.00000E+00   -0.41915E+02    0.16017E-07   -0.31178E-09    0.50203E-12
   517    0.24552E+04    0.64931E+01    0.00000E+00   -0.40714E+02    0.15971E-07   -0.31538E-09    0.50782E-12
   518    0.24596E+04    0.64470E+01    0.00000E+00   -0.39502E+02    0.15925E-07   -0.31750E-09    0.51123E-12
   519    0.24639E+04    0.64054E+01    0.00000E+00   -0.38279E+02    0.15880E-07   -0.31821E-09    0.51238E-12
   520    0.24679E+04    0.63683E+01    0.00000E+00   -0.37046E+02    0.15834E-07   -0.31757E-09    0.51136E-12
   521    0.24715E+04    0.63358E+01    0.00000E+00   -0.35804E+02    0.15789E-07   -0.31566E-09    0.50828E-12
   522    0.24750E+04    0.63082E+01    0.00000E+00   -0.34554E+02    0.15744E-07   -0.31254E-09    0.50325E-12
   523    0.24783E+04    0.62852E+01    0.00000E+00   -0.33296E+02    0.15699E-07   -0.30827E-09    0.49637E-12
   524    0.24814E+04    0.62669E+01    0.00000E+00   -0.32031E+02    0.15654E-07   -0.30292E-09    0.48776E-12
   525    0.24842E+04    0.62534E+01    0.00000E+00   -0.30759E+02    0.15610E-07   -0.29655E-09    0.47751E-12
   526    0.24867E+04    0.62448E+01    0.00000E+00   -0.29482E+02    0.15566E-07   -0.28924E-09    0.46573E-12
   527    0.24893E+04    0.62410E+01    0.00000E+00   -0.28200E+02    0.15522E-07   -0.28104E-09    0.45253E-12
   528    0.24914E+04    0.62420E+01    0.00000E+00   -0.26915E+02    0.15478E-07   -0.27203E-09    0.43802E-12
   529    0.24933E+04    0.62481E+01    0.00000E+00   -0.25625E+02    0.15434E-07   -0.26226E-09    0.42229E-12
   530    0.24950E+04    0.62591E+01    0.00000E+00   -0.24335E+02    0.15391E-07   -0.25181E-09    0.40547E-12
   531    0.24966E+04    0.62749E+01    0.00000E+00   -0.23040E+02    0.15347E-07   -0.24074E-09    0.38764E-12
   532    0.24978E+04    0.62959E+01    0.00000E+00   -0.21746E+02    0.15304E-07   -0.22911E-09    0.36892E-12
   533    0.24988E+04    0.63219E+01    0.00000E+00   -0.20451E+02    0.15261E-07   -0.21700E-09    0.34941E-12
   534    0.24995E+04    0.63529E+01    0.00000E+00   -0.19157E+02    0.15218E-07   -0.20446E-09    0.32922E-12
   535    0.25001E+04    0.63890E+01    0.00000E+00   -0.17864E+02    0.15176E-07   -0.19157E-09    0.30846E-12
   536    0.25004E+04    0.64302E+01    0.00000E+00   -0.16572E+02    0.15133E-07   -0.17838E-09    0.28723E-12
   537    0.25005E+04    0.64763E+01    0.00000E+00   -0.15283E+02    0.15091E-07   -0.16497E-09    0.26563E-12
   538    0.25003E+04    0.65277E+01    0.00000E+00   -0.13997E+02    0.15049E-07   -0.15140E-09    0.24378E-12
   539    0.25000E+04    0.65840E+01    0.00000E+00   -0.12716E+02    0.15007E-07   -0.13773E-09    0.22178E-12
   540    0.24994E+04    0.66457E+01    0.00000E+00   -0.11439E+02    0.14965E-07   -0.12404E-09    0.19973E-12
   541    0.24985E+04    0.67123E+01    0.00000E+00   -0.10167E+02    0.14924E-07   -0.11038E-09    0.17774E-12
   542    0.24975E+04    0.67840E+01    0.00000E+00   -0.89027E+01    0.14882E-07   -0.96828E-10    0.15591E-12
   543    0.24962E+04    0.68609E+01    0.00000E+00   -0.76445E+01    0.14841E-07   -0.83443E-10    0.13436E-12
   544    0.24948E+04    0.69429E+01    0.00000E+00   -0.63940E+01    0.14800E-07   -0.70293E-10    0.11319E-12
   545    0.24930E+04    0.70299E+01    0.00000E+00   -0.51515E+01    0.14759E-07   -0.57443E-10    0.92495E-13
   546    0.24911E+04    0.71218E+01    0.00000E+00   -0.39182E+01    0.14718E-07   -0.44960E-10    0.72394E-13
   547    0.24889E+04    0.72188E+01    0.00000E+00   -0.26943E+01    0.14678E-07   -0.32908E-10    0.52988E-13
   548    0.24866E+04    0.73209E+01    0.00000E+00   -0.14808E+01    0.14637E-07   -0.21353E-10    0.34383E-13
   549    0.24840E+04    0.74280E+01    0.00000E+00   -0.27849E+00    0.14597E-07   -0.10362E-10    0.16685E-13
   550    0.24812E+04    0.75401E+01    0.00000E+00    0.91216E+00    0.14557E-07    0.00000E+00    0.00000E+00
   551    0.24783E+04    0.76574E+01    0.00000E+00    0.20905E+01    0.14517E-07    0.96814E-11   -0.15589E-13
   552    0.24750E+04    0.77797E+01    0.00000E+00    0.32555E+01    0.14478E-07    0.18686E-10   -0.30088E-13
   553    0.24717E+04    0.79057E+01    0.00000E+00    0.44070E+01    0.14438E-07    0.27030E-10   -0.43524E-13
   554    0.24680E+04    0.80382E+01    0.00000E+00    0.55439E+01    0.14399E-07    0.34733E-10   -0.55928E-13
   555    0.24642E+04    0.81750E+01    0.00000E+00    0.66657E+01    0.14359E-07    0.41812E-10   -0.67326E-13
   556    0.24602E+04    0.83169E+01    0.00000E+00    0.77720E+01    0.14320E-07    0.48284E-10   -0.77747E-13
   557    0.24560E+04    0.84632E+01    0.00000E+00    0.88611E+01    0.14281E-07    0.54168E-10   -0.87221E-13
   558    0.24515E+04    0.86154E+01    0.00000E+00    0.99336E+01    0.14243E-07    0.59480E-10   -0.95774E-13
   559    0.24469E+04    0.87712E+01    0.00000E+00    0.10989E+02    0.14204E-07    0.64238E-10   -0.10344E-12
   560    0.24422E+04    0.89313E+01    0.00000E+00    0.12025E+02    0.14166E-07    0.68460E-10   -0.11023E-12
   561    0.24371E+04    0.90966E+01    0.00000E+00    0.13042E+02    0.14127E-07    0.72164E-10   -0.11620E-12
   562    0.24320E+04    0.92669E+01    0.00000E+00    0.14040E+02    0.14089E-07    0.75366E-10   -0.12135E-12
   563    0.24267E+04    0.94410E+01    0.00000E+00    0.15020E+02    0.14051E-07    0.78086E-10   -0.12573E-12
   564    0.24212E+04    0.96209E+01    0.00000E+00    0.15976E+02    0.14014E-07    0.80340E-10   -0.12936E-12
   565    0.24155E+04    0.98037E+01    0.00000E+00    0.16913E+02    0.13976E-07    0.82146E-10   -0.13227E-12
   566    0.24096E+04    0.99916E+01    0.00000E+00    0.17827E+02    0.13938E-07    0.83521E-10   -0.13449E-12
   567    0.24036E+04    0.10183E+02    0.00000E+00    0.18719E+02    0.13901E-07    0.84484E-10   -0.13604E-12
   568    0.23975E+04    0.10380E+02    0.00000E+00    0.19588E+02    0.13864E-07    0.85052E-10   -0.13695E-12
   569    0.23911E+04    0.10581E+02    0.00000E+00    0.20435E+02    0.13827E-07    0.85242E-10   -0.13726E-12
   570    0.23847E+04    0.10786E+02    0.00000E+00    0.21257E+02    0.13790E-07    0.85072E-10   -0.13698E-12
   571    0.23780E+04    0.10995E+02    0.00000E+00    0.22054E+02    0.13753E-07    0.84560E-10   -0.13616E-12
   572    0.23712E+04    0.11208E+02    0.00000E+00    0.22826E+02    0.13717E-07    0.83724E-10   -0.13481E-12
   573    0.23643E+04    0.11425E+02    0.00000E+00    0.23573E+02    0.13680E-07    0.82580E-10   -0.13297E-12
   574    0.23572E+04    0.11646E+02    0.00000E+00    0.24294E+02    0.13644E-07    0.81147E-10   -0.13066E-12
   575    0.23500E+04    0.11870E+02    0.00000E+00    0.24989E+02    0.13608E-07    0.79442E-10   -0.12792E-12
   576    0.23427E+04    0.12098E+02    0.00000E+00    0.25657E+02    0.13572E-07    0.77483E-10   -0.12476E-12
   577    0.23352E+04    0.12330E+02    0.00000E+00    0.26299E+02    0.13536E-07    0.75287E-10   -0.12123E-12
   578    0.23276E+04    0.12566E+02    0.00000E+00    0.26912E+02    0.13500E-07    0.72873E-10   -0.11734E-12
   579    0.23199E+04    0.12805E+02    0.00000E+00    0.27499E+02    0.13465E-07    0.70257E-10   -0.11313E-12
   580    0.23122E+04    0.13048E+02    0.00000E+00    0.28056E+02    0.13429E-07    0.67457E-10   -0.10862E-12
   581    0.23041E+04    0.13293E+02    0.00000E+00    0.28585E+02    0.13394E-07    0.64491E-10   -0.10384E-12
   582    0.22961E+04    0.13543E+02    0.00000E+00    0.29086E+02    0.13359E-07    0.61376E-10   -0.98828E-13
   583    0.22879E+04    0.13795E+02    0.00000E+00    0.29556E+02    0.13324E-07    0.58131E-10   -0.93603E-13
   584    0.22797E+04    0.14050E+02    0.00000E+00    0.29997E+02    0.13289E-07    0.54773E-10   -0.88195E-13
   585    0.22714E+04    0.14308E+02    0.00000E+00    0.30408E+02    0.13255E-07    0.51318E-10   -0.82633E-13
   586    0.22630E+04    0.14569E+02    0.00000E+00    0.30789E+02    0.13220E-07    0.47786E-10   -0.76945E-13
   587    0.22545E+04    0.14833E+02    0.00000E+00    0.31140E+02    0.13186E-07    0.44193E-10   -0.71160E-13
   588    0.22459E+04    0.15100E+02    0.00000E+00    0.31458E+02    0.13151E-07    0.40558E-10   -0.65306E-13
   589    0.22373E+04    0.15369E+02    0.00000E+00    0.31747E+02    0.13117E-07    0.36897E-10   -0.59411E-13
   590    0.22285E+04    0.15640E+02    0.00000E+00    0.32005E+02    0.13083E-07    0.33228E-10   -0.53504E-13
   591    0.22197E+04    0.15915E+02    0.00000E+00    0.32230E+02    0.13049E-07    0.29570E-10   -0.47614E-13
   592    0.22109E+04    0.16191E+02    0.00000E+00    0.32424E+02    0.13016E-07    0.25939E-10   -0.41767E-13
   593    0.22019E+04    0.16470E+02    0.00000E+00    0.32587E+02    0.12982E-07    0.22354E-10   -0.35994E-13
   594    0.21928E+04    0.16751E+02    0.00000E+00    0.32717E+02    0.12949E-07    0.18831E-10   -0.30321E-13
   595    0.21838E+04    0.17033E+02    0.00000E+00    0.32815E+02    0.12915E-07    0.15389E-10   -0.24779E-13
   596    0.21747E+04    0.17318E+02    0.00000E+00    0.32881E+02    0.12882E-07    0.12044E-10   -0.19394E-13
   597    0.21656E+04    0.17603E+02    0.00000E+00    0.32914E+02    0.12849E-07    0.88158E-11   -0.14195E-13
   598    0.21567E+04    0.17891E+02    0.00000E+00    0.32915E+02    0.12816E-07    0.57204E-11   -0.92110E-14
   599    0.21475E+04    0.18181E+02    0.00000E+00    0.32884E+02    0.12783E-07    0.27760E-11   -0.44699E-14
   600    0.21383E+04    0.18472E+02    0.00000E+00    0.32820E+02    0.12751E-07    0.00000E+00    0.00000E+00
   601    0.21291E+04    0.18764E+02    0.00000E+00    0.32723E+02    0.12718E-07   -0.25936E-11    0.41762E-14
   602    0.21199E+04    0.19057E+02    0.00000E+00    0.32593E+02    0.12686E-07   -0.50058E-11    0.80603E-14
   603    0.21106E+04    0.19352E+02    0.00000E+00    0.32432E+02    0.12654E-07   -0.72414E-11    0.11660E-13
   604    0.21015E+04    0.19648E+02    0.00000E+00    0.32237E+02    0.12622E-07   -0.93050E-11    0.14983E-13
   605    0.20922E+04    0.19944E+02    0.00000E+00    0.32010E+02    0.12590E-07   -0.11201E-10    0.18037E-13
   606    0.20830E+04    0.20241E+02    0.00000E+00    0.31750E+02    0.12558E-07   -0.12935E-10    0.20829E-13
   607    0.20736E+04    0.20539E+02    0.00000E+00    0.31457E+02    0.12526E-07   -0.14512E-10    0.23366E-13
   608    0.20644E+04    0.20837E+02    0.00000E+00    0.31131E+02    0.12494E-07   -0.15935E-10    0.25658E-13
   609    0.20553E+04    0.21135E+02    0.00000E+00    0.30772E+02    0.12463E-07   -0.17209E-10    0.27711E-13
   610    0.20461E+04    0.21433E+02    0.00000E+00    0.30381E+02    0.12431E-07   -0.18341E-10    0.29532E-13
   611    0.20370E+04    0.21732E+02    0.00000E+00    0.29957E+02    0.12400E-07   -0.19333E-10    0.31130E-13
   612    0.20279E+04    0.22032E+02    0.00000E+00    0.29503E+02    0.12369E-07   -0.20191E-10    0.32511E-13
   613    0.20188E+04    0.22330E+02    0.00000E+00    0.29014E+02    0.12338E-07   -0.20920E-10    0.33685E-13
   614    0.20098E+04    0.22628E+02    0.00000E+00    0.28493E+02    0.12307E-07   -0.21524E-10    0.34657E-13
   615    0.20007E+04    0.22926E+02    0.00000E+00    0.27941E+02    0.12276E-07   -0.22007E-10    0.35436E-13
   616    0.19918E+04    0.23224E+02    0.00000E+00    0.27357E+02    0.12246E-07   -0.22376E-10    0.36030E-13
   617    0.19830E+04    0.23522E+02    0.00000E+00    0.26741E+02    0.12215E-07   -0.22634E-10    0.36445E-13
   618    0.19742E+04    0.23819E+02    0.00000E+00    0.26093E+02    0.12185E-07   -0.22786E-10    0.36690E-13
   619    0.19653E+04    0.24116E+02    0.00000E+00    0.25416E+02    0.12155E-07   -0.22837E-10    0.36773E-13
   620    0.19567E+04    0.24410E+02    0.00000E+00    0.24707E+02    0.12125E-07   -0.22792E-10    0.36699E-13
   621    0.19480E+04    0.24705E+02    0.00000E+00    0.23968E+02    0.12095E-07   -0.22655E-10    0.36479E-13
   622    0.19395E+04    0.24998E+02    0.00000E+00    0.23197E+02    0.12065E-07   -0.22431E-10    0.36118E-13
   623    0.19311E+04    0.25290E+02    0.00000E+00    0.22397E+02    0.12035E-07   -0.22125E-10    0.35625E-13
   624    0.19227E+04    0.25579E+02    0.00000E+00    0.21567E+02    0.12005E-07   -0.21741E-10    0.35007E-13
   625    0.19143E+04    0.25868E+02    0.00000E+00    0.20707E+02    0.11976E-07   -0.21284E-10    0.34271E-13
   626    0.19061E+04    0.26155E+02    0.00000E+00    0.19818E+02    0.11946E-07   -0.20759E-10    0.33426E-13
   627    0.18980E+04    0.26441E+02    0.00000E+00    0.18901E+02    0.11917E-07   -0.20171E-10    0.32479E-13
   628    0.18900E+04    0.26724E+02    0.00000E+00    0.17954E+02    0.11888E-07   -0.19524E-10    0.31438E-13
   629    0.18822E+04    0.27005E+02    0.00000E+00    0.16979E+02    0.11859E-07   -0.18823E-10    0.30309E-13
   630    0.18743E+04    0.27284E+02    0.00000E+00    0.15975E+02    0.11830E-07   -0.18073E-10    0.29102E-13
   631    0.18666E+04    0.27561E+02    0.00000E+00    0.14945E+02    0.11801E-07   -0.17279E-10    0.27822E-13
   632    0.18591E+04    0.27836E+02    0.00000E+00    0.13887E+02    0.11772E-07   -0.16445E-10    0.26479E-13
   633    0.18515E+04    0.28109E+02    0.00000E+00    0.12803E+02    0.11743E-07   -0.15575E-10    0.25079E-13
   634    0.18442E+04    0.28378E+02    0.00000E+00    0.11692E+02    0.11715E-07   -0.14675E-10    0.23630E-13
   635    0.18371E+04    0.28645E+02    0.00000E+00    0.10556E+02    0.11686E-07   -0.13750E-10    0.22140E-13
   636    0.18299E+04    0.28911E+02    0.00000E+00    0.93948E+01    0.11658E-07   -0.12804E-10    0.20616E-13
   637    0.18230E+04    0.29171E+02    0.00000E+00    0.82078E+01    0.11630E-07   -0.11841E-10    0.19067E-13
   638    0.18161E+04    0.29431E+02    0.00000E+00    0.69972E+01    0.11602E-07   -0.10867E-10    0.17498E-13
   639    0.18095E+04    0.29686E+02    0.00000E+00    0.57620E+01    0.11574E-07   -0.98863E-11    0.15919E-13
   640    0.18029E+04    0.29939E+02    0.00000E+00    0.45037E+01    0.11546E-07   -0.89035E-11    0.14336E-13
   641    0.17965E+04    0.30188E+02    0.00000E+00    0.32223E+01    0.11518E-07   -0.79233E-11    0.12758E-13
   642    0.17902E+04    0.30434E+02    0.00000E+00    0.19186E+01    0.11491E-07   -0.69505E-11    0.11192E-13
   643    0.17841E+04    0.30677E+02    0.00000E+00    0.59293E+00    0.11463E-07   -0.59898E-11    0.96448E-14
   644    0.17782E+04    0.30915E+02    0.00000E+00   -0.75398E+00    0.11436E-07   -0.50459E-11    0.81249E-14
   645    0.17724E+04    0.31149E+02    0.00000E+00   -0.21219E+01    0.11408E-07   -0.41236E-11    0.66398E-14
   646    0.17667E+04    0.31381E+02    0.00000E+00   -0.35101E+01    0.11381E-07   -0.32275E-11    0.51969E-14
   647    0.17613E+04    0.31608E+02    0.00000E+00   -0.49186E+01    0.11354E-07   -0.23624E-11    0.38039E-14
   648    0.17559E+04    0.31832E+02    0.00000E+00   -0.63455E+01    0.11327E-07   -0.15329E-11    0.24683E-14
   649    0.17508E+04    0.32051E+02    0.00000E+00   -0.77914E+01    0.11300E-07   -0.74391E-12    0.11978E-14
   650    0.17458E+04    0.32265E+02    0.00000E+00   -0.92550E+01    0.11273E-07    0.00000E+00    0.00000E+00
   651    0.17410E+04    0.32477E+02    0.00000E+00   -0.10736E+02    0.11247E-07    0.69507E-12   -0.11192E-14
   652    0.17363E+04    0.32684E+02    0.00000E+00   -0.12234E+02    0.11220E-07    0.13416E-11   -0.21602E-14
   653    0.17319E+04    0.32886E+02    0.00000E+00   -0.13748E+02    0.11193E-07    0.19408E-11   -0.31250E-14
   654    0.17276E+04    0.33084E+02    0.00000E+00   -0.15277E+02    0.11167E-07    0.24939E-11   -0.40157E-14
   655    0.17234E+04    0.33277E+02    0.00000E+00   -0.16821E+02    0.11141E-07    0.30023E-11   -0.48342E-14
   656    0.17195E+04    0.33466E+02    0.00000E+00   -0.18379E+02    0.11115E-07    0.34671E-11   -0.55827E-14
   657    0.17157E+04    0.33650E+02    0.00000E+00   -0.19949E+02    0.11088E-07    0.38897E-11   -0.62632E-14
   658    0.17121E+04    0.33829E+02    0.00000E+00   -0.21534E+02    0.11062E-07    0.42713E-11   -0.68776E-14
   659    0.17087E+04    0.34004E+02    0.00000E+00   -0.23130E+02    0.11037E-07    0.46131E-11   -0.74280E-14
   660    0.17056E+04    0.34173E+02    0.00000E+00   -0.24737E+02    0.11011E-07    0.49165E-11   -0.79165E-14
   661    0.17025E+04    0.34337E+02    0.00000E+00   -0.26354E+02    0.10985E-07    0.51827E-11   -0.83451E-14
   662    0.16997E+04    0.34497E+02    0.00000E+00   -0.27982E+02    0.10959E-07    0.54129E-11   -0.87158E-14
   663    0.16970E+04    0.34651E+02    0.00000E+00   -0.29620E+02    0.10934E-07    0.56084E-11   -0.90307E-14
   664    0.16946E+04    0.34800E+02    0.00000E+00   -0.31266E+02    0.10909E-07    0.57706E-11   -0.92917E-14
   665    0.16922E+04    0.34943E+02    0.00000E+00   -0.32920E+02    0.10883E-07    0.59005E-11   -0.95010E-14
   666    0.16901E+04    0.35082E+02    0.00000E+00   -0.34581E+02    0.10858E-07    0.59996E-11   -0.96605E-14
   667    0.16883E+04    0.35215E+02    0.00000E+00   -0.36249E+02    0.10833E-07    0.60690E-11   -0.97723E-14
   668    0.16864E+04    0.35342E+02    0.00000E+00   -0.37923E+02    0.10808E-07    0.61101E-11   -0.98385E-14
   669    0.16850E+04    0.35465E+02    0.00000E+00   -0.39601E+02    0.10783E-07    0.61241E-11   -0.98609E-14
   670    0.16836E+04    0.35581E+02    0.00000E+00   -0.41284E+02    0.10758E-07    0.61122E-11   -0.98418E-14
   671    0.16825E+04    0.35693E+02    0.00000E+00   -0.42970E+02    0.10733E-07    0.60757E-11   -0.97831E-14
   672    0.16815E+04    0.35798E+02    0.00000E+00   -0.44661E+02    0.10709E-07    0.60159E-11   -0.96869E-14
   673    0.16808E+04    0.35899E+02    0.00000E+00   -0.46352E+02    0.10684E-07    0.59341E-11   -0.95551E-14
   674    0.16802E+04    0.35994E+02    0.00000E+00   -0.48045E+02    0.10660E-07    0.58315E-11   -0.93898E-14
   675    0.16799E+04    0.36082E+02    0.00000E+00   -0.49740E+02    0.10635E-07    0.57093E-11   -0.91931E-14
   676    0.16797E+04    0.36165E+02    0.00000E+00   -0.51433E+02    0.10611E-07    0.55689E-11   -0.89670E-14
   677    0.16797E+04    0.36243E+02    0.00000E+00   -0.53126E+02    0.10587E-07    0.54115E-11   -0.87135E-14
   678    0.16799E+04    0.36313E+02    0.00000E+00   -0.54818E+02    0.10563E-07    0.52383E-11   -0.84346E-14
   679    0.16803E+04    0.36379E+02    0.00000E+00   -0.56508E+02    0.10539E-07    0.50506E-11   -0.81325E-14
   680    0.16810E+04    0.36439E+02    0.00000E+00   -0.58196E+02    0.10515E-07    0.48497E-11   -0.78090E-14
   681    0.16818E+04    0.36493E+02    0.00000E+00   -0.59878E+02    0.10491E-07    0.46369E-11   -0.74663E-14
   682    0.16828E+04    0.36540E+02    0.00000E+00   -0.61558E+02    0.10467E-07    0.44134E-11   -0.71064E-14
   683    0.16840E+04    0.36583E+02    0.00000E+00   -0.63234E+02    0.10443E-07    0.41804E-11   -0.67313E-14
   684    0.16854E+04    0.36618E+02    0.00000E+00   -0.64904E+02    0.10420E-07    0.39393E-11   -0.63430E-14
   685    0.16868E+04    0.36648E+02    0.00000E+00   -0.66567E+02    0.10396E-07    0.36912E-11   -0.59436E-14
   686    0.16885E+04    0.36672E+02    0.00000E+00   -0.68216E+02    0.10373E-07    0.34375E-11   -0.55351E-14
   687    0.16905E+04    0.36691E+02    0.00000E+00   -0.69861E+02    0.10349E-07    0.31795E-11   -0.51195E-14
   688    0.16926E+04    0.36702E+02    0.00000E+00   -0.71501E+02    0.10326E-07    0.29183E-11   -0.46990E-14
   689    0.16949E+04    0.36708E+02    0.00000E+00   -0.73127E+02    0.10303E-07    0.26552E-11   -0.42754E-14
   690    0.16973E+04    0.36709E+02    0.00000E+00   -0.74747E+02    0.10280E-07    0.23916E-11   -0.38509E-14
   691    0.17000E+04    0.36701E+02    0.00000E+00   -0.76353E+02    0.10257E-07    0.21286E-11   -0.34274E-14
   692    0.17028E+04    0.36690E+02    0.00000E+00   -0.77947E+02    0.10234E-07    0.18675E-11   -0.30071E-14
   693    0.17058E+04    0.36672E+02    0.00000E+00   -0.79535E+02    0.10211E-07    0.16097E-11   -0.25919E-14
   694    0.17089E+04    0.36648E+02    0.00000E+00   -0.81102E+02    0.10188E-07    0.13563E-11   -0.21839E-14
   695    0.17123E+04    0.36619E+02    0.00000E+00   -0.82656E+02    0.10165E-07    0.11086E-11   -0.17850E-14
   696    0.17159E+04    0.36583E+02    0.00000E+00   -0.84211E+02    0.10143E-07    0.86786E-12   -0.13974E-14
   697    0.17196E+04    0.36542E+02    0.00000E+00   -0.85739E+02    0.10120E-07    0.63538E-12   -0.10231E-14
   698    0.17234E+04    0.36494E+02    0.00000E+00   -0.87253E+02    0.10098E-07    0.41240E-12   -0.66405E-15
   699    0.17274E+04    0.36441E+02    0.00000E+00   -0.88747E+02    0.10075E-07    0.20019E-12   -0.32234E-15
   700    0.17317E+04    0.36381E+02    0.00000E+00   -0.90228E+02    0.10053E-07    0.00000E+00    0.00000E+00
   701    0.17360E+04    0.36316E+02    0.00000E+00   -0.91696E+02    0.10031E-07   -0.18717E-12    0.30138E-15
   702    0.17406E+04    0.36246E+02    0.00000E+00   -0.93136E+02    0.10009E-07   -0.36138E-12    0.58189E-15
   703    0.17452E+04    0.36169E+02    0.00000E+00   -0.94578E+02    0.99865E-08   -0.52297E-12    0.84208E-15
   704    0.17500E+04    0.36087E+02    0.00000E+00   -0.95984E+02    0.99645E-08   -0.67227E-12    0.10825E-14
   705    0.17549E+04    0.35999E+02    0.00000E+00   -0.97370E+02    0.99425E-08   -0.80961E-12    0.13036E-14
   706    0.17601E+04    0.35906E+02    0.00000E+00   -0.98743E+02    0.99207E-08   -0.93532E-12    0.15061E-14
   707    0.17653E+04    0.35807E+02    0.00000E+00   -0.10010E+03    0.98989E-08   -0.10497E-11    0.16903E-14
   708    0.17708E+04    0.35703E+02    0.00000E+00   -0.10141E+03    0.98771E-08   -0.11532E-11    0.18569E-14
   709    0.17763E+04    0.35593E+02    0.00000E+00   -0.10272E+03    0.98555E-08   -0.12460E-11    0.20064E-14
   710    0.17820E+04    0.35477E+02    0.00000E+00   -0.10401E+03    0.98339E-08   -0.13286E-11    0.21393E-14
   711    0.17878E+04    0.35356E+02    0.00000E+00   -0.10526E+03    0.98124E-08   -0.14011E-11    0.22561E-14
   712    0.17938E+04    0.35230E+02    0.00000E+00   -0.10650E+03    0.97910E-08   -0.14641E-11    0.23574E-14
   713    0.17999E+04    0.35099E+02    0.00000E+00   -0.10771E+03    0.97697E-08   -0.15177E-11    0.24438E-14
   714    0.18061E+04    0.34962E+02    0.00000E+00   -0.10890E+03    0.97484E-08   -0.15624E-11    0.25157E-14
   715    0.18124E+04    0.34821E+02    0.00000E+00   -0.11006E+03    0.97272E-08   -0.15984E-11    0.25738E-14
   716    0.18189E+04    0.34674E+02    0.00000E+00   -0.11120E+03    0.97061E-08   -0.16261E-11    0.26184E-14
   717    0.18255E+04    0.34522E+02    0.00000E+00   -0.11230E+03    0.96851E-08   -0.16459E-11    0.26502E-14
   718    0.18321E+04    0.34366E+02    0.00000E+00   -0.11339E+03    0.96641E-08   -0.16580E-11    0.26697E-14
   719    0.18389E+04    0.34202E+02    0.00000E+00   -0.11444E+03    0.96432E-08   -0.16628E-11    0.26775E-14
   720    0.18457E+04    0.34036E+02    0.00000E+00   -0.11547E+03    0.96224E-08   -0.16607E-11    0.26740E-14
   721    0.18529E+04    0.33865E+02    0.00000E+00   -0.11646E+03    0.96017E-08   -0.16519E-11    0.26598E-14
   722    0.18599E+04    0.33689E+02    0.00000E+00   -0.11742E+03    0.95810E-08   -0.16367E-11    0.26355E-14
   723    0.18671E+04    0.33509E+02    0.00000E+00   -0.11836E+03    0.95604E-08   -0.16156E-11    0.26015E-14
   724    0.18744E+04    0.33323E+02    0.00000E+00   -0.11928E+03    0.95399E-08   -0.15889E-11    0.25584E-14
   725    0.18817E+04    0.33135E+02    0.00000E+00   -0.12015E+03    0.95195E-08   -0.15568E-11    0.25068E-14
   726    0.18893E+04    0.32943E+02    0.00000E+00   -0.12099E+03    0.94991E-08   -0.15198E-11    0.24472E-14
   727    0.18968E+04    0.32745E+02    0.00000E+00   -0.12182E+03    0.94788E-08   -0.14781E-11    0.23801E-14
   728    0.19044E+04    0.32542E+02    0.00000E+00   -0.12260E+03    0.94586E-08   -0.14321E-11    0.23060E-14
   729    0.19121E+04    0.32336E+02    0.00000E+00   -0.12336E+03    0.94384E-08   -0.13821E-11    0.22255E-14
   730    0.19198E+04    0.32126E+02    0.00000E+00   -0.12408E+03    0.94184E-08   -0.13285E-11    0.21391E-14
   731    0.19277E+04    0.31911E+02    0.00000E+00   -0.12477E+03    0.93984E-08   -0.12715E-11    0.20474E-14
   732    0.19356E+04    0.31694E+02    0.00000E+00   -0.12542E+03    0.93785E-08   -0.12116E-11    0.19509E-14
   733    0.19436E+04    0.31472E+02    0.00000E+00   -0.12605E+03    0.93586E-08   -0.11490E-11    0.18501E-14
   734    0.19516E+04    0.31247E+02    0.00000E+00   -0.12663E+03    0.93389E-08   -0.10840E-11    0.17455E-14
   735    0.19597E+04    0.31018E+02    0.00000E+00   -0.12719E+03    0.93192E-08   -0.10171E-11    0.16378E-14
   736    0.19678E+04    0.30785E+02    0.00000E+00   -0.12771E+03    0.92996E-08   -0.94853E-12    0.15273E-14
   737    0.19760E+04    0.30551E+02    0.00000E+00   -0.12820E+03    0.92800E-08   -0.87861E-12    0.14147E-14
   738    0.19841E+04    0.30313E+02    0.00000E+00   -0.12864E+03    0.92606E-08   -0.80771E-12    0.13006E-14
   739    0.19924E+04    0.30071E+02    0.00000E+00   -0.12906E+03    0.92412E-08   -0.73613E-12    0.11853E-14
   740    0.20006E+04    0.29826E+02    0.00000E+00   -0.12945E+03    0.92219E-08   -0.66423E-12    0.10695E-14
   741    0.20089E+04    0.29578E+02    0.00000E+00   -0.12980E+03    0.92026E-08   -0.59232E-12    0.95376E-15
   742    0.20173E+04    0.29329E+02    0.00000E+00   -0.13011E+03    0.91834E-08   -0.52075E-12    0.83851E-15
   743    0.20256E+04    0.29078E+02    0.00000E+00   -0.13039E+03    0.91643E-08   -0.44984E-12    0.72434E-15
   744    0.20340E+04    0.28823E+02    0.00000E+00   -0.13063E+03    0.91453E-08   -0.37993E-12    0.61177E-15
   745    0.20424E+04    0.28566E+02    0.00000E+00   -0.13084E+03    0.91264E-08   -0.31135E-12    0.50134E-15
   746    0.20507E+04    0.28307E+02    0.00000E+00   -0.13100E+03    0.91075E-08   -0.24443E-12    0.39358E-15
   747    0.20590E+04    0.28045E+02    0.00000E+00   -0.13114E+03    0.90887E-08   -0.17950E-12    0.28904E-15
   748    0.20674E+04    0.27782E+02    0.00000E+00   -0.13124E+03    0.90700E-08   -0.11690E-12    0.18823E-15
   749    0.20759E+04    0.27515E+02    0.00000E+00   -0.13131E+03    0.90513E-08   -0.56956E-13    0.91711E-16
   750    0.20842E+04    0.27248E+02    0.00000E+00   -0.13134E+03    0.90328E-08    0.00000E+00    0.00000E+00
   751    0.20926E+04    0.26978E+02    0.00000E+00   -0.13134E+03    0.90143E-08    0.53701E-13   -0.86469E-16
   752    0.21010E+04    0.26708E+02    0.00000E+00   -0.13129E+03    0.89958E-08    0.10415E-12   -0.16770E-15
   753    0.21093E+04    0.26435E+02    0.00000E+00   -0.13121E+03    0.89775E-08    0.15141E-12   -0.24379E-15
   754    0.21175E+04    0.26162E+02    0.00000E+00   -0.13109E+03    0.89592E-08    0.19554E-12   -0.31486E-15
   755    0.21259E+04    0.25887E+02    0.00000E+00   -0.13094E+03    0.89410E-08    0.23662E-12   -0.38101E-15
   756    0.21340E+04    0.25612E+02    0.00000E+00   -0.13075E+03    0.89228E-08    0.27471E-12   -0.44234E-15
   757    0.21423E+04    0.25336E+02    0.00000E+00   -0.13052E+03    0.89048E-08    0.30988E-12   -0.49897E-15
   758    0.21504E+04    0.25058E+02    0.00000E+00   -0.13026E+03    0.88867E-08    0.34219E-12   -0.55100E-15
   759    0.21586E+04    0.24780E+02    0.00000E+00   -0.12997E+03    0.88688E-08    0.37172E-12   -0.59854E-15
   760    0.21666E+04    0.24501E+02    0.00000E+00   -0.12964E+03    0.88509E-08    0.39852E-12   -0.64169E-15
   761    0.21745E+04    0.24222E+02    0.00000E+00   -0.12927E+03    0.88330E-08    0.42266E-12   -0.68056E-15
   762    0.21826E+04    0.23943E+02    0.00000E+00   -0.12887E+03    0.88153E-08    0.44421E-12   -0.71526E-15
   763    0.21904E+04    0.23665E+02    0.00000E+00   -0.12843E+03    0.87975E-08    0.46324E-12   -0.74590E-15
   764    0.21983E+04    0.23386E+02    0.00000E+00   -0.12797E+03    0.87799E-08    0.47981E-12   -0.77258E-15
   765    0.22060E+04    0.23106E+02    0.00000E+00   -0.12746E+03    0.87623E-08    0.49399E-12   -0.79542E-15
   766    0.22137E+04    0.22828E+02    0.00000E+00   -0.12692E+03    0.87447E-08    0.50584E-12   -0.81450E-15
   767    0.22213E+04    0.22551E+02    0.00000E+00   -0.12634E+03    0.87272E-08    0.51544E-12   -0.82996E-15
   768    0.22288E+04    0.22273E+02    0.00000E+00   -0.12572E+03    0.87097E-08    0.52284E-12   -0.84188E-15
   769    0.22362E+04    0.21996E+02    0.00000E+00   -0.12508E+03    0.86923E-08    0.52812E-12   -0.85038E-15
   770    0.22435E+04    0.21720E+02    0.00000E+00   -0.12441E+03    0.86749E-08    0.53134E-12   -0.85556E-15
   771    0.22508E+04    0.21445E+02    0.00000E+00   -0.12369E+03    0.86576E-08    0.53257E-12   -0.85754E-15
   772    0.22579E+04    0.21171E+02    0.00000E+00   -0.12294E+03    0.86403E-08    0.53187E-12   -0.85641E-15
   773    0.22649E+04    0.20899E+02    0.00000E+00   -0.12216E+03    0.86231E-08    0.52931E-12   -0.85229E-15
   774    0.22718E+04    0.20628E+02    0.00000E+00   -0.12135E+03    0.86059E-08    0.52496E-12   -0.84529E-15
   775    0.22787E+04    0.20359E+02    0.00000E+00   -0.12051E+03    0.85887E-08    0.51888E-12   -0.83550E-15
   776    0.22853E+04    0.20091E+02    0.00000E+00   -0.11964E+03    0.85716E-08    0.51114E-12   -0.82304E-15
   777    0.22918E+04    0.19825E+02    0.00000E+00   -0.11873E+03    0.85545E-08    0.50181E-12   -0.80801E-15
   778    0.22985E+04    0.19562E+02    0.00000E+00   -0.11778E+03    0.85375E-08    0.49095E-12   -0.79052E-15
   779    0.23047E+04    0.19300E+02    0.00000E+00   -0.11681E+03    0.85204E-08    0.47863E-12   -0.77068E-15
   780    0.23109E+04    0.19039E+02    0.00000E+00   -0.11581E+03    0.85034E-08    0.46491E-12   -0.74860E-15
   781    0.23170E+04    0.18782E+02    0.00000E+00   -0.11478E+03    0.84865E-08    0.44987E-12   -0.72437E-15
   782    0.23229E+04    0.18527E+02    0.00000E+00   -0.11374E+03    0.84695E-08    0.43356E-12   -0.69812E-15
   783    0.23287E+04    0.18274E+02    0.00000E+00   -0.11264E+03    0.84526E-08    0.41606E-12   -0.66994E-15
   784    0.23344E+04    0.18025E+02    0.00000E+00   -0.11152E+03    0.84358E-08    0.39743E-12   -0.63994E-15
   785    0.23399E+04    0.17778E+02    0.00000E+00   -0.11038E+03    0.84189E-08    0.37774E-12   -0.60823E-15
   786    0.23453E+04    0.17533E+02    0.00000E+00   -0.10919E+03    0.84021E-08    0.35705E-12   -0.57492E-15
   787    0.23504E+04    0.17293E+02    0.00000E+00   -0.10798E+03    0.83853E-08    0.33543E-12   -0.54010E-15
   788    0.23555E+04    0.17054E+02    0.00000E+00   -0.10675E+03    0.83685E-08    0.31295E-12   -0.50390E-15
   789    0.23604E+04    0.16818E+02    0.00000E+00   -0.10550E+03    0.83517E-08    0.28967E-12   -0.46642E-15
   790    0.23652E+04    0.16587E+02    0.00000E+00   -0.10421E+03    0.83349E-08    0.26566E-12   -0.42776E-15
   791    0.23698E+04    0.16359E+02    0.00000E+00   -0.10289E+03    0.83182E-08    0.24098E-12   -0.38803E-15
   792    0.23742E+04    0.16135E+02    0.00000E+00   -0.10155E+03    0.83015E-08    0.21571E-12   -0.34734E-15
   793    0.23784E+04    0.15915E+02    0.00000E+00   -0.10018E+03    0.82847E-08    0.18991E-12   -0.30579E-15
   794    0.23824E+04    0.15700E+02    0.00000E+00   -0.98797E+02    0.82680E-08    0.16364E-12   -0.26350E-15
   795    0.23863E+04    0.15487E+02    0.00000E+00   -0.97383E+02    0.82513E-08    0.13698E-12   -0.22056E-15
   796    0.23902E+04    0.15279E+02    0.00000E+00   -0.95953E+02    0.82346E-08    0.10998E-12   -0.17709E-15
   797    0.23936E+04    0.15075E+02    0.00000E+00   -0.94494E+02    0.82180E-08    0.82718E-13   -0.13319E-15
   798    0.23970E+04    0.14875E+02    0.00000E+00   -0.93020E+02    0.82013E-08    0.55256E-13   -0.88972E-16
   799    0.24002E+04    0.14680E+02    0.00000E+00   -0.91524E+02    0.81846E-08    0.27661E-13   -0.44540E-16
   800    0.24032E+04    0.14489E+02    0.00000E+00   -0.90006E+02    0.81679E-08    0.00000E+00    0.00000E+00
