  0.994668E-05  0.202951E+08  0.202951E+08  0.270459E+08  0.270455E+08  0.202974E+08  0.202951E+08  0.202951E+08  0.203023E+08 -0.458528E+00  0.992970E+07  0.992970E+07  0.636416E+01
  0.109829E-04  0.202951E+08  0.202951E+08  0.270428E+08  0.270423E+08  0.202974E+08  0.202951E+08  0.202951E+08  0.203023E+08 -0.458528E+00  0.992970E+07  0.992970E+07  0.702698E+01
  0.121272E-04  0.202951E+08  0.202951E+08  0.270390E+08  0.270384E+08  0.202974E+08  0.202951E+08  0.202951E+08  0.203023E+08 -0.458528E+00  0.992970E+07  0.992970E+07  0.775877E+01
  0.133906E-04  0.202950E+08  0.202950E+08  0.270344E+08  0.270337E+08  0.202974E+08  0.202951E+08  0.202950E+08  0.203023E+08 -0.458528E+00  0.992969E+07  0.992969E+07  0.856671E+01
  0.147857E-04  0.202950E+08  0.202950E+08  0.270288E+08  0.270279E+08  0.202974E+08  0.202950E+08  0.202950E+08  0.203023E+08 -0.458527E+00  0.992969E+07  0.992968E+07  0.945869E+01
  0.163261E-04  0.202950E+08  0.202950E+08  0.270219E+08  0.270208E+08  0.202973E+08  0.202950E+08  0.202950E+08  0.203023E+08 -0.458527E+00  0.992968E+07  0.992968E+07  0.104434E+02
  0.180269E-04  0.202950E+08  0.202950E+08  0.270136E+08  0.270122E+08  0.202973E+08  0.202950E+08  0.202950E+08  0.203022E+08 -0.458526E+00  0.992967E+07  0.992967E+07  0.115305E+02
  0.199050E-04  0.202950E+08  0.202950E+08  0.270034E+08  0.270017E+08  0.202972E+08  0.202950E+08  0.202950E+08  0.203022E+08 -0.458526E+00  0.992966E+07  0.992966E+07  0.127305E+02
  0.219788E-04  0.202950E+08  0.202950E+08  0.269910E+08  0.269889E+08  0.202972E+08  0.202950E+08  0.202950E+08  0.203022E+08 -0.458525E+00  0.992965E+07  0.992965E+07  0.140551E+02
  0.242686E-04  0.202949E+08  0.202949E+08  0.269758E+08  0.269733E+08  0.202971E+08  0.202949E+08  0.202949E+08  0.203022E+08 -0.458524E+00  0.992963E+07  0.992963E+07  0.155171E+02
  0.267969E-04  0.202949E+08  0.202949E+08  0.269574E+08  0.269543E+08  0.202970E+08  0.202949E+08  0.202949E+08  0.203021E+08 -0.458523E+00  0.992962E+07  0.992962E+07  0.171306E+02
  0.295887E-04  0.202949E+08  0.202948E+08  0.269349E+08  0.269311E+08  0.202969E+08  0.202949E+08  0.202948E+08  0.203021E+08 -0.458522E+00  0.992960E+07  0.992959E+07  0.189111E+02
  0.326713E-04  0.202948E+08  0.202948E+08  0.269075E+08  0.269029E+08  0.202968E+08  0.202948E+08  0.202948E+08  0.203020E+08 -0.458521E+00  0.992957E+07  0.992956E+07  0.208757E+02
  0.360750E-04  0.202947E+08  0.202947E+08  0.268741E+08  0.268686E+08  0.202966E+08  0.202947E+08  0.202947E+08  0.203019E+08 -0.458519E+00  0.992954E+07  0.992953E+07  0.230430E+02
  0.398334E-04  0.202947E+08  0.202946E+08  0.268335E+08  0.268267E+08  0.202964E+08  0.202947E+08  0.202947E+08  0.203018E+08 -0.458516E+00  0.992949E+07  0.992949E+07  0.254335E+02
  0.439833E-04  0.202946E+08  0.202945E+08  0.267841E+08  0.267758E+08  0.202962E+08  0.202946E+08  0.202946E+08  0.203017E+08 -0.458514E+00  0.992945E+07  0.992944E+07  0.280696E+02
  0.485656E-04  0.202944E+08  0.202944E+08  0.267239E+08  0.267138E+08  0.202959E+08  0.202944E+08  0.202944E+08  0.203016E+08 -0.458510E+00  0.992939E+07  0.992938E+07  0.309756E+02
  0.536253E-04  0.202943E+08  0.202943E+08  0.266507E+08  0.266385E+08  0.202955E+08  0.202943E+08  0.202943E+08  0.203014E+08 -0.458506E+00  0.992931E+07  0.992931E+07  0.341780E+02
  0.592120E-04  0.202941E+08  0.202941E+08  0.265617E+08  0.265468E+08  0.202951E+08  0.202941E+08  0.202941E+08  0.203012E+08 -0.458501E+00  0.992923E+07  0.992922E+07  0.377055E+02
  0.653809E-04  0.202939E+08  0.202939E+08  0.264536E+08  0.264355E+08  0.202945E+08  0.202939E+08  0.202939E+08  0.203010E+08 -0.458495E+00  0.992912E+07  0.992911E+07  0.415891E+02
  0.721924E-04  0.202936E+08  0.202936E+08  0.263223E+08  0.263004E+08  0.202939E+08  0.202936E+08  0.202936E+08  0.203007E+08 -0.458487E+00  0.992899E+07  0.992898E+07  0.458619E+02
  0.797135E-04  0.202933E+08  0.202933E+08  0.261630E+08  0.261364E+08  0.202931E+08  0.202933E+08  0.202933E+08  0.203003E+08 -0.458478E+00  0.992883E+07  0.992882E+07  0.505593E+02
  0.880182E-04  0.202929E+08  0.202929E+08  0.259700E+08  0.259378E+08  0.202921E+08  0.202929E+08  0.202929E+08  0.202999E+08 -0.458467E+00  0.992863E+07  0.992862E+07  0.557184E+02
  0.971882E-04  0.202925E+08  0.202924E+08  0.257365E+08  0.256975E+08  0.202909E+08  0.202924E+08  0.202925E+08  0.202993E+08 -0.458454E+00  0.992840E+07  0.992838E+07  0.613780E+02
  0.107313E-03  0.202919E+08  0.202918E+08  0.254544E+08  0.254073E+08  0.202895E+08  0.202919E+08  0.202919E+08  0.202987E+08 -0.458437E+00  0.992811E+07  0.992809E+07  0.675776E+02
  0.118494E-03  0.202912E+08  0.202911E+08  0.251143E+08  0.250574E+08  0.202877E+08  0.202912E+08  0.202912E+08  0.202979E+08 -0.458417E+00  0.992776E+07  0.992773E+07  0.743569E+02
  0.130838E-03  0.202903E+08  0.202902E+08  0.247052E+08  0.246369E+08  0.202856E+08  0.202903E+08  0.202903E+08  0.202969E+08 -0.458393E+00  0.992733E+07  0.992730E+07  0.817540E+02
  0.144469E-03  0.202893E+08  0.202892E+08  0.242148E+08  0.241328E+08  0.202829E+08  0.202892E+08  0.202893E+08  0.202957E+08 -0.458364E+00  0.992681E+07  0.992677E+07  0.898040E+02
  0.159521E-03  0.202880E+08  0.202879E+08  0.236290E+08  0.235310E+08  0.202798E+08  0.202880E+08  0.202880E+08  0.202943E+08 -0.458328E+00  0.992618E+07  0.992613E+07  0.985360E+02
  0.176140E-03  0.202865E+08  0.202863E+08  0.229325E+08  0.228158E+08  0.202759E+08  0.202864E+08  0.202865E+08  0.202925E+08 -0.458285E+00  0.992541E+07  0.992535E+07  0.107970E+03
  0.194490E-03  0.202846E+08  0.202844E+08  0.221089E+08  0.219708E+08  0.202712E+08  0.202845E+08  0.202846E+08  0.202904E+08 -0.458232E+00  0.992447E+07  0.992440E+07  0.118113E+03
  0.214753E-03  0.202824E+08  0.202821E+08  0.211416E+08  0.209793E+08  0.202655E+08  0.202822E+08  0.202823E+08  0.202879E+08 -0.458169E+00  0.992334E+07  0.992326E+07  0.128952E+03
  0.237126E-03  0.202796E+08  0.202793E+08  0.200154E+08  0.198261E+08  0.202585E+08  0.202795E+08  0.202796E+08  0.202848E+08 -0.458093E+00  0.992196E+07  0.992186E+07  0.140448E+03
  0.261830E-03  0.202763E+08  0.202759E+08  0.187175E+08  0.184990E+08  0.202500E+08  0.202761E+08  0.202762E+08  0.202811E+08 -0.458001E+00  0.992030E+07  0.992018E+07  0.152528E+03
  0.289108E-03  0.202723E+08  0.202718E+08  0.172410E+08  0.169920E+08  0.202398E+08  0.202720E+08  0.202722E+08  0.202766E+08 -0.457891E+00  0.991828E+07  0.991814E+07  0.165073E+03
  0.319228E-03  0.202674E+08  0.202668E+08  0.155882E+08  0.153087E+08  0.202273E+08  0.202671E+08  0.202673E+08  0.202713E+08 -0.457759E+00  0.991584E+07  0.991567E+07  0.177913E+03
  0.352486E-03  0.202616E+08  0.202608E+08  0.137746E+08  0.134670E+08  0.202122E+08  0.202612E+08  0.202615E+08  0.202649E+08 -0.457602E+00  0.991290E+07  0.991270E+07  0.190809E+03
  0.389209E-03  0.202545E+08  0.202536E+08  0.118337E+08  0.115035E+08  0.201940E+08  0.202541E+08  0.202544E+08  0.202572E+08 -0.457415E+00  0.990937E+07  0.990913E+07  0.203452E+03
  0.429757E-03  0.202461E+08  0.202450E+08  0.982152E+07  0.947783E+07  0.201719E+08  0.202456E+08  0.202459E+08  0.202481E+08 -0.457194E+00  0.990512E+07  0.990485E+07  0.215456E+03
  0.474530E-03  0.202360E+08  0.202347E+08  0.781795E+07  0.747442E+07  0.201453E+08  0.202353E+08  0.202358E+08  0.202374E+08 -0.456933E+00  0.990005E+07  0.989972E+07  0.226362E+03
  0.523968E-03  0.202239E+08  0.202224E+08  0.592430E+07  0.559866E+07  0.201133E+08  0.202231E+08  0.202236E+08  0.202247E+08 -0.456627E+00  0.989399E+07  0.989362E+07  0.235661E+03
  0.578556E-03  0.202096E+08  0.202078E+08  0.425276E+07  0.396542E+07  0.200748E+08  0.202086E+08  0.202093E+08  0.202097E+08 -0.456270E+00  0.988680E+07  0.988637E+07  0.242820E+03
  0.638831E-03  0.201926E+08  0.201905E+08  0.290601E+07  0.267698E+07  0.200286E+08  0.201914E+08  0.201922E+08  0.201922E+08 -0.455855E+00  0.987828E+07  0.987781E+07  0.247341E+03
  0.705386E-03  0.201725E+08  0.201702E+08  0.194788E+07  0.179189E+07  0.199735E+08  0.201712E+08  0.201721E+08  0.201717E+08 -0.455374E+00  0.986825E+07  0.986772E+07  0.248819E+03
  0.778874E-03  0.201490E+08  0.201463E+08  0.137251E+07  0.129324E+07  0.199078E+08  0.201474E+08  0.201485E+08  0.201477E+08 -0.454818E+00  0.985648E+07  0.985590E+07  0.247014E+03
  0.860019E-03  0.201214E+08  0.201184E+08  0.108858E+07  0.107436E+07  0.198299E+08  0.201195E+08  0.201209E+08  0.201198E+08 -0.454175E+00  0.984273E+07  0.984210E+07  0.241890E+03
  0.949617E-03  0.200892E+08  0.200860E+08  0.940507E+06  0.964828E+06  0.197376E+08  0.200870E+08  0.200887E+08  0.200873E+08 -0.453432E+00  0.982673E+07  0.982607E+07  0.233618E+03
  0.104855E-02  0.200519E+08  0.200484E+08  0.777446E+06  0.807292E+06  0.196290E+08  0.200493E+08  0.200513E+08  0.200495E+08 -0.452572E+00  0.980818E+07  0.980748E+07  0.222532E+03
  0.115779E-02  0.200086E+08  0.200048E+08  0.543409E+06  0.553770E+06  0.195016E+08  0.200056E+08  0.200080E+08  0.200057E+08 -0.451579E+00  0.978673E+07  0.978601E+07  0.209051E+03
  0.127841E-02  0.199586E+08  0.199546E+08  0.311844E+06  0.297955E+06  0.193532E+08  0.199551E+08  0.199579E+08  0.199551E+08 -0.450434E+00  0.976199E+07  0.976125E+07  0.193653E+03
  0.141160E-02  0.199010E+08  0.198969E+08  0.193548E+06  0.169417E+06  0.191821E+08  0.198969E+08  0.199003E+08  0.198969E+08 -0.449116E+00  0.973352E+07  0.973277E+07  0.176916E+03
  0.155866E-02  0.198348E+08  0.198307E+08  0.179543E+06 -0.273360E+06  0.189862E+08  0.198301E+08  0.198341E+08  0.198301E+08 -0.447604E+00  0.970087E+07  0.970012E+07  0.159601E+03
  0.172105E-02  0.197591E+08  0.197549E+08  0.140484E+06 -0.223341E+06  0.187637E+08  0.197537E+08  0.197584E+08  0.197537E+08 -0.445876E+00  0.966348E+07  0.966275E+07  0.142602E+03
  0.190035E-02  0.196726E+08  0.196684E+08  0.473120E+05 -0.182375E+06  0.185134E+08  0.196664E+08  0.196719E+08  0.196664E+08 -0.443905E+00  0.962084E+07  0.962012E+07  0.126743E+03
  0.209833E-02  0.195742E+08  0.195700E+08  0.198102E+05 -0.148831E+06  0.182347E+08  0.195672E+08  0.195735E+08  0.195671E+08 -0.441663E+00  0.957234E+07  0.957163E+07  0.112615E+03
  0.231694E-02  0.194626E+08  0.194584E+08  0.358217E+05 -0.121373E+06  0.179269E+08  0.194547E+08  0.194619E+08  0.194547E+08 -0.439122E+00  0.951738E+07  0.951668E+07  0.100551E+03
  0.255832E-02  0.193366E+08  0.193323E+08  0.866180E+03 -0.989050E+05  0.175902E+08  0.193276E+08  0.193359E+08  0.193276E+08 -0.436254E+00  0.945532E+07  0.945463E+07  0.905250E+02
  0.282485E-02  0.191948E+08  0.191903E+08  0.169608E+04 -0.805272E+05  0.172247E+08  0.191847E+08  0.191940E+08  0.191847E+08 -0.433027E+00  0.938552E+07  0.938483E+07  0.820696E+02
  0.311915E-02  0.190359E+08  0.190311E+08 -0.623077E+04 -0.655025E+05  0.168298E+08  0.190246E+08  0.190351E+08  0.190246E+08 -0.429413E+00  0.930734E+07  0.930664E+07  0.745472E+02
  0.344411E-02  0.188585E+08  0.188535E+08 -0.105989E+05 -0.532258E+05  0.164049E+08  0.188460E+08  0.188576E+08  0.188460E+08 -0.425382E+00  0.922011E+07  0.921942E+07  0.674316E+02
  0.380293E-02  0.186613E+08  0.186561E+08 -0.170398E+05 -0.432010E+05  0.159489E+08  0.186476E+08  0.186604E+08  0.186476E+08 -0.420902E+00  0.912320E+07  0.912251E+07  0.605976E+02
  0.419912E-02  0.184430E+08  0.184374E+08 -0.712739E+04 -0.350207E+05  0.154610E+08  0.184280E+08  0.184421E+08  0.184280E+08 -0.415945E+00  0.901594E+07  0.901526E+07  0.542947E+02
  0.463659E-02  0.182023E+08  0.181963E+08 -0.847695E+04 -0.283508E+05  0.149408E+08  0.181858E+08  0.182013E+08  0.181858E+08 -0.410479E+00  0.889769E+07  0.889701E+07  0.487861E+02
  0.511964E-02  0.179377E+08  0.179312E+08 -0.104004E+05 -0.229170E+05  0.143897E+08  0.179199E+08  0.179366E+08  0.179199E+08 -0.404475E+00  0.876778E+07  0.876711E+07  0.439925E+02
  0.565302E-02  0.176486E+08  0.176414E+08 -0.731199E+04 -0.184951E+05  0.137842E+08  0.176291E+08  0.176474E+08  0.176291E+08 -0.397912E+00  0.862578E+07  0.862511E+07  0.396185E+02
  0.624196E-02  0.173324E+08  0.173245E+08 -0.696102E+04 -0.148993E+05  0.131572E+08  0.173113E+08  0.173311E+08  0.173113E+08 -0.390739E+00  0.847058E+07  0.846991E+07  0.355727E+02
  0.689226E-02  0.169884E+08  0.169796E+08 -0.556353E+04 -0.119791E+05  0.124967E+08  0.169657E+08  0.169869E+08  0.169657E+08 -0.382937E+00  0.830174E+07  0.830107E+07  0.319889E+02
  0.761031E-02  0.166149E+08  0.166050E+08 -0.562303E+04 -0.961035E+04  0.118112E+08  0.165905E+08  0.166132E+08  0.165905E+08 -0.374469E+00  0.811846E+07  0.811780E+07  0.288178E+02
  0.840317E-02  0.162111E+08  0.162000E+08 -0.462480E+04 -0.769178E+04  0.111097E+08  0.161851E+08  0.162092E+08  0.161851E+08 -0.365318E+00  0.792040E+07  0.791975E+07  0.259405E+02
  0.927863E-02  0.157757E+08  0.157632E+08 -0.345728E+04 -0.614020E+04  0.103923E+08  0.157482E+08  0.157736E+08  0.157482E+08 -0.355456E+00  0.770693E+07  0.770628E+07  0.233852E+02
  0.102453E-01  0.153075E+08  0.152932E+08 -0.321438E+04 -0.488740E+04  0.965910E+07  0.152784E+08  0.153051E+08  0.152784E+08 -0.344852E+00  0.747735E+07  0.747670E+07  0.211081E+02
  0.113127E-01  0.148051E+08  0.147887E+08 -0.264944E+04 -0.387765E+04  0.891666E+07  0.147745E+08  0.148023E+08  0.147745E+08 -0.333479E+00  0.723111E+07  0.723046E+07  0.190784E+02
  0.124912E-01  0.142676E+08  0.142488E+08 -0.197883E+04 -0.306546E+04  0.817318E+07  0.142356E+08  0.142644E+08  0.142356E+08 -0.321316E+00  0.696772E+07  0.696707E+07  0.172746E+02
  0.137926E-01  0.136941E+08  0.136727E+08 -0.179666E+04 -0.241361E+04  0.743456E+07  0.136609E+08  0.136905E+08  0.136609E+08 -0.308343E+00  0.668678E+07  0.668613E+07  0.156694E+02
  0.152296E-01  0.130842E+08  0.130597E+08 -0.141817E+04 -0.189179E+04  0.670397E+07  0.130499E+08  0.130801E+08  0.130499E+08 -0.294553E+00  0.638808E+07  0.638743E+07  0.142364E+02
  0.168162E-01  0.124381E+08  0.124102E+08 -0.107615E+04 -0.147526E+04  0.599119E+07  0.124029E+08  0.124334E+08  0.124029E+08 -0.279949E+00  0.607172E+07  0.607106E+07  0.129515E+02
  0.185681E-01  0.117570E+08  0.117255E+08 -0.940310E+03 -0.114394E+04  0.530134E+07  0.117212E+08  0.117517E+08  0.117212E+08 -0.264562E+00  0.573833E+07  0.573767E+07  0.117887E+02
  0.205026E-01  0.110437E+08  0.110084E+08 -0.585232E+03 -0.881472E+03  0.464192E+07  0.110075E+08  0.110378E+08  0.110075E+08 -0.248453E+00  0.538926E+07  0.538860E+07  0.107218E+02
  0.226386E-01  0.103031E+08  0.102639E+08 -0.520759E+03 -0.674598E+03  0.401925E+07  0.102668E+08  0.102965E+08  0.102668E+08 -0.231735E+00  0.502692E+07  0.502626E+07  0.972546E+01
  0.249971E-01  0.954290E+07  0.950009E+07 -0.398400E+03 -0.512549E+03  0.344028E+07  0.950686E+07  0.953571E+07  0.950686E+07 -0.214582E+00  0.465511E+07  0.465445E+07  0.877237E+01
  0.276014E-01  0.877427E+07  0.872844E+07 -0.283258E+03 -0.386582E+03  0.291042E+07  0.873886E+07  0.876658E+07  0.873886E+07 -0.197247E+00  0.427931E+07  0.427866E+07  0.784168E+01
  0.304770E-01  0.801228E+07  0.796441E+07 -0.242224E+03 -0.289575E+03  0.243459E+07  0.797788E+07  0.800424E+07  0.797788E+07 -0.180071E+00  0.390690E+07  0.390627E+07  0.691388E+01
  0.336521E-01  0.727549E+07  0.722701E+07 -0.163830E+03 -0.215696E+03  0.201634E+07  0.724250E+07  0.726735E+07  0.724250E+07 -0.163472E+00  0.354697E+07  0.354637E+07  0.597789E+01
  0.371581E-01  0.658460E+07  0.653739E+07 -0.124283E+03 -0.160138E+03  0.165723E+07  0.655339E+07  0.657667E+07  0.655339E+07 -0.147918E+00  0.320967E+07  0.320910E+07  0.503386E+01
  0.410293E-01  0.595947E+07  0.591566E+07 -0.108840E+03 -0.118898E+03  0.135630E+07  0.593037E+07  0.595212E+07  0.593037E+07 -0.133856E+00  0.290468E+07  0.290417E+07  0.409694E+01
  0.451322E-01  0.543201E+07  0.539346E+07  0.695195E+02 -0.895873E+02  0.111778E+07  0.540515E+07  0.542554E+07  0.540515E+07 -0.122001E+00  0.264755E+07  0.264712E+07  0.323212E+01
  0.492351E-01  0.502158E+07  0.498914E+07  0.539917E+02 -0.696093E+02  0.939404E+06  0.499684E+07  0.501613E+07  0.499684E+07 -0.112785E+00  0.244765E+07  0.244728E+07  0.251054E+01
  0.533380E-01  0.469159E+07  0.466525E+07  0.429772E+02 -0.554302E+02  0.801778E+06  0.466878E+07  0.468716E+07  0.466878E+07 -0.105380E+00  0.228703E+07  0.228672E+07  0.193589E+01
  0.574410E-01  0.441449E+07  0.439350E+07  0.348658E+02 -0.449836E+02  0.692201E+06  0.439336E+07  0.441096E+07  0.439336E+07 -0.991636E-01  0.215218E+07  0.215192E+07  0.150431E+01
  0.615439E-01  0.416963E+07  0.415275E+07  0.286852E+02 -0.370208E+02  0.602240E+06  0.414993E+07  0.416680E+07  0.414993E+07 -0.936689E-01  0.203298E+07  0.203276E+07  0.120270E+01
  0.656468E-01  0.393804E+07  0.392377E+07  0.238085E+02 -0.307361E+02  0.525796E+06  0.391951E+07  0.393565E+07  0.391951E+07 -0.884681E-01  0.192015E+07  0.191995E+07  0.100946E+01
  0.697497E-01  0.370799E+07  0.369488E+07  0.198545E+02 -0.256389E+02  0.459138E+06  0.369042E+07  0.370579E+07  0.369042E+07 -0.832973E-01  0.180796E+07  0.180778E+07  0.898543E+00
  0.738527E-01  0.347609E+07  0.346293E+07  0.165984E+02 -0.214402E+02  0.400364E+06  0.345934E+07  0.347388E+07  0.345934E+07 -0.780815E-01  0.169479E+07  0.169460E+07  0.842990E+00
  0.779556E-01  0.324570E+07  0.323168E+07  0.139060E+02 -0.179674E+02  0.348672E+06  0.322965E+07  0.324335E+07  0.322965E+07 -0.728971E-01  0.158229E+07  0.158210E+07  0.817927E+00
  0.820585E-01  0.302336E+07  0.300814E+07  0.116870E+02 -0.151043E+02  0.303701E+06  0.300794E+07  0.302080E+07  0.300794E+07 -0.678929E-01  0.147370E+07  0.147350E+07  0.802781E+00
  0.861614E-01  0.281551E+07  0.279918E+07  0.986878E+01 -0.127576E+02  0.265093E+06  0.280071E+07  0.281277E+07  0.280071E+07 -0.632155E-01  0.137220E+07  0.137199E+07  0.782672E+00
  0.912826E-01  0.258459E+07  0.256751E+07  0.806884E+01 -0.104336E+02  0.225157E+06  0.257057E+07  0.258173E+07  0.257057E+07 -0.580210E-01  0.125946E+07  0.125926E+07  0.738154E+00
  0.964038E-01  0.239258E+07  0.237576E+07  0.669549E+01 -0.865958E+01  0.193470E+06  0.237936E+07  0.238976E+07  0.237936E+07 -0.537052E-01  0.116580E+07  0.116561E+07  0.669016E+00
  0.101525E+00  0.224182E+07  0.222626E+07  0.565619E+01 -0.731653E+01  0.168772E+06  0.222941E+07  0.223921E+07  0.222941E+07 -0.503205E-01  0.109234E+07  0.109216E+07  0.581806E+00
  0.106646E+00  0.212653E+07  0.211295E+07  0.486256E+01 -0.629058E+01  0.149459E+06  0.211491E+07  0.212425E+07  0.211491E+07 -0.477361E-01  0.103625E+07  0.103609E+07  0.488420E+00
  0.111767E+00  0.203500E+07  0.202365E+07  0.423702E+01 -0.548174E+01  0.133862E+06  0.202411E+07  0.203310E+07  0.202411E+07 -0.456866E-01  0.991770E+06  0.991635E+06  0.401356E+00
  0.116889E+00  0.195465E+07  0.194533E+07  0.372130E+01 -0.481483E+01  0.120615E+06  0.194441E+07  0.195309E+07  0.194441E+07 -0.438878E-01  0.952728E+06  0.952612E+06  0.330256E+00
  0.122010E+00  0.187563E+07  0.186780E+07  0.327758E+01 -0.424102E+01  0.108801E+06  0.186596E+07  0.187432E+07  0.186596E+07 -0.421170E-01  0.914294E+06  0.914191E+06  0.279976E+00
  0.127131E+00  0.179216E+07  0.178510E+07  0.288444E+01 -0.373267E+01  0.979159E+05  0.178296E+07  0.179098E+07  0.178296E+07 -0.402437E-01  0.873633E+06  0.873538E+06  0.250250E+00
  0.132252E+00  0.170265E+07  0.169570E+07  0.253201E+01 -0.327697E+01  0.877760E+05  0.169385E+07  0.170149E+07  0.169385E+07 -0.382322E-01  0.829975E+06  0.829881E+06  0.236731E+00
  0.137373E+00  0.160900E+07  0.160169E+07  0.221730E+01 -0.287004E+01  0.783994E+05  0.160053E+07  0.160777E+07  0.160053E+07 -0.361260E-01  0.784259E+06  0.784163E+06  0.232850E+00
  0.142494E+00  0.151540E+07  0.150753E+07  0.194051E+01 -0.251210E+01  0.699020E+05  0.150724E+07  0.151408E+07  0.150724E+07 -0.340203E-01  0.738551E+06  0.738452E+06  0.231838E+00
  0.147616E+00  0.142719E+07  0.141885E+07  0.170262E+01 -0.220442E+01  0.624192E+05  0.141934E+07  0.142579E+07  0.141934E+07 -0.320362E-01  0.695484E+06  0.695383E+06  0.228374E+00
  0.152737E+00  0.134936E+07  0.134084E+07  0.150341E+01 -0.194670E+01  0.560383E+05  0.134182E+07  0.134793E+07  0.134182E+07 -0.302865E-01  0.657504E+06  0.657403E+06  0.219494E+00
  0.157858E+00  0.128460E+07  0.127627E+07  0.133980E+01 -0.173496E+01  0.507292E+05  0.127737E+07  0.128320E+07  0.127737E+07 -0.288318E-01  0.625926E+06  0.625829E+06  0.204692E+00
  0.162979E+00  0.123237E+07  0.122457E+07  0.120582E+01 -0.156153E+01  0.463398E+05  0.122545E+07  0.123106E+07  0.122545E+07 -0.276600E-01  0.600489E+06  0.600399E+06  0.185417E+00
  0.168100E+00  0.118996E+07  0.118292E+07  0.109452E+01 -0.141744E+01  0.426599E+05  0.118335E+07  0.118877E+07  0.118335E+07 -0.267097E-01  0.579860E+06  0.579777E+06  0.164275E+00
  0.173221E+00  0.115388E+07  0.114767E+07  0.999600E+00 -0.129452E+01  0.394857E+05  0.114757E+07  0.115284E+07  0.114757E+07 -0.259020E-01  0.562327E+06  0.562252E+06  0.144106E+00
  0.178343E+00  0.112053E+07  0.111506E+07  0.915834E+00 -0.118605E+01  0.366413E+05  0.111448E+07  0.111961E+07  0.111448E+07 -0.251552E-01  0.546117E+06  0.546049E+06  0.127180E+00
  0.183464E+00  0.108657E+07  0.108164E+07  0.839230E+00 -0.108687E+01  0.339876E+05  0.108076E+07  0.108574E+07  0.108076E+07 -0.243941E-01  0.529594E+06  0.529531E+06  0.114705E+00
  0.188585E+00  0.104991E+07  0.104527E+07  0.767472E+00 -0.993976E+00  0.314451E+05  0.104432E+07  0.104913E+07  0.104432E+07 -0.235715E-01  0.511737E+06  0.511677E+06  0.106736E+00
  0.193706E+00  0.101040E+07  0.100581E+07  0.700011E+00 -0.906653E+00  0.290018E+05  0.100499E+07  0.100963E+07  0.100499E+07 -0.226837E-01  0.492466E+06  0.492406E+06  0.102402E+00
  0.198827E+00  0.969331E+06  0.964636E+06  0.637352E+00 -0.825549E+00  0.266884E+05  0.964086E+06  0.968543E+06  0.964086E+06 -0.217606E-01  0.472426E+06  0.472366E+06  0.100285E+00
  0.203949E+00  0.928538E+06  0.923680E+06  0.580189E+00 -0.751558E+00  0.245437E+05  0.923448E+06  0.927723E+06  0.923448E+06 -0.208434E-01  0.452514E+06  0.452454E+06  0.988498E-01
  0.209070E+00  0.889848E+06  0.884860E+06  0.529053E+00 -0.685360E+00  0.226001E+05  0.884910E+06  0.889011E+06  0.884910E+06 -0.199735E-01  0.433631E+06  0.433571E+06  0.968294E-01
  0.214191E+00  0.854824E+06  0.849808E+06  0.484179E+00 -0.627260E+00  0.208777E+05  0.850039E+06  0.853981E+06  0.850039E+06 -0.191864E-01  0.416545E+06  0.416485E+06  0.934820E-01
  0.219312E+00  0.824385E+06  0.819474E+06  0.445369E+00 -0.577001E+00  0.193773E+05  0.819754E+06  0.823560E+06  0.819754E+06 -0.185029E-01  0.401705E+06  0.401647E+06  0.886518E-01
  0.224433E+00  0.798502E+06  0.793818E+06  0.411926E+00 -0.533683E+00  0.180772E+05  0.794026E+06  0.797716E+06  0.794026E+06 -0.179221E-01  0.389098E+06  0.389043E+06  0.826720E-01
  0.229554E+00  0.776324E+06  0.771946E+06  0.382829E+00 -0.495989E+00  0.169397E+05  0.771999E+06  0.775589E+06  0.771999E+06 -0.174250E-01  0.378305E+06  0.378252E+06  0.761743E-01
  0.234676E+00  0.756564E+06  0.752517E+06  0.356997E+00 -0.462523E+00  0.159227E+05  0.752382E+06  0.755884E+06  0.752382E+06 -0.169822E-01  0.368693E+06  0.368644E+06  0.698694E-01
  0.239797E+00  0.737847E+06  0.734102E+06  0.333468E+00 -0.432040E+00  0.149876E+05  0.733800E+06  0.737218E+06  0.733800E+06 -0.165628E-01  0.359587E+06  0.359541E+06  0.643507E-01
  0.244918E+00  0.719009E+06  0.715496E+06  0.311516E+00 -0.403603E+00  0.141046E+05  0.715086E+06  0.718419E+06  0.715086E+06 -0.161404E-01  0.350417E+06  0.350373E+06  0.599655E-01
  0.250039E+00  0.699378E+06  0.696009E+06  0.290725E+00 -0.376673E+00  0.132572E+05  0.695568E+06  0.698812E+06  0.695568E+06 -0.156998E-01  0.340853E+06  0.340810E+06  0.567744E-01
  0.255160E+00  0.678878E+06  0.675570E+06  0.270982E+00 -0.351103E+00  0.124421E+05  0.675171E+06  0.678322E+06  0.675171E+06 -0.152394E-01  0.330858E+06  0.330817E+06  0.545895E-01
  0.260281E+00  0.657893E+06  0.654588E+06  0.252362E+00 -0.326987E+00  0.116643E+05  0.654282E+06  0.657338E+06  0.654282E+06 -0.147680E-01  0.320623E+06  0.320581E+06  0.530636E-01
  0.265403E+00  0.637042E+06  0.633715E+06  0.235011E+00 -0.304516E+00  0.109322E+05  0.633523E+06  0.636484E+06  0.633523E+06 -0.142994E-01  0.310451E+06  0.310410E+06  0.518009E-01
  0.270524E+00  0.617010E+06  0.613667E+06  0.219072E+00 -0.283873E+00  0.102540E+05  0.613580E+06  0.616448E+06  0.613580E+06 -0.138492E-01  0.300678E+06  0.300637E+06  0.504596E-01
  0.275645E+00  0.598388E+06  0.595063E+06  0.204631E+00 -0.265167E+00  0.963556E+04  0.595046E+06  0.597830E+06  0.595046E+06 -0.134309E-01  0.291597E+06  0.291556E+06  0.488217E-01
  0.280766E+00  0.581520E+06  0.578256E+06  0.191670E+00 -0.248377E+00  0.907759E+04  0.578266E+06  0.580972E+06  0.578266E+06 -0.130522E-01  0.283374E+06  0.283335E+06  0.468178E-01
  0.285887E+00  0.566414E+06  0.563253E+06  0.180062E+00 -0.233337E+00  0.857563E+04  0.563246E+06  0.565883E+06  0.563246E+06 -0.127131E-01  0.276014E+06  0.275976E+06  0.445119E-01
  0.291009E+00  0.552799E+06  0.549771E+06  0.169605E+00 -0.219788E+00  0.812141E+04  0.549715E+06  0.552290E+06  0.549715E+06 -0.124077E-01  0.269383E+06  0.269347E+06  0.420581E-01
  0.296130E+00  0.540250E+06  0.537366E+06  0.160076E+00 -0.207439E+00  0.770530E+04  0.537248E+06  0.539766E+06  0.537248E+06 -0.121263E-01  0.263274E+06  0.263239E+06  0.396440E-01
  0.301251E+00  0.528297E+06  0.525550E+06  0.151260E+00 -0.196017E+00  0.731801E+04  0.525372E+06  0.527836E+06  0.525372E+06 -0.118583E-01  0.257455E+06  0.257421E+06  0.374369E-01
  0.306372E+00  0.516520E+06  0.513886E+06  0.142988E+00 -0.185297E+00  0.695188E+04  0.513668E+06  0.516077E+06  0.513668E+06 -0.115941E-01  0.251719E+06  0.251687E+06  0.355446E-01
  0.311493E+00  0.504639E+06  0.502089E+06  0.135143E+00 -0.175133E+00  0.660195E+04  0.501856E+06  0.504211E+06  0.501856E+06 -0.113275E-01  0.245931E+06  0.245900E+06  0.340000E-01
  0.316614E+00  0.492577E+06  0.490080E+06  0.127679E+00 -0.165462E+00  0.626627E+04  0.489858E+06  0.492158E+06  0.489858E+06 -0.110567E-01  0.240052E+06  0.240021E+06  0.327665E-01
  0.321736E+00  0.480434E+06  0.477968E+06  0.120596E+00 -0.156286E+00  0.594535E+04  0.477777E+06  0.480020E+06  0.477777E+06 -0.107840E-01  0.234132E+06  0.234101E+06  0.317587E-01
  0.326857E+00  0.468421E+06  0.465974E+06  0.113921E+00 -0.147639E+00  0.564091E+04  0.465822E+06  0.468010E+06  0.465822E+06 -0.105142E-01  0.228274E+06  0.228243E+06  0.308705E-01
  0.331978E+00  0.456772E+06  0.454343E+06  0.107684E+00 -0.139559E+00  0.535479E+04  0.454230E+06  0.456364E+06  0.454230E+06 -0.102525E-01  0.222593E+06  0.222564E+06  0.300030E-01
  0.337099E+00  0.445691E+06  0.443289E+06  0.101902E+00 -0.132066E+00  0.508817E+04  0.443205E+06  0.445288E+06  0.443205E+06 -0.100037E-01  0.217191E+06  0.217161E+06  0.290862E-01
  0.342220E+00  0.435307E+06  0.432945E+06  0.965695E-01 -0.125157E+00  0.484130E+04  0.432875E+06  0.434910E+06  0.432875E+06 -0.977052E-02  0.212129E+06  0.212100E+06  0.280895E-01
  0.347341E+00  0.425646E+06  0.423339E+06  0.916621E-01 -0.118798E+00  0.461321E+04  0.423268E+06  0.425259E+06  0.423268E+06 -0.955368E-02  0.207421E+06  0.207393E+06  0.270201E-01
  0.352463E+00  0.416640E+06  0.414398E+06  0.871345E-01 -0.112931E+00  0.440198E+04  0.414314E+06  0.416263E+06  0.414314E+06 -0.935157E-02  0.203033E+06  0.203006E+06  0.259133E-01
  0.357584E+00  0.408151E+06  0.405979E+06  0.829324E-01 -0.107485E+00  0.420515E+04  0.405876E+06  0.407786E+06  0.405876E+06 -0.916112E-02  0.198899E+06  0.198872E+06  0.248183E-01
  0.362705E+00  0.400020E+06  0.397917E+06  0.790020E-01 -0.102391E+00  0.402025E+04  0.397795E+06  0.399667E+06  0.397795E+06 -0.897872E-02  0.194938E+06  0.194913E+06  0.237830E-01
  0.367826E+00  0.392100E+06  0.390059E+06  0.752969E-01 -0.975897E-01  0.384511E+04  0.389921E+06  0.391757E+06  0.389921E+06 -0.880100E-02  0.191080E+06  0.191055E+06  0.228424E-01
  0.372947E+00  0.384274E+06  0.382285E+06  0.717815E-01 -0.930341E-01  0.367809E+04  0.382140E+06  0.383940E+06  0.382140E+06 -0.862537E-02  0.187267E+06  0.187243E+06  0.220113E-01
  0.378069E+00  0.376486E+06  0.374538E+06  0.684340E-01 -0.886962E-01  0.351821E+04  0.374395E+06  0.376159E+06  0.374395E+06 -0.845056E-02  0.183472E+06  0.183448E+06  0.212848E-01
  0.383190E+00  0.368748E+06  0.366832E+06  0.652473E-01 -0.845668E-01  0.336524E+04  0.366699E+06  0.368427E+06  0.366699E+06 -0.827684E-02  0.179700E+06  0.179677E+06  0.206425E-01
  0.388311E+00  0.361127E+06  0.359237E+06  0.622236E-01 -0.806486E-01  0.321942E+04  0.359117E+06  0.360810E+06  0.359117E+06 -0.810572E-02  0.175985E+06  0.175962E+06  0.200563E-01
  0.393432E+00  0.353699E+06  0.351833E+06  0.593667E-01 -0.769465E-01  0.308106E+04  0.351728E+06  0.353386E+06  0.351728E+06 -0.793893E-02  0.172364E+06  0.172341E+06  0.194970E-01
  0.398553E+00  0.346526E+06  0.344685E+06  0.566769E-01 -0.734608E-01  0.295030E+04  0.344592E+06  0.346217E+06  0.344592E+06 -0.777786E-02  0.168867E+06  0.168845E+06  0.189415E-01
  0.403674E+00  0.339651E+06  0.337839E+06  0.541514E-01 -0.701880E-01  0.282709E+04  0.337754E+06  0.339346E+06  0.337754E+06 -0.762352E-02  0.165516E+06  0.165494E+06  0.183766E-01
  0.408796E+00  0.333099E+06  0.331321E+06  0.517843E-01 -0.671203E-01  0.271123E+04  0.331238E+06  0.332800E+06  0.331238E+06 -0.747645E-02  0.162323E+06  0.162302E+06  0.178002E-01
  0.413917E+00  0.326862E+06  0.325122E+06  0.495651E-01 -0.642443E-01  0.260227E+04  0.325037E+06  0.326570E+06  0.325037E+06 -0.733648E-02  0.159285E+06  0.159263E+06  0.172194E-01
  0.419038E+00  0.320898E+06  0.319197E+06  0.474787E-01 -0.615402E-01  0.249951E+04  0.319107E+06  0.320613E+06  0.319107E+06 -0.720264E-02  0.156379E+06  0.156358E+06  0.166463E-01
  0.424159E+00  0.315147E+06  0.313485E+06  0.455087E-01 -0.589870E-01  0.240217E+04  0.313389E+06  0.314868E+06  0.313389E+06 -0.707358E-02  0.153577E+06  0.153556E+06  0.160940E-01
  0.429280E+00  0.309555E+06  0.307930E+06  0.436411E-01 -0.565664E-01  0.230956E+04  0.307829E+06  0.309282E+06  0.307829E+06 -0.694808E-02  0.150852E+06  0.150832E+06  0.155734E-01
  0.434401E+00  0.304083E+06  0.302492E+06  0.418649E-01 -0.542643E-01  0.222118E+04  0.302389E+06  0.303816E+06  0.302389E+06 -0.682528E-02  0.148186E+06  0.148166E+06  0.150907E-01
  0.439523E+00  0.298704E+06  0.297142E+06  0.401715E-01 -0.520697E-01  0.213662E+04  0.297040E+06  0.298442E+06  0.297040E+06 -0.670455E-02  0.145565E+06  0.145545E+06  0.146465E-01
  0.444644E+00  0.293407E+06  0.291871E+06  0.385552E-01 -0.499749E-01  0.205561E+04  0.291771E+06  0.293149E+06  0.291771E+06 -0.658564E-02  0.142983E+06  0.142964E+06  0.142364E-01
  0.449765E+00  0.288200E+06  0.286688E+06  0.370132E-01 -0.479765E-01  0.197808E+04  0.286592E+06  0.287946E+06  0.286592E+06 -0.646874E-02  0.140445E+06  0.140427E+06  0.138527E-01
  0.454886E+00  0.283107E+06  0.281616E+06  0.355448E-01 -0.460734E-01  0.190400E+04  0.281527E+06  0.282856E+06  0.281527E+06 -0.635440E-02  0.137963E+06  0.137944E+06  0.134871E-01
  0.460007E+00  0.278153E+06  0.276684E+06  0.341494E-01 -0.442650E-01  0.183340E+04  0.276600E+06  0.277906E+06  0.276600E+06 -0.624320E-02  0.135548E+06  0.135530E+06  0.131322E-01
  0.465129E+00  0.273355E+06  0.271909E+06  0.328252E-01 -0.425488E-01  0.176622E+04  0.271828E+06  0.273113E+06  0.271828E+06 -0.613550E-02  0.133210E+06  0.133192E+06  0.127827E-01
  0.470250E+00  0.268718E+06  0.267295E+06  0.315693E-01 -0.409210E-01  0.170232E+04  0.267217E+06  0.268480E+06  0.267217E+06 -0.603141E-02  0.130950E+06  0.130933E+06  0.124365E-01
  0.475371E+00  0.264238E+06  0.262839E+06  0.303777E-01 -0.393765E-01  0.164154E+04  0.262762E+06  0.264003E+06  0.262762E+06 -0.593085E-02  0.128767E+06  0.128750E+06  0.120939E-01
  0.480492E+00  0.259907E+06  0.258533E+06  0.292461E-01 -0.379100E-01  0.158367E+04  0.258455E+06  0.259676E+06  0.258455E+06 -0.583364E-02  0.126657E+06  0.126640E+06  0.117576E-01
  0.485613E+00  0.255711E+06  0.254362E+06  0.281703E-01 -0.365156E-01  0.152852E+04  0.254283E+06  0.255484E+06  0.254283E+06 -0.573947E-02  0.124612E+06  0.124595E+06  0.114311E-01
  0.490734E+00  0.251631E+06  0.250306E+06  0.271453E-01 -0.351869E-01  0.147583E+04  0.250225E+06  0.251408E+06  0.250225E+06 -0.564789E-02  0.122624E+06  0.122607E+06  0.111175E-01
  0.495856E+00  0.247644E+06  0.246342E+06  0.261662E-01 -0.339179E-01  0.142537E+04  0.246261E+06  0.247425E+06  0.246261E+06 -0.555841E-02  0.120681E+06  0.120665E+06  0.108190E-01
  0.500977E+00  0.243736E+06  0.242456E+06  0.252294E-01 -0.327037E-01  0.137696E+04  0.242375E+06  0.243521E+06  0.242375E+06 -0.547070E-02  0.118777E+06  0.118761E+06  0.105361E-01
  0.506098E+00  0.239903E+06  0.238643E+06  0.243326E-01 -0.315413E-01  0.133050E+04  0.238563E+06  0.239691E+06  0.238563E+06 -0.538467E-02  0.116909E+06  0.116893E+06  0.102681E-01
  0.511219E+00  0.236148E+06  0.234907E+06  0.234742E-01 -0.304288E-01  0.128592E+04  0.234829E+06  0.235940E+06  0.234829E+06 -0.530039E-02  0.115079E+06  0.115064E+06  0.100134E-01
  0.516340E+00  0.232474E+06  0.231250E+06  0.226527E-01 -0.293640E-01  0.124315E+04  0.231175E+06  0.232268E+06  0.231175E+06 -0.521790E-02  0.113288E+06  0.113273E+06  0.976938E-02
  0.521461E+00  0.228881E+06  0.227676E+06  0.218667E-01 -0.283452E-01  0.120212E+04  0.227602E+06  0.228679E+06  0.227602E+06 -0.513726E-02  0.111538E+06  0.111523E+06  0.953360E-02
  0.526583E+00  0.225377E+06  0.224188E+06  0.211150E-01 -0.273710E-01  0.116280E+04  0.224117E+06  0.225177E+06  0.224117E+06 -0.505859E-02  0.109829E+06  0.109815E+06  0.930410E-02
  0.531704E+00  0.221965E+06  0.220794E+06  0.203967E-01 -0.264399E-01  0.112515E+04  0.220724E+06  0.221768E+06  0.220724E+06 -0.498201E-02  0.108167E+06  0.108152E+06  0.907976E-02
  0.536825E+00  0.218648E+06  0.217494E+06  0.197103E-01 -0.255502E-01  0.108908E+04  0.217425E+06  0.218454E+06  0.217425E+06 -0.490755E-02  0.106550E+06  0.106536E+06  0.886023E-02
  0.541946E+00  0.215419E+06  0.214282E+06  0.190539E-01 -0.246994E-01  0.105453E+04  0.214214E+06  0.215228E+06  0.214214E+06 -0.483508E-02  0.104977E+06  0.104963E+06  0.864572E-02
  0.547067E+00  0.212271E+06  0.211152E+06  0.184256E-01 -0.238850E-01  0.102139E+04  0.211084E+06  0.212083E+06  0.211084E+06 -0.476443E-02  0.103443E+06  0.103429E+06  0.843690E-02
  0.551546E+00  0.209585E+06  0.208481E+06  0.178982E-01 -0.232013E-01  0.993508E+03  0.208413E+06  0.209399E+06  0.208413E+06 -0.470414E-02  0.102134E+06  0.102120E+06  0.825925E-02
  0.573605E+00  0.197058E+06  0.196021E+06  0.155589E-01 -0.201691E-01  0.869227E+03  0.195956E+06  0.196884E+06  0.195956E+06 -0.442297E-02  0.960294E+05  0.960166E+05  0.746751E-02
  0.596546E+00  0.185180E+06  0.184204E+06  0.135180E-01 -0.175237E-01  0.759885E+03  0.184144E+06  0.185016E+06  0.184144E+06 -0.415636E-02  0.902410E+05  0.902289E+05  0.676016E-02
  0.620405E+00  0.174027E+06  0.173110E+06  0.117454E-01 -0.152261E-01  0.664162E+03  0.173053E+06  0.173873E+06  0.173053E+06 -0.390602E-02  0.848058E+05  0.847944E+05  0.611007E-02
  0.774792E+00  0.121892E+06  0.121251E+06  0.527469E-02 -0.683812E-02  0.307062E+03  0.121210E+06  0.121785E+06  0.121210E+06 -0.273585E-02  0.593998E+05  0.593918E+05  0.344971E-02
  0.967598E+00  0.848878E+05  0.844409E+05  0.235524E-02 -0.305345E-02  0.140213E+03  0.844120E+05  0.848127E+05  0.844120E+05 -0.190528E-02  0.413669E+05  0.413612E+05  0.194399E-02
  0.120838E+01  0.588122E+05  0.585025E+05  0.104624E-02 -0.135643E-02  0.633459E+02  0.584824E+05  0.587602E+05  0.584824E+05 -0.132002E-02  0.286599E+05  0.286559E+05  0.109631E-02
  0.150909E+01  0.405565E+05  0.403429E+05  0.462589E-03 -0.599754E-03  0.283594E+02  0.403290E+05  0.405206E+05  0.403290E+05 -0.910275E-03  0.197637E+05  0.197609E+05  0.620880E-03
  0.188462E+01  0.278499E+05  0.277031E+05  0.203671E-03 -0.264070E-03  0.125992E+02  0.276936E+05  0.278253E+05  0.276936E+05 -0.625079E-03  0.135716E+05  0.135696E+05  0.354764E-03
  0.235361E+01  0.190513E+05  0.189507E+05  0.893301E-04 -0.115825E-03  0.556131E+01  0.189444E+05  0.190344E+05  0.189444E+05 -0.427597E-03  0.928391E+04  0.928246E+04  0.205772E-03
  0.293930E+01  0.129872E+05  0.129184E+05  0.390435E-04 -0.506260E-04  0.244147E+01  0.129142E+05  0.129756E+05  0.129142E+05 -0.291490E-03  0.632877E+04  0.632770E+04  0.122080E-03
  0.367075E+01  0.882526E+04  0.877834E+04  0.170104E-04 -0.220582E-04  0.106694E+01  0.877566E+04  0.881738E+04  0.877566E+04 -0.198077E-03  0.430063E+04  0.429981E+04  0.747143E-04
  0.458421E+01  0.597972E+04  0.594772E+04  0.738936E-05 -0.958318E-05  0.464446E+00  0.594608E+04  0.597435E+04  0.594608E+04 -0.134210E-03  0.291396E+04  0.291331E+04  0.475512E-04
  0.572498E+01  0.404094E+04  0.401909E+04  0.320127E-05 -0.415239E-05  0.201506E+00  0.401817E+04  0.403727E+04  0.401817E+04 -0.906950E-04  0.196917E+04  0.196863E+04  0.316516E-04
