  0.994668E-05  0.202951E+08  0.202951E+08  0.270459E+08  0.270455E+08  0.202974E+08  0.202951E+08  0.202951E+08  0.203023E+08 -0.458528E+00  0.992970E+07  0.992970E+07  0.636416E+01
  0.109829E-04  0.202951E+08  0.202951E+08  0.270428E+08  0.270423E+08  0.202974E+08  0.202951E+08  0.202951E+08  0.203023E+08 -0.458528E+00  0.992970E+07  0.992970E+07  0.702698E+01
  0.121272E-04  0.202951E+08  0.202951E+08  0.270390E+08  0.270384E+08  0.202974E+08  0.202951E+08  0.202951E+08  0.203023E+08 -0.458528E+00  0.992970E+07  0.992970E+07  0.775877E+01
  0.133906E-04  0.202950E+08  0.202950E+08  0.270344E+08  0.270337E+08  0.202974E+08  0.202951E+08  0.202950E+08  0.203023E+08 -0.458528E+00  0.992969E+07  0.992969E+07  0.856671E+01
  0.147857E-04  0.202950E+08  0.202950E+08  0.270288E+08  0.270279E+08  0.202974E+08  0.202950E+08  0.202950E+08  0.203023E+08 -0.458527E+00  0.992969E+07  0.992968E+07  0.945869E+01
  0.163261E-04  0.202950E+08  0.202950E+08  0.270219E+08  0.270208E+08  0.202973E+08  0.202950E+08  0.202950E+08  0.203023E+08 -0.458527E+00  0.992968E+07  0.992968E+07  0.104434E+02
  0.180269E-04  0.202950E+08  0.202950E+08  0.270136E+08  0.270122E+08  0.202973E+08  0.202950E+08  0.202950E+08  0.203022E+08 -0.458526E+00  0.992967E+07  0.992967E+07  0.115305E+02
  0.199050E-04  0.202950E+08  0.202950E+08  0.270034E+08  0.270017E+08  0.202972E+08  0.202950E+08  0.202950E+08  0.203022E+08 -0.458526E+00  0.992966E+07  0.992966E+07  0.127305E+02
  0.219788E-04  0.202950E+08  0.202950E+08  0.269910E+08  0.269889E+08  0.202972E+08  0.202950E+08  0.202950E+08  0.203022E+08 -0.458525E+00  0.992965E+07  0.992965E+07  0.140551E+02
  0.242686E-04  0.202949E+08  0.202949E+08  0.269758E+08  0.269733E+08  0.202971E+08  0.202949E+08  0.202949E+08  0.203022E+08 -0.458524E+00  0.992963E+07  0.992963E+07  0.155171E+02
  0.267969E-04  0.202949E+08  0.202949E+08  0.269574E+08  0.269543E+08  0.202970E+08  0.202949E+08  0.202949E+08  0.203021E+08 -0.458523E+00  0.992962E+07  0.992962E+07  0.171306E+02
  0.295887E-04  0.202949E+08  0.202948E+08  0.269349E+08  0.269311E+08  0.202969E+08  0.202949E+08  0.202948E+08  0.203021E+08 -0.458522E+00  0.992960E+07  0.992959E+07  0.189111E+02
  0.326713E-04  0.202948E+08  0.202948E+08  0.269075E+08  0.269029E+08  0.202968E+08  0.202948E+08  0.202948E+08  0.203020E+08 -0.458521E+00  0.992957E+07  0.992956E+07  0.208757E+02
  0.360750E-04  0.202947E+08  0.202947E+08  0.268741E+08  0.268686E+08  0.202966E+08  0.202947E+08  0.202947E+08  0.203019E+08 -0.458519E+00  0.992954E+07  0.992953E+07  0.230430E+02
  0.398334E-04  0.202947E+08  0.202946E+08  0.268335E+08  0.268267E+08  0.202964E+08  0.202947E+08  0.202947E+08  0.203018E+08 -0.458516E+00  0.992949E+07  0.992949E+07  0.254335E+02
  0.439833E-04  0.202946E+08  0.202945E+08  0.267841E+08  0.267758E+08  0.202962E+08  0.202946E+08  0.202946E+08  0.203017E+08 -0.458514E+00  0.992945E+07  0.992944E+07  0.280696E+02
  0.485656E-04  0.202944E+08  0.202944E+08  0.267239E+08  0.267138E+08  0.202959E+08  0.202944E+08  0.202944E+08  0.203016E+08 -0.458510E+00  0.992939E+07  0.992938E+07  0.309756E+02
  0.536253E-04  0.202943E+08  0.202943E+08  0.266507E+08  0.266385E+08  0.202955E+08  0.202943E+08  0.202943E+08  0.203014E+08 -0.458506E+00  0.992931E+07  0.992931E+07  0.341780E+02
  0.592120E-04  0.202941E+08  0.202941E+08  0.265617E+08  0.265468E+08  0.202951E+08  0.202941E+08  0.202941E+08  0.203012E+08 -0.458501E+00  0.992923E+07  0.992922E+07  0.377055E+02
  0.653809E-04  0.202939E+08  0.202939E+08  0.264536E+08  0.264355E+08  0.202945E+08  0.202939E+08  0.202939E+08  0.203010E+08 -0.458495E+00  0.992912E+07  0.992911E+07  0.415891E+02
  0.721924E-04  0.202936E+08  0.202936E+08  0.263223E+08  0.263003E+08  0.202939E+08  0.202936E+08  0.202936E+08  0.203007E+08 -0.458487E+00  0.992899E+07  0.992898E+07  0.458619E+02
  0.797135E-04  0.202933E+08  0.202933E+08  0.261630E+08  0.261364E+08  0.202931E+08  0.202933E+08  0.202933E+08  0.203003E+08 -0.458478E+00  0.992883E+07  0.992882E+07  0.505593E+02
  0.880182E-04  0.202929E+08  0.202929E+08  0.259700E+08  0.259378E+08  0.202921E+08  0.202929E+08  0.202929E+08  0.202999E+08 -0.458467E+00  0.992863E+07  0.992862E+07  0.557184E+02
  0.971882E-04  0.202925E+08  0.202924E+08  0.257365E+08  0.256974E+08  0.202909E+08  0.202924E+08  0.202925E+08  0.202993E+08 -0.458454E+00  0.992840E+07  0.992838E+07  0.613780E+02
  0.107313E-03  0.202919E+08  0.202918E+08  0.254544E+08  0.254072E+08  0.202895E+08  0.202919E+08  0.202919E+08  0.202987E+08 -0.458437E+00  0.992811E+07  0.992809E+07  0.675776E+02
  0.118494E-03  0.202912E+08  0.202911E+08  0.251143E+08  0.250573E+08  0.202877E+08  0.202912E+08  0.202912E+08  0.202979E+08 -0.458417E+00  0.992776E+07  0.992773E+07  0.743569E+02
  0.130838E-03  0.202903E+08  0.202902E+08  0.247052E+08  0.246367E+08  0.202856E+08  0.202903E+08  0.202903E+08  0.202969E+08 -0.458393E+00  0.992733E+07  0.992730E+07  0.817540E+02
  0.144469E-03  0.202893E+08  0.202892E+08  0.242148E+08  0.241325E+08  0.202829E+08  0.202892E+08  0.202893E+08  0.202957E+08 -0.458364E+00  0.992681E+07  0.992677E+07  0.898040E+02
  0.159521E-03  0.202880E+08  0.202879E+08  0.236290E+08  0.235306E+08  0.202798E+08  0.202880E+08  0.202880E+08  0.202943E+08 -0.458328E+00  0.992618E+07  0.992613E+07  0.985360E+02
  0.176140E-03  0.202865E+08  0.202863E+08  0.229325E+08  0.228152E+08  0.202759E+08  0.202864E+08  0.202865E+08  0.202925E+08 -0.458285E+00  0.992541E+07  0.992535E+07  0.107970E+03
  0.194490E-03  0.202846E+08  0.202844E+08  0.221089E+08  0.219699E+08  0.202712E+08  0.202845E+08  0.202846E+08  0.202904E+08 -0.458232E+00  0.992447E+07  0.992440E+07  0.118113E+03
  0.214753E-03  0.202824E+08  0.202821E+08  0.211416E+08  0.209780E+08  0.202655E+08  0.202822E+08  0.202823E+08  0.202879E+08 -0.458169E+00  0.992334E+07  0.992326E+07  0.128952E+03
  0.237126E-03  0.202796E+08  0.202793E+08  0.200154E+08  0.198241E+08  0.202585E+08  0.202795E+08  0.202796E+08  0.202848E+08 -0.458093E+00  0.992196E+07  0.992186E+07  0.140448E+03
  0.261830E-03  0.202763E+08  0.202759E+08  0.187175E+08  0.184962E+08  0.202500E+08  0.202761E+08  0.202762E+08  0.202811E+08 -0.458001E+00  0.992029E+07  0.992018E+07  0.152528E+03
  0.289108E-03  0.202723E+08  0.202718E+08  0.172410E+08  0.169880E+08  0.202398E+08  0.202720E+08  0.202722E+08  0.202766E+08 -0.457891E+00  0.991828E+07  0.991813E+07  0.165073E+03
  0.319228E-03  0.202674E+08  0.202668E+08  0.155882E+08  0.153031E+08  0.202273E+08  0.202671E+08  0.202673E+08  0.202713E+08 -0.457759E+00  0.991584E+07  0.991567E+07  0.177913E+03
  0.352486E-03  0.202616E+08  0.202608E+08  0.137746E+08  0.134590E+08  0.202122E+08  0.202612E+08  0.202615E+08  0.202649E+08 -0.457602E+00  0.991290E+07  0.991270E+07  0.190809E+03
  0.389209E-03  0.202545E+08  0.202536E+08  0.118337E+08  0.114924E+08  0.201940E+08  0.202541E+08  0.202544E+08  0.202572E+08 -0.457415E+00  0.990936E+07  0.990913E+07  0.203452E+03
  0.429757E-03  0.202461E+08  0.202450E+08  0.982152E+07  0.946274E+07  0.201719E+08  0.202456E+08  0.202459E+08  0.202481E+08 -0.457193E+00  0.990512E+07  0.990484E+07  0.215456E+03
  0.474530E-03  0.202360E+08  0.202347E+08  0.781795E+07  0.745419E+07  0.201453E+08  0.202353E+08  0.202358E+08  0.202374E+08 -0.456933E+00  0.990004E+07  0.989972E+07  0.226362E+03
  0.523968E-03  0.202239E+08  0.202224E+08  0.592430E+07  0.557216E+07  0.201133E+08  0.202231E+08  0.202236E+08  0.202247E+08 -0.456627E+00  0.989399E+07  0.989362E+07  0.235661E+03
  0.578556E-03  0.202096E+08  0.202078E+08  0.425276E+07  0.393169E+07  0.200748E+08  0.202086E+08  0.202093E+08  0.202097E+08 -0.456270E+00  0.988679E+07  0.988637E+07  0.242820E+03
  0.638831E-03  0.201926E+08  0.201905E+08  0.290601E+07  0.263554E+07  0.200286E+08  0.201914E+08  0.201922E+08  0.201922E+08 -0.455855E+00  0.987827E+07  0.987780E+07  0.247341E+03
  0.705386E-03  0.201725E+08  0.201702E+08  0.194788E+07  0.174314E+07  0.199735E+08  0.201712E+08  0.201721E+08  0.201717E+08 -0.455374E+00  0.986824E+07  0.986771E+07  0.248819E+03
  0.778874E-03  0.201490E+08  0.201463E+08  0.137251E+07  0.123888E+07  0.199078E+08  0.201474E+08  0.201485E+08  0.201477E+08 -0.454817E+00  0.985646E+07  0.985589E+07  0.247014E+03
  0.860019E-03  0.201214E+08  0.201184E+08  0.108858E+07  0.101751E+07  0.198298E+08  0.201195E+08  0.201209E+08  0.201198E+08 -0.454174E+00  0.984271E+07  0.984209E+07  0.241889E+03
  0.949617E-03  0.200892E+08  0.200860E+08  0.940506E+06  0.909640E+06  0.197376E+08  0.200870E+08  0.200887E+08  0.200873E+08 -0.453431E+00  0.982671E+07  0.982605E+07  0.233618E+03
  0.104855E-02  0.200519E+08  0.200483E+08  0.777445E+06  0.757702E+06  0.196290E+08  0.200493E+08  0.200513E+08  0.200495E+08 -0.452571E+00  0.980816E+07  0.980746E+07  0.222531E+03
  0.115779E-02  0.200086E+08  0.200048E+08  0.543408E+06  0.511719E+06  0.195015E+08  0.200055E+08  0.200079E+08  0.200057E+08 -0.451578E+00  0.978670E+07  0.978598E+07  0.209051E+03
  0.127841E-02  0.199585E+08  0.199546E+08  0.311843E+06  0.262017E+06  0.193531E+08  0.199550E+08  0.199579E+08  0.199551E+08 -0.450432E+00  0.976196E+07  0.976122E+07  0.193652E+03
  0.141160E-02  0.199009E+08  0.198968E+08  0.193548E+06  0.135356E+06  0.191820E+08  0.198968E+08  0.199002E+08  0.198969E+08 -0.449114E+00  0.973348E+07  0.973273E+07  0.176916E+03
  0.155866E-02  0.198347E+08  0.198306E+08  0.179542E+06 -0.273358E+06  0.189861E+08  0.198300E+08  0.198340E+08  0.198300E+08 -0.447602E+00  0.970082E+07  0.970007E+07  0.159600E+03
  0.172105E-02  0.197589E+08  0.197548E+08  0.140484E+06 -0.223340E+06  0.187636E+08  0.197535E+08  0.197582E+08  0.197535E+08 -0.445873E+00  0.966342E+07  0.966269E+07  0.142601E+03
  0.190035E-02  0.196724E+08  0.196683E+08  0.473117E+05 -0.182373E+06  0.185133E+08  0.196662E+08  0.196717E+08  0.196662E+08 -0.443901E+00  0.962076E+07  0.962004E+07  0.126742E+03
  0.209833E-02  0.195740E+08  0.195698E+08  0.198101E+05 -0.148829E+06  0.182345E+08  0.195670E+08  0.195733E+08  0.195670E+08 -0.441658E+00  0.957225E+07  0.957154E+07  0.112614E+03
  0.231694E-02  0.194624E+08  0.194582E+08  0.358216E+05 -0.121372E+06  0.179267E+08  0.194544E+08  0.194617E+08  0.194544E+08 -0.439117E+00  0.951726E+07  0.951656E+07  0.100550E+03
  0.255832E-02  0.193363E+08  0.193320E+08  0.866374E+03 -0.989035E+05  0.175900E+08  0.193273E+08  0.193356E+08  0.193273E+08 -0.436247E+00  0.945518E+07  0.945448E+07  0.905235E+02
  0.282485E-02  0.191944E+08  0.191899E+08  0.169714E+04 -0.805257E+05  0.172244E+08  0.191844E+08  0.191937E+08  0.191843E+08 -0.433019E+00  0.938534E+07  0.938465E+07  0.820679E+02
  0.311915E-02  0.190354E+08  0.190307E+08 -0.622927E+04 -0.655009E+05  0.168294E+08  0.190242E+08  0.190346E+08  0.190242E+08 -0.429403E+00  0.930712E+07  0.930642E+07  0.745452E+02
  0.344411E-02  0.188579E+08  0.188529E+08 -0.105981E+05 -0.532243E+05  0.164044E+08  0.188455E+08  0.188571E+08  0.188455E+08 -0.425369E+00  0.921984E+07  0.921914E+07  0.674294E+02
  0.380293E-02  0.186606E+08  0.186554E+08 -0.170402E+05 -0.431994E+05  0.159483E+08  0.186469E+08  0.186597E+08  0.186469E+08 -0.420887E+00  0.912286E+07  0.912217E+07  0.605953E+02
  0.419912E-02  0.184422E+08  0.184366E+08 -0.712656E+04 -0.350191E+05  0.154602E+08  0.184271E+08  0.184412E+08  0.184271E+08 -0.415926E+00  0.901553E+07  0.901485E+07  0.542922E+02
  0.463659E-02  0.182012E+08  0.181953E+08 -0.847634E+04 -0.283492E+05  0.149399E+08  0.181848E+08  0.182002E+08  0.181848E+08 -0.410456E+00  0.889718E+07  0.889650E+07  0.487834E+02
  0.511964E-02  0.179365E+08  0.179300E+08 -0.103996E+05 -0.229154E+05  0.143887E+08  0.179186E+08  0.179354E+08  0.179186E+08 -0.404446E+00  0.876716E+07  0.876649E+07  0.439895E+02
  0.565302E-02  0.176471E+08  0.176399E+08 -0.731065E+04 -0.184935E+05  0.137830E+08  0.176276E+08  0.176459E+08  0.176276E+08 -0.397878E+00  0.862504E+07  0.862437E+07  0.396152E+02
  0.624196E-02  0.173306E+08  0.173227E+08 -0.696062E+04 -0.148978E+05  0.131559E+08  0.173095E+08  0.173293E+08  0.173095E+08 -0.390698E+00  0.846969E+07  0.846902E+07  0.355692E+02
  0.689226E-02  0.169862E+08  0.169774E+08 -0.556244E+04 -0.119776E+05  0.124951E+08  0.169635E+08  0.169847E+08  0.169635E+08 -0.382888E+00  0.830067E+07  0.830001E+07  0.319850E+02
  0.761031E-02  0.166126E+08  0.166028E+08 -0.562236E+04 -0.960902E+04  0.118095E+08  0.165882E+08  0.166109E+08  0.165882E+08 -0.374417E+00  0.811734E+07  0.811669E+07  0.288142E+02
  0.840317E-02  0.162084E+08  0.161973E+08 -0.462423E+04 -0.769049E+04  0.111079E+08  0.161824E+08  0.162065E+08  0.161824E+08 -0.365257E+00  0.791907E+07  0.791842E+07  0.259365E+02
  0.927863E-02  0.157724E+08  0.157598E+08 -0.345658E+04 -0.613888E+04  0.103902E+08  0.157448E+08  0.157703E+08  0.157448E+08 -0.355380E+00  0.770527E+07  0.770462E+07  0.233808E+02
  0.102453E-01  0.153034E+08  0.152891E+08 -0.321344E+04 -0.488610E+04  0.965648E+07  0.152743E+08  0.153010E+08  0.152743E+08 -0.344760E+00  0.747536E+07  0.747472E+07  0.211033E+02
  0.113127E-01  0.148002E+08  0.147839E+08 -0.264864E+04 -0.387639E+04  0.891374E+07  0.147696E+08  0.147975E+08  0.147696E+08 -0.333370E+00  0.722874E+07  0.722809E+07  0.190732E+02
  0.124912E-01  0.142617E+08  0.142430E+08 -0.197773E+04 -0.306420E+04  0.816983E+07  0.142298E+08  0.142586E+08  0.142298E+08 -0.321184E+00  0.696486E+07  0.696421E+07  0.172689E+02
  0.137926E-01  0.136870E+08  0.136656E+08 -0.179581E+04 -0.241237E+04  0.743076E+07  0.136538E+08  0.136834E+08  0.136538E+08 -0.308184E+00  0.668332E+07  0.668268E+07  0.156631E+02
  0.152296E-01  0.130756E+08  0.130511E+08 -0.141703E+04 -0.189055E+04  0.669953E+07  0.130414E+08  0.130715E+08  0.130414E+08 -0.294360E+00  0.638389E+07  0.638324E+07  0.142295E+02
  0.168162E-01  0.124421E+08  0.124143E+08 -0.107645E+04 -0.147574E+04  0.599314E+07  0.124070E+08  0.124375E+08  0.124070E+08 -0.280041E+00  0.607369E+07  0.607304E+07  0.129544E+02
  0.185681E-01  0.117620E+08  0.117304E+08 -0.940590E+03 -0.114442E+04  0.530358E+07  0.117261E+08  0.117567E+08  0.117261E+08 -0.264674E+00  0.574075E+07  0.574009E+07  0.117919E+02
  0.205026E-01  0.110498E+08  0.110144E+08 -0.585582E+03 -0.881956E+03  0.464448E+07  0.110136E+08  0.110439E+08  0.110136E+08 -0.248590E+00  0.539222E+07  0.539156E+07  0.107254E+02
  0.226386E-01  0.102999E+08  0.102607E+08 -0.520431E+03 -0.674388E+03  0.401801E+07  0.102636E+08  0.102933E+08  0.102636E+08 -0.231663E+00  0.502536E+07  0.502470E+07  0.972374E+01
  0.249971E-01  0.953903E+07  0.949622E+07 -0.398162E+03 -0.512341E+03  0.343888E+07  0.950300E+07  0.953184E+07  0.950300E+07 -0.214495E+00  0.465322E+07  0.465256E+07  0.877049E+01
  0.276014E-01  0.877608E+07  0.873025E+07 -0.283330E+03 -0.386662E+03  0.291101E+07  0.874066E+07  0.876838E+07  0.874066E+07 -0.197288E+00  0.428019E+07  0.427954E+07  0.784248E+01
  0.304770E-01  0.801447E+07  0.796660E+07 -0.242261E+03 -0.289654E+03  0.243527E+07  0.798007E+07  0.800643E+07  0.798007E+07 -0.180120E+00  0.390797E+07  0.390734E+07  0.691476E+01
  0.336521E-01  0.727483E+07  0.722636E+07 -0.163825E+03 -0.215676E+03  0.201615E+07  0.724184E+07  0.726669E+07  0.724184E+07 -0.163457E+00  0.354665E+07  0.354605E+07  0.597766E+01
  0.371581E-01  0.658383E+07  0.653662E+07 -0.124262E+03 -0.160119E+03  0.165705E+07  0.655263E+07  0.657591E+07  0.655263E+07 -0.147901E+00  0.320929E+07  0.320873E+07  0.503361E+01
  0.410293E-01  0.595859E+07  0.591478E+07 -0.108831E+03 -0.118880E+03  0.135611E+07  0.592949E+07  0.595123E+07  0.592949E+07 -0.133836E+00  0.290425E+07  0.290374E+07  0.409668E+01
  0.451322E-01  0.543094E+07  0.539239E+07  0.695059E+02 -0.895696E+02  0.111757E+07  0.540409E+07  0.542447E+07  0.540409E+07 -0.121977E+00  0.264703E+07  0.264659E+07  0.323183E+01
  0.492351E-01  0.502027E+07  0.498783E+07  0.539777E+02 -0.695912E+02  0.939161E+06  0.499554E+07  0.501483E+07  0.499554E+07 -0.112755E+00  0.244701E+07  0.244664E+07  0.251021E+01
  0.533380E-01  0.469002E+07  0.466368E+07  0.429627E+02 -0.554116E+02  0.801505E+06  0.466721E+07  0.468559E+07  0.466721E+07 -0.105345E+00  0.228626E+07  0.228595E+07  0.193552E+01
  0.574410E-01  0.441259E+07  0.439161E+07  0.348508E+02 -0.449643E+02  0.691895E+06  0.439148E+07  0.440907E+07  0.439148E+07 -0.991210E-01  0.215126E+07  0.215100E+07  0.150388E+01
  0.615439E-01  0.416696E+07  0.415008E+07  0.286668E+02 -0.369971E+02  0.601854E+06  0.414726E+07  0.416412E+07  0.414726E+07 -0.936089E-01  0.203168E+07  0.203146E+07  0.120214E+01
  0.656468E-01  0.393451E+07  0.392025E+07  0.237872E+02 -0.307085E+02  0.525326E+06  0.391599E+07  0.393212E+07  0.391599E+07 -0.883888E-01  0.191843E+07  0.191823E+07  0.100875E+01
  0.697497E-01  0.370359E+07  0.369048E+07  0.198310E+02 -0.256085E+02  0.458592E+06  0.368605E+07  0.370139E+07  0.368605E+07 -0.831986E-01  0.180582E+07  0.180563E+07  0.897691E+00
  0.738527E-01  0.347624E+07  0.346307E+07  0.165991E+02 -0.214411E+02  0.400383E+06  0.345948E+07  0.347403E+07  0.345948E+07 -0.780848E-01  0.169486E+07  0.169468E+07  0.843014E+00
  0.779556E-01  0.324579E+07  0.323177E+07  0.139064E+02 -0.179679E+02  0.348683E+06  0.322974E+07  0.324344E+07  0.322974E+07 -0.728992E-01  0.158234E+07  0.158215E+07  0.817942E+00
  0.820585E-01  0.302343E+07  0.300821E+07  0.116873E+02 -0.151046E+02  0.303710E+06  0.300802E+07  0.302088E+07  0.300802E+07 -0.678947E-01  0.147374E+07  0.147354E+07  0.802792E+00
  0.861614E-01  0.281557E+07  0.279925E+07  0.986900E+01 -0.127579E+02  0.265098E+06  0.280077E+07  0.281283E+07  0.280077E+07 -0.632169E-01  0.137223E+07  0.137202E+07  0.782681E+00
  0.912826E-01  0.258470E+07  0.256762E+07  0.806917E+01 -0.104340E+02  0.225166E+06  0.257068E+07  0.258183E+07  0.257068E+07 -0.580233E-01  0.125951E+07  0.125931E+07  0.738168E+00
  0.964038E-01  0.239277E+07  0.237594E+07  0.669601E+01 -0.866025E+01  0.193485E+06  0.237955E+07  0.238994E+07  0.237955E+07 -0.537093E-01  0.116589E+07  0.116570E+07  0.669040E+00
  0.101525E+00  0.224209E+07  0.222653E+07  0.565687E+01 -0.731741E+01  0.168793E+06  0.222968E+07  0.223948E+07  0.222968E+07 -0.503266E-01  0.109247E+07  0.109230E+07  0.581841E+00
  0.106646E+00  0.212673E+07  0.211314E+07  0.486300E+01 -0.629115E+01  0.149472E+06  0.211510E+07  0.212445E+07  0.211510E+07 -0.477404E-01  0.103634E+07  0.103619E+07  0.488444E+00
  0.111767E+00  0.203512E+07  0.202377E+07  0.423727E+01 -0.548206E+01  0.133870E+06  0.202423E+07  0.203322E+07  0.202423E+07 -0.456893E-01  0.991828E+06  0.991693E+06  0.401371E+00
  0.116889E+00  0.195477E+07  0.194546E+07  0.372154E+01 -0.481513E+01  0.120623E+06  0.194454E+07  0.195321E+07  0.194454E+07 -0.438906E-01  0.952788E+06  0.952672E+06  0.330272E+00
  0.122010E+00  0.187580E+07  0.186797E+07  0.327788E+01 -0.424141E+01  0.108811E+06  0.186613E+07  0.187449E+07  0.186613E+07 -0.421209E-01  0.914377E+06  0.914275E+06  0.279999E+00
  0.127131E+00  0.179235E+07  0.178529E+07  0.288475E+01 -0.373307E+01  0.979264E+05  0.178315E+07  0.179117E+07  0.178315E+07 -0.402480E-01  0.873727E+06  0.873632E+06  0.250277E+00
  0.132252E+00  0.170283E+07  0.169587E+07  0.253227E+01 -0.327730E+01  0.877849E+05  0.169402E+07  0.170166E+07  0.169402E+07 -0.382361E-01  0.830059E+06  0.829965E+06  0.236759E+00
  0.137373E+00  0.160915E+07  0.160183E+07  0.221751E+01 -0.287030E+01  0.784066E+05  0.160068E+07  0.160792E+07  0.160068E+07 -0.361294E-01  0.784331E+06  0.784235E+06  0.232877E+00
  0.142494E+00  0.151554E+07  0.150767E+07  0.194070E+01 -0.251234E+01  0.699084E+05  0.150738E+07  0.151422E+07  0.150738E+07 -0.340235E-01  0.738621E+06  0.738522E+06  0.231866E+00
  0.147616E+00  0.142734E+07  0.141900E+07  0.170280E+01 -0.220464E+01  0.624255E+05  0.141948E+07  0.142594E+07  0.141948E+07 -0.320395E-01  0.695555E+06  0.695454E+06  0.228403E+00
  0.152737E+00  0.134951E+07  0.134099E+07  0.150358E+01 -0.194691E+01  0.560442E+05  0.134196E+07  0.134808E+07  0.134196E+07 -0.302898E-01  0.657575E+06  0.657474E+06  0.219523E+00
  0.157858E+00  0.128474E+07  0.127641E+07  0.133995E+01 -0.173516E+01  0.507350E+05  0.127751E+07  0.128335E+07  0.127751E+07 -0.288350E-01  0.625996E+06  0.625899E+06  0.204719E+00
  0.162979E+00  0.123252E+07  0.122472E+07  0.120597E+01 -0.156173E+01  0.463457E+05  0.122561E+07  0.123121E+07  0.122561E+07 -0.276635E-01  0.600565E+06  0.600474E+06  0.185443E+00
  0.168100E+00  0.119011E+07  0.118307E+07  0.109467E+01 -0.141762E+01  0.426655E+05  0.118350E+07  0.118893E+07  0.118350E+07 -0.267131E-01  0.579935E+06  0.579853E+06  0.164298E+00
  0.173221E+00  0.115402E+07  0.114782E+07  0.999725E+00 -0.129468E+01  0.394907E+05  0.114771E+07  0.115298E+07  0.114771E+07 -0.259052E-01  0.562397E+06  0.562323E+06  0.144126E+00
  0.178343E+00  0.112066E+07  0.111519E+07  0.915945E+00 -0.118620E+01  0.366458E+05  0.111462E+07  0.111974E+07  0.111462E+07 -0.251583E-01  0.546183E+06  0.546115E+06  0.127198E+00
  0.183464E+00  0.108671E+07  0.108178E+07  0.839341E+00 -0.108702E+01  0.339921E+05  0.108090E+07  0.108588E+07  0.108090E+07 -0.243973E-01  0.529664E+06  0.529601E+06  0.114723E+00
  0.188585E+00  0.105007E+07  0.104542E+07  0.767586E+00 -0.994125E+00  0.314498E+05  0.104447E+07  0.104929E+07  0.104447E+07 -0.235750E-01  0.511813E+06  0.511753E+06  0.106754E+00
  0.193706E+00  0.101055E+07  0.100596E+07  0.700120E+00 -0.906795E+00  0.290064E+05  0.100514E+07  0.100978E+07  0.100514E+07 -0.226873E-01  0.492543E+06  0.492483E+06  0.102420E+00
  0.198827E+00  0.969478E+06  0.964782E+06  0.637448E+00 -0.825675E+00  0.266925E+05  0.964232E+06  0.968690E+06  0.964232E+06 -0.217639E-01  0.472497E+06  0.472438E+06  0.100304E+00
  0.203949E+00  0.928678E+06  0.923819E+06  0.580277E+00 -0.751671E+00  0.245474E+05  0.923587E+06  0.927862E+06  0.923587E+06 -0.208465E-01  0.452582E+06  0.452522E+06  0.988677E-01
  0.209070E+00  0.889986E+06  0.884997E+06  0.529135E+00 -0.685466E+00  0.226037E+05  0.885047E+06  0.889148E+06  0.885047E+06 -0.199766E-01  0.433698E+06  0.433638E+06  0.968473E-01
  0.214191E+00  0.854964E+06  0.849948E+06  0.484259E+00 -0.627362E+00  0.208812E+05  0.850178E+06  0.854122E+06  0.850178E+06 -0.191896E-01  0.416613E+06  0.416553E+06  0.934998E-01
  0.219312E+00  0.824525E+06  0.819613E+06  0.445445E+00 -0.577099E+00  0.193806E+05  0.819894E+06  0.823700E+06  0.819894E+06 -0.185060E-01  0.401774E+06  0.401715E+06  0.886690E-01
  0.224433E+00  0.798638E+06  0.793953E+06  0.411996E+00 -0.533774E+00  0.180803E+05  0.794161E+06  0.797852E+06  0.794161E+06 -0.179252E-01  0.389165E+06  0.389109E+06  0.826882E-01
  0.229554E+00  0.776458E+06  0.772080E+06  0.382895E+00 -0.496075E+00  0.169427E+05  0.772132E+06  0.775723E+06  0.772132E+06 -0.174280E-01  0.378370E+06  0.378318E+06  0.761894E-01
  0.234676E+00  0.756701E+06  0.752654E+06  0.357062E+00 -0.462606E+00  0.159256E+05  0.752519E+06  0.756021E+06  0.752519E+06 -0.169853E-01  0.368759E+06  0.368710E+06  0.698837E-01
  0.239797E+00  0.737986E+06  0.734241E+06  0.333531E+00 -0.432122E+00  0.149904E+05  0.733939E+06  0.737357E+06  0.733939E+06 -0.165659E-01  0.359655E+06  0.359609E+06  0.643644E-01
  0.244918E+00  0.719146E+06  0.715632E+06  0.311575E+00 -0.403680E+00  0.141073E+05  0.715222E+06  0.718556E+06  0.715222E+06 -0.161434E-01  0.350484E+06  0.350440E+06  0.599785E-01
  0.250039E+00  0.699510E+06  0.696140E+06  0.290780E+00 -0.376745E+00  0.132597E+05  0.695699E+06  0.698944E+06  0.695699E+06 -0.157028E-01  0.340917E+06  0.340875E+06  0.567868E-01
  0.255160E+00  0.679008E+06  0.675700E+06  0.271034E+00 -0.351170E+00  0.124445E+05  0.675301E+06  0.678453E+06  0.675301E+06 -0.152424E-01  0.330922E+06  0.330880E+06  0.546017E-01
  0.260281E+00  0.658026E+06  0.654720E+06  0.252413E+00 -0.327054E+00  0.116667E+05  0.654414E+06  0.657471E+06  0.654414E+06 -0.147709E-01  0.320688E+06  0.320646E+06  0.530759E-01
  0.265403E+00  0.637176E+06  0.633848E+06  0.235060E+00 -0.304580E+00  0.109345E+05  0.633656E+06  0.636617E+06  0.633656E+06 -0.143024E-01  0.310516E+06  0.310474E+06  0.518131E-01
  0.270524E+00  0.617138E+06  0.613795E+06  0.219118E+00 -0.283932E+00  0.102562E+05  0.613708E+06  0.616577E+06  0.613708E+06 -0.138521E-01  0.300741E+06  0.300700E+06  0.504714E-01
  0.275645E+00  0.598512E+06  0.595186E+06  0.204673E+00 -0.265222E+00  0.963755E+04  0.595170E+06  0.597954E+06  0.595170E+06 -0.134337E-01  0.291657E+06  0.291617E+06  0.488331E-01
  0.280766E+00  0.581644E+06  0.578379E+06  0.191711E+00 -0.248429E+00  0.907952E+04  0.578389E+06  0.581096E+06  0.578389E+06 -0.130549E-01  0.283434E+06  0.283395E+06  0.468290E-01
  0.285887E+00  0.566541E+06  0.563379E+06  0.180102E+00 -0.233389E+00  0.857754E+04  0.563372E+06  0.566010E+06  0.563372E+06 -0.127160E-01  0.276076E+06  0.276037E+06  0.445229E-01
  0.291009E+00  0.552926E+06  0.549897E+06  0.169644E+00 -0.219839E+00  0.812327E+04  0.549841E+06  0.552417E+06  0.549841E+06 -0.124106E-01  0.269445E+06  0.269409E+06  0.420686E-01
  0.296130E+00  0.540373E+06  0.537489E+06  0.160112E+00 -0.207487E+00  0.770706E+04  0.537370E+06  0.539889E+06  0.537370E+06 -0.121291E-01  0.263334E+06  0.263299E+06  0.396540E-01
  0.301251E+00  0.528418E+06  0.525670E+06  0.151295E+00 -0.196061E+00  0.731967E+04  0.525492E+06  0.527956E+06  0.525492E+06 -0.118610E-01  0.257514E+06  0.257480E+06  0.374464E-01
  0.306372E+00  0.516640E+06  0.514006E+06  0.143021E+00 -0.185340E+00  0.695350E+04  0.513788E+06  0.516198E+06  0.513788E+06 -0.115968E-01  0.251778E+06  0.251745E+06  0.355538E-01
  0.311493E+00  0.504760E+06  0.502209E+06  0.135176E+00 -0.175175E+00  0.660352E+04  0.501976E+06  0.504332E+06  0.501976E+06 -0.113302E-01  0.245990E+06  0.245958E+06  0.340089E-01
  0.316614E+00  0.492696E+06  0.490198E+06  0.127709E+00 -0.165502E+00  0.626778E+04  0.489976E+06  0.492276E+06  0.489976E+06 -0.110594E-01  0.240110E+06  0.240079E+06  0.327751E-01
  0.321736E+00  0.480550E+06  0.478084E+06  0.120625E+00 -0.156324E+00  0.594678E+04  0.477892E+06  0.480136E+06  0.477892E+06 -0.107866E-01  0.234188E+06  0.234158E+06  0.317672E-01
  0.326857E+00  0.468535E+06  0.466087E+06  0.113949E+00 -0.147675E+00  0.564228E+04  0.465935E+06  0.468124E+06  0.465935E+06 -0.105167E-01  0.228329E+06  0.228299E+06  0.308787E-01
  0.331978E+00  0.456886E+06  0.454456E+06  0.107711E+00 -0.139593E+00  0.535612E+04  0.454343E+06  0.456478E+06  0.454343E+06 -0.102551E-01  0.222649E+06  0.222619E+06  0.300111E-01
  0.337099E+00  0.445804E+06  0.443402E+06  0.101927E+00 -0.132100E+00  0.508946E+04  0.443317E+06  0.445401E+06  0.443317E+06 -0.100062E-01  0.217246E+06  0.217216E+06  0.290941E-01
  0.342220E+00  0.435417E+06  0.433055E+06  0.965940E-01 -0.125189E+00  0.484253E+04  0.432985E+06  0.435020E+06  0.432985E+06 -0.977299E-02  0.212183E+06  0.212154E+06  0.280972E-01
  0.347341E+00  0.425754E+06  0.423446E+06  0.916854E-01 -0.118828E+00  0.461438E+04  0.423376E+06  0.425367E+06  0.423376E+06 -0.955611E-02  0.207474E+06  0.207446E+06  0.270275E-01
  0.352463E+00  0.416748E+06  0.414505E+06  0.871572E-01 -0.112960E+00  0.440312E+04  0.414422E+06  0.416371E+06  0.414422E+06 -0.935401E-02  0.203086E+06  0.203059E+06  0.259205E-01
  0.357584E+00  0.408260E+06  0.406088E+06  0.829546E-01 -0.107514E+00  0.420628E+04  0.405985E+06  0.407895E+06  0.405985E+06 -0.916357E-02  0.198952E+06  0.198925E+06  0.248253E-01
  0.362705E+00  0.400128E+06  0.398025E+06  0.790234E-01 -0.102419E+00  0.402134E+04  0.397902E+06  0.399775E+06  0.397902E+06 -0.898114E-02  0.194991E+06  0.194965E+06  0.237899E-01
  0.367826E+00  0.392205E+06  0.390163E+06  0.753171E-01 -0.976159E-01  0.384614E+04  0.390026E+06  0.391862E+06  0.390026E+06 -0.880336E-02  0.191131E+06  0.191106E+06  0.228490E-01
  0.372947E+00  0.384377E+06  0.382388E+06  0.718008E-01 -0.930591E-01  0.367908E+04  0.382243E+06  0.384043E+06  0.382243E+06 -0.862770E-02  0.187318E+06  0.187293E+06  0.220177E-01
  0.378069E+00  0.376590E+06  0.374641E+06  0.684529E-01 -0.887207E-01  0.351918E+04  0.374498E+06  0.376262E+06  0.374498E+06 -0.845289E-02  0.183522E+06  0.183498E+06  0.212911E-01
  0.383190E+00  0.368851E+06  0.366934E+06  0.652655E-01 -0.845903E-01  0.336618E+04  0.366801E+06  0.368529E+06  0.366801E+06 -0.827915E-02  0.179750E+06  0.179727E+06  0.206486E-01
  0.388311E+00  0.361228E+06  0.359337E+06  0.622410E-01 -0.806712E-01  0.322032E+04  0.359218E+06  0.360910E+06  0.359218E+06 -0.810798E-02  0.176034E+06  0.176011E+06  0.200622E-01
  0.393432E+00  0.353797E+06  0.351930E+06  0.593832E-01 -0.769678E-01  0.308192E+04  0.351825E+06  0.353484E+06  0.351825E+06 -0.794113E-02  0.172412E+06  0.172389E+06  0.195028E-01
  0.398553E+00  0.346622E+06  0.344781E+06  0.566927E-01 -0.734813E-01  0.295112E+04  0.344688E+06  0.346313E+06  0.344688E+06 -0.778003E-02  0.168914E+06  0.168892E+06  0.189471E-01
  0.403674E+00  0.339747E+06  0.337935E+06  0.541667E-01 -0.702079E-01  0.282789E+04  0.337850E+06  0.339443E+06  0.337850E+06 -0.762568E-02  0.165563E+06  0.165541E+06  0.183821E-01
  0.408796E+00  0.333195E+06  0.331416E+06  0.517992E-01 -0.671397E-01  0.271201E+04  0.331333E+06  0.332896E+06  0.331333E+06 -0.747860E-02  0.162370E+06  0.162348E+06  0.178056E-01
  0.413917E+00  0.326957E+06  0.325216E+06  0.495794E-01 -0.642628E-01  0.260302E+04  0.325131E+06  0.326664E+06  0.325131E+06 -0.733860E-02  0.159330E+06  0.159309E+06  0.172247E-01
  0.419038E+00  0.320991E+06  0.319289E+06  0.474924E-01 -0.615579E-01  0.250023E+04  0.319199E+06  0.320705E+06  0.319199E+06 -0.720472E-02  0.156424E+06  0.156403E+06  0.166514E-01
  0.424159E+00  0.315239E+06  0.313576E+06  0.455219E-01 -0.590041E-01  0.240286E+04  0.313480E+06  0.314959E+06  0.313480E+06 -0.707563E-02  0.153621E+06  0.153601E+06  0.160989E-01
  0.429280E+00  0.309646E+06  0.308021E+06  0.436540E-01 -0.565831E-01  0.231024E+04  0.307920E+06  0.309373E+06  0.307920E+06 -0.695014E-02  0.150897E+06  0.150877E+06  0.155782E-01
  0.434401E+00  0.304173E+06  0.302581E+06  0.418773E-01 -0.542805E-01  0.222184E+04  0.302478E+06  0.303906E+06  0.302478E+06 -0.682731E-02  0.148230E+06  0.148210E+06  0.150954E-01
  0.439523E+00  0.298793E+06  0.297231E+06  0.401834E-01 -0.520852E-01  0.213725E+04  0.297128E+06  0.298531E+06  0.297128E+06 -0.670654E-02  0.145608E+06  0.145589E+06  0.146511E-01
  0.444644E+00  0.293495E+06  0.291959E+06  0.385667E-01 -0.499899E-01  0.205623E+04  0.291859E+06  0.293237E+06  0.291859E+06 -0.658761E-02  0.143026E+06  0.143007E+06  0.142408E-01
  0.449765E+00  0.288287E+06  0.286775E+06  0.370244E-01 -0.479911E-01  0.197868E+04  0.286680E+06  0.288033E+06  0.286680E+06 -0.647071E-02  0.140488E+06  0.140469E+06  0.138571E-01
  0.454886E+00  0.283194E+06  0.281703E+06  0.355557E-01 -0.460876E-01  0.190459E+04  0.281613E+06  0.282943E+06  0.281613E+06 -0.635636E-02  0.138005E+06  0.137987E+06  0.134914E-01
  0.460007E+00  0.278238E+06  0.276769E+06  0.341599E-01 -0.442786E-01  0.183396E+04  0.276685E+06  0.277992E+06  0.276685E+06 -0.624512E-02  0.135590E+06  0.135572E+06  0.131364E-01
  0.465129E+00  0.273439E+06  0.271992E+06  0.328353E-01 -0.425619E-01  0.176676E+04  0.271912E+06  0.273196E+06  0.271912E+06 -0.613738E-02  0.133251E+06  0.133233E+06  0.127868E-01
  0.470250E+00  0.268802E+06  0.267378E+06  0.315791E-01 -0.409337E-01  0.170285E+04  0.267300E+06  0.268563E+06  0.267300E+06 -0.603328E-02  0.130991E+06  0.130973E+06  0.124405E-01
  0.475371E+00  0.264321E+06  0.262922E+06  0.303872E-01 -0.393889E-01  0.164205E+04  0.262844E+06  0.264086E+06  0.262844E+06 -0.593272E-02  0.128808E+06  0.128790E+06  0.120978E-01
  0.480492E+00  0.259989E+06  0.258615E+06  0.292554E-01 -0.379220E-01  0.158417E+04  0.258537E+06  0.259758E+06  0.258537E+06 -0.583549E-02  0.126697E+06  0.126680E+06  0.117614E-01
  0.485613E+00  0.255792E+06  0.254442E+06  0.281792E-01 -0.365271E-01  0.152900E+04  0.254363E+06  0.255565E+06  0.254363E+06 -0.574128E-02  0.124651E+06  0.124635E+06  0.114348E-01
  0.490734E+00  0.251710E+06  0.250385E+06  0.271538E-01 -0.351980E-01  0.147629E+04  0.250304E+06  0.251487E+06  0.250304E+06 -0.564967E-02  0.122662E+06  0.122646E+06  0.111212E-01
  0.495856E+00  0.247722E+06  0.246420E+06  0.261745E-01 -0.339287E-01  0.142582E+04  0.246339E+06  0.247504E+06  0.246339E+06 -0.556018E-02  0.120719E+06  0.120703E+06  0.108225E-01
  0.500977E+00  0.243814E+06  0.242534E+06  0.252375E-01 -0.327142E-01  0.137741E+04  0.242453E+06  0.243599E+06  0.242453E+06 -0.547246E-02  0.118815E+06  0.118799E+06  0.105396E-01
  0.506098E+00  0.239981E+06  0.238720E+06  0.243405E-01 -0.315516E-01  0.133093E+04  0.238641E+06  0.239769E+06  0.238641E+06 -0.538641E-02  0.116947E+06  0.116931E+06  0.102716E-01
  0.511219E+00  0.236225E+06  0.234983E+06  0.234818E-01 -0.304386E-01  0.128633E+04  0.234905E+06  0.236016E+06  0.234905E+06 -0.530210E-02  0.115116E+06  0.115101E+06  0.100167E-01
  0.516340E+00  0.232549E+06  0.231325E+06  0.226600E-01 -0.293735E-01  0.124355E+04  0.231250E+06  0.232343E+06  0.231250E+06 -0.521959E-02  0.113325E+06  0.113310E+06  0.977265E-02
  0.521461E+00  0.228956E+06  0.227750E+06  0.218738E-01 -0.283545E-01  0.120252E+04  0.227677E+06  0.228754E+06  0.227677E+06 -0.513894E-02  0.111574E+06  0.111559E+06  0.953681E-02
  0.526583E+00  0.225451E+06  0.224262E+06  0.211220E-01 -0.273800E-01  0.116319E+04  0.224191E+06  0.225251E+06  0.224191E+06 -0.506026E-02  0.109866E+06  0.109851E+06  0.930726E-02
  0.531704E+00  0.222039E+06  0.220867E+06  0.204034E-01 -0.264486E-01  0.112552E+04  0.220797E+06  0.221842E+06  0.220797E+06 -0.498366E-02  0.108203E+06  0.108188E+06  0.908286E-02
  0.536825E+00  0.218720E+06  0.217566E+06  0.197168E-01 -0.255587E-01  0.108945E+04  0.217497E+06  0.218526E+06  0.217497E+06 -0.490917E-02  0.106585E+06  0.106571E+06  0.886325E-02
  0.541946E+00  0.215490E+06  0.214353E+06  0.190602E-01 -0.247076E-01  0.105488E+04  0.214286E+06  0.215299E+06  0.214286E+06 -0.483669E-02  0.105012E+06  0.104998E+06  0.864869E-02
  0.547067E+00  0.212342E+06  0.211223E+06  0.184318E-01 -0.238930E-01  0.102173E+04  0.211155E+06  0.212154E+06  0.211155E+06 -0.476603E-02  0.103478E+06  0.103464E+06  0.843982E-02
  0.559946E+00  0.204754E+06  0.203677E+06  0.169650E-01 -0.219917E-01  0.944076E+03  0.203610E+06  0.204574E+06  0.203610E+06 -0.459572E-02  0.997800E+05  0.997667E+05  0.794473E-02
  0.593872E+00  0.186572E+06  0.185589E+06  0.137425E-01 -0.178148E-01  0.771971E+03  0.185528E+06  0.186407E+06  0.185528E+06 -0.418760E-02  0.909192E+05  0.909070E+05  0.684027E-02
  0.629853E+00  0.169961E+06  0.169066E+06  0.111294E-01 -0.144276E-01  0.630723E+03  0.169010E+06  0.169811E+06  0.169010E+06 -0.381477E-02  0.828245E+05  0.828134E+05  0.587918E-02
  0.879031E+00  0.993533E+05  0.988303E+05  0.334009E-02 -0.433019E-02  0.197075E+03  0.987966E+05  0.992655E+05  0.987966E+05 -0.222996E-02  0.484161E+05  0.484096E+05  0.249171E-02
  0.122679E+01  0.573768E+05  0.570747E+05  0.990307E-03 -0.128392E-02  0.600180E+02  0.570550E+05  0.573261E+05  0.570550E+05 -0.128780E-02  0.279604E+05  0.279565E+05  0.105499E-02
  0.171212E+01  0.327904E+05  0.326176E+05  0.290562E-03 -0.376724E-03  0.179112E+02  0.326065E+05  0.327614E+05  0.326065E+05 -0.735968E-03  0.159792E+05  0.159768E+05  0.451343E-03
  0.238945E+01  0.185715E+05  0.184734E+05  0.844874E-04 -0.109546E-03  0.526167E+01  0.184673E+05  0.185551E+05  0.184673E+05 -0.416829E-03  0.905011E+04  0.904869E+04  0.198522E-03
  0.333475E+01  0.104367E+05  0.103813E+05  0.243751E-04 -0.316073E-04  0.152707E+01  0.103781E+05  0.104274E+05  0.103781E+05 -0.234246E-03  0.508591E+04  0.508499E+04  0.920068E-04
  0.465402E+01  0.582546E+04  0.579427E+04  0.698432E-05 -0.905797E-05  0.439019E+00  0.579268E+04  0.582022E+04  0.579268E+04 -0.130748E-03  0.283879E+04  0.283814E+04  0.462053E-04
  0.649521E+01  0.323231E+04  0.321469E+04  0.198912E-05 -0.258045E-05  0.125305E+00  0.321407E+04  0.322935E+04  0.321407E+04 -0.725454E-04  0.157511E+04  0.157461E+04  0.256565E-04
