#    L    TT             EE             TE             PP             TP          
     2    0.11351E+04    0.54926E-01    0.34545E+01    0.10133E+07    0.31880E+05
     3    0.10550E+04    0.88312E-01    0.42931E+01    0.15567E+07    0.37866E+05
     4    0.98114E+03    0.97755E-01    0.43846E+01    0.20391E+07    0.40672E+05
     5    0.92433E+03    0.85338E-01    0.40393E+01    0.24643E+07    0.41752E+05
     6    0.88306E+03    0.62030E-01    0.34956E+01    0.28387E+07    0.41878E+05
     7    0.85436E+03    0.38882E-01    0.29011E+01    0.31700E+07    0.41472E+05
     8    0.83492E+03    0.22214E-01    0.23441E+01    0.34643E+07    0.40719E+05
     9    0.82253E+03    0.13102E-01    0.18691E+01    0.37270E+07    0.39728E+05
    10    0.81563E+03    0.94192E-02    0.15000E+01    0.39618E+07    0.38605E+05
    11    0.81265E+03    0.82925E-02    0.12446E+01    0.41730E+07    0.37473E+05
    12    0.81365E+03    0.77398E-02    0.11002E+01    0.43625E+07    0.36396E+05
    13    0.81684E+03    0.69109E-02    0.10427E+01    0.45326E+07    0.35376E+05
    14    0.82125E+03    0.60052E-02    0.10431E+01    0.46859E+07    0.34401E+05
    15    0.82716E+03    0.53140E-02    0.10823E+01    0.48240E+07    0.33440E+05
    16    0.83493E+03    0.50431E-02    0.11446E+01    0.49485E+07    0.32471E+05
    17    0.84447E+03    0.51885E-02    0.12151E+01    0.50607E+07    0.31519E+05
    18    0.85485E+03    0.55083E-02    0.12820E+01    0.51620E+07    0.30615E+05
    19    0.86688E+03    0.58697E-02    0.13400E+01    0.52531E+07    0.29753E+05
    20    0.87889E+03    0.62504E-02    0.13842E+01    0.53346E+07    0.28916E+05
    21    0.89122E+03    0.66952E-02    0.14206E+01    0.54075E+07    0.28101E+05
    22    0.90413E+03    0.73361E-02    0.14556E+01    0.54729E+07    0.27305E+05
    23    0.91743E+03    0.82278E-02    0.14908E+01    0.55313E+07    0.26536E+05
    24    0.93118E+03    0.93662E-02    0.15268E+01    0.55831E+07    0.25802E+05
    25    0.94532E+03    0.10760E-01    0.15655E+01    0.56288E+07    0.25102E+05
    26    0.95966E+03    0.12379E-01    0.16095E+01    0.56691E+07    0.24436E+05
    27    0.97443E+03    0.14178E-01    0.16559E+01    0.57044E+07    0.23796E+05
    28    0.98949E+03    0.16144E-01    0.17019E+01    0.57351E+07    0.23178E+05
    29    0.10049E+04    0.18287E-01    0.17454E+01    0.57612E+07    0.22587E+05
    30    0.10205E+04    0.20624E-01    0.17835E+01    0.57829E+07    0.22027E+05
    31    0.10363E+04    0.23139E-01    0.18137E+01    0.58007E+07    0.21490E+05
    32    0.10525E+04    0.25806E-01    0.18337E+01    0.58151E+07    0.20971E+05
    33    0.10690E+04    0.28637E-01    0.18409E+01    0.58264E+07    0.20464E+05
    34    0.10857E+04    0.31661E-01    0.18345E+01    0.58346E+07    0.19967E+05
    35    0.11026E+04    0.34900E-01    0.18189E+01    0.58401E+07    0.19481E+05
    36    0.11195E+04    0.38374E-01    0.17968E+01    0.58429E+07    0.19008E+05
    37    0.11366E+04    0.42076E-01    0.17643E+01    0.58434E+07    0.18557E+05
    38    0.11541E+04    0.46002E-01    0.17192E+01    0.58416E+07    0.18135E+05
    39    0.11720E+04    0.50165E-01    0.16637E+01    0.58378E+07    0.17735E+05
    40    0.11900E+04    0.54584E-01    0.16006E+01    0.58319E+07    0.17350E+05
    41    0.12082E+04    0.59281E-01    0.15318E+01    0.58241E+07    0.16972E+05
    42    0.12264E+04    0.64257E-01    0.14555E+01    0.58146E+07    0.16601E+05
    43    0.12448E+04    0.69507E-01    0.13688E+01    0.58034E+07    0.16239E+05
    44    0.12632E+04    0.75014E-01    0.12697E+01    0.57907E+07    0.15887E+05
    45    0.12819E+04    0.80769E-01    0.11563E+01    0.57766E+07    0.15547E+05
    46    0.13009E+04    0.86768E-01    0.10256E+01    0.57611E+07    0.15219E+05
    47    0.13201E+04    0.93014E-01    0.87937E+00    0.57445E+07    0.14903E+05
    48    0.13393E+04    0.99518E-01    0.72322E+00    0.57268E+07    0.14595E+05
    49    0.13587E+04    0.10627E+00    0.56225E+00    0.57081E+07    0.14294E+05
    50    0.13785E+04    0.11325E+00    0.39474E+00    0.56884E+07    0.13997E+05
    51    0.13985E+04    0.12043E+00    0.21717E+00    0.56678E+07    0.13703E+05
    52    0.14189E+04    0.12790E+00    0.24297E-01    0.56464E+07    0.13414E+05
    53    0.14392E+04    0.13580E+00   -0.18766E+00    0.56242E+07    0.13131E+05
    54    0.14595E+04    0.14412E+00   -0.41454E+00    0.56013E+07    0.12859E+05
    55    0.14800E+04    0.15283E+00   -0.65205E+00    0.55778E+07    0.12600E+05
    56    0.15008E+04    0.16178E+00   -0.90198E+00    0.55537E+07    0.12355E+05
    57    0.15219E+04    0.17087E+00   -0.11642E+01    0.55289E+07    0.12124E+05
    58    0.15432E+04    0.18011E+00   -0.14392E+01    0.55037E+07    0.11902E+05
    59    0.15648E+04    0.18954E+00   -0.17276E+01    0.54779E+07    0.11689E+05
    60    0.15865E+04    0.19922E+00   -0.20286E+01    0.54516E+07    0.11480E+05
    61    0.16086E+04    0.20924E+00   -0.23412E+01    0.54249E+07    0.11274E+05
    62    0.16307E+04    0.21959E+00   -0.26664E+01    0.53978E+07    0.11071E+05
    63    0.16528E+04    0.23022E+00   -0.30053E+01    0.53703E+07    0.10869E+05
    64    0.16754E+04    0.24115E+00   -0.33592E+01    0.53425E+07    0.10668E+05
    65    0.16980E+04    0.25235E+00   -0.37287E+01    0.53144E+07    0.10469E+05
    66    0.17209E+04    0.26374E+00   -0.41122E+01    0.52861E+07    0.10270E+05
    67    0.17440E+04    0.27534E+00   -0.45067E+01    0.52577E+07    0.10074E+05
    68    0.17675E+04    0.28718E+00   -0.49105E+01    0.52290E+07    0.98824E+04
    69    0.17912E+04    0.29922E+00   -0.53216E+01    0.52002E+07    0.96963E+04
    70    0.18151E+04    0.31150E+00   -0.57417E+01    0.51713E+07    0.95177E+04
    71    0.18393E+04    0.32401E+00   -0.61730E+01    0.51423E+07    0.93479E+04
    72    0.18636E+04    0.33674E+00   -0.66170E+01    0.51132E+07    0.91862E+04
    73    0.18880E+04    0.34963E+00   -0.70743E+01    0.50840E+07    0.90316E+04
    74    0.19127E+04    0.36269E+00   -0.75442E+01    0.50547E+07    0.88830E+04
    75    0.19376E+04    0.37591E+00   -0.80253E+01    0.50253E+07    0.87393E+04
    76    0.19629E+04    0.38931E+00   -0.85171E+01    0.49959E+07    0.85994E+04
    77    0.19884E+04    0.40287E+00   -0.90193E+01    0.49664E+07    0.84620E+04
    78    0.20144E+04    0.41662E+00   -0.95333E+01    0.49368E+07    0.83256E+04
    79    0.20405E+04    0.43051E+00   -0.10055E+02    0.49072E+07    0.81887E+04
    80    0.20669E+04    0.44454E+00   -0.10587E+02    0.48776E+07    0.80499E+04
    81    0.20934E+04    0.45865E+00   -0.11128E+02    0.48481E+07    0.79088E+04
    82    0.21202E+04    0.47287E+00   -0.11678E+02    0.48185E+07    0.77682E+04
    83    0.21472E+04    0.48718E+00   -0.12237E+02    0.47890E+07    0.76322E+04
    84    0.21745E+04    0.50157E+00   -0.12802E+02    0.47596E+07    0.75047E+04
    85    0.22018E+04    0.51601E+00   -0.13375E+02    0.47302E+07    0.73896E+04
    86    0.22294E+04    0.53052E+00   -0.13954E+02    0.47009E+07    0.72882E+04
    87    0.22574E+04    0.54508E+00   -0.14539E+02    0.46717E+07    0.71910E+04
    88    0.22854E+04    0.55968E+00   -0.15129E+02    0.46426E+07    0.70860E+04
    89    0.23137E+04    0.57433E+00   -0.15727E+02    0.46136E+07    0.69612E+04
    90    0.23422E+04    0.58897E+00   -0.16329E+02    0.45848E+07    0.68043E+04
    91    0.23709E+04    0.60361E+00   -0.16937E+02    0.45560E+07    0.66061E+04
    92    0.23998E+04    0.61824E+00   -0.17550E+02    0.45274E+07    0.63680E+04
    93    0.24291E+04    0.63283E+00   -0.18167E+02    0.44989E+07    0.60941E+04
    94    0.24584E+04    0.64736E+00   -0.18787E+02    0.44705E+07    0.57887E+04
    95    0.24879E+04    0.66183E+00   -0.19411E+02    0.44423E+07    0.54558E+04
    96    0.25175E+04    0.67623E+00   -0.20039E+02    0.44142E+07    0.50996E+04
    97    0.25475E+04    0.69053E+00   -0.20669E+02    0.43863E+07    0.47244E+04
    98    0.25777E+04    0.70474E+00   -0.21300E+02    0.43585E+07    0.43341E+04
    99    0.26080E+04    0.71881E+00   -0.21934E+02    0.43308E+07    0.39331E+04
   100    0.26385E+04    0.73275E+00   -0.22567E+02    0.43033E+07    0.35255E+04
   101    0.26692E+04    0.74662E+00   -0.23202E+02    0.42760E+07    0.31154E+04
   102    0.27005E+04    0.76027E+00   -0.23837E+02    0.42488E+07    0.27070E+04
   103    0.27316E+04    0.77377E+00   -0.24473E+02    0.42217E+07    0.23045E+04
   104    0.27630E+04    0.78713E+00   -0.25106E+02    0.41948E+07    0.19119E+04
   105    0.27945E+04    0.80027E+00   -0.25738E+02    0.41681E+07    0.15336E+04
   106    0.28262E+04    0.81327E+00   -0.26369E+02    0.41415E+07    0.11736E+04
   107    0.28578E+04    0.82597E+00   -0.26996E+02    0.41151E+07    0.83602E+03
   108    0.28898E+04    0.83846E+00   -0.27622E+02    0.40889E+07    0.52515E+03
   109    0.29220E+04    0.85066E+00   -0.28244E+02    0.40628E+07    0.24509E+03
   110    0.29542E+04    0.86258E+00   -0.28860E+02    0.40369E+07    0.00000E+00
   111    0.29866E+04    0.87428E+00   -0.29473E+02    0.40112E+07   -0.20706E+03
   112    0.30191E+04    0.88569E+00   -0.30082E+02    0.39857E+07   -0.37746E+03
   113    0.30518E+04    0.89681E+00   -0.30685E+02    0.39603E+07   -0.51367E+03
   114    0.30847E+04    0.90757E+00   -0.31281E+02    0.39351E+07   -0.61819E+03
   115    0.31177E+04    0.91812E+00   -0.31871E+02    0.39101E+07   -0.69347E+03
   116    0.31507E+04    0.92824E+00   -0.32453E+02    0.38852E+07   -0.74201E+03
   117    0.31840E+04    0.93799E+00   -0.33027E+02    0.38606E+07   -0.76627E+03
   118    0.32175E+04    0.94754E+00   -0.33593E+02    0.38361E+07   -0.76874E+03
   119    0.32510E+04    0.95672E+00   -0.34150E+02    0.38118E+07   -0.75189E+03
   120    0.32846E+04    0.96540E+00   -0.34697E+02    0.37876E+07   -0.71820E+03
   121    0.33181E+04    0.97386E+00   -0.35234E+02    0.37637E+07   -0.67015E+03
   122    0.33518E+04    0.98182E+00   -0.35761E+02    0.37399E+07   -0.61020E+03
   123    0.33855E+04    0.98935E+00   -0.36278E+02    0.37163E+07   -0.54085E+03
   124    0.34193E+04    0.99651E+00   -0.36781E+02    0.36929E+07   -0.46457E+03
   125    0.34530E+04    0.10033E+01   -0.37272E+02    0.36696E+07   -0.38383E+03
   126    0.34868E+04    0.10096E+01   -0.37752E+02    0.36466E+07   -0.30111E+03
   127    0.35206E+04    0.10155E+01   -0.38218E+02    0.36237E+07   -0.21889E+03
   128    0.35544E+04    0.10210E+01   -0.38672E+02    0.36010E+07   -0.13965E+03
   129    0.35883E+04    0.10260E+01   -0.39110E+02    0.35784E+07   -0.65859E+02
   130    0.36221E+04    0.10305E+01   -0.39534E+02    0.35561E+07    0.00000E+00
   131    0.36559E+04    0.10347E+01   -0.39944E+02    0.35339E+07    0.55972E+02
   132    0.36897E+04    0.10383E+01   -0.40338E+02    0.35120E+07    0.10218E+03
   133    0.37235E+04    0.10416E+01   -0.40717E+02    0.34902E+07    0.13928E+03
   134    0.37572E+04    0.10443E+01   -0.41078E+02    0.34685E+07    0.16790E+03
   135    0.37910E+04    0.10466E+01   -0.41423E+02    0.34471E+07    0.18869E+03
   136    0.38245E+04    0.10484E+01   -0.41748E+02    0.34258E+07    0.20230E+03
   137    0.38581E+04    0.10498E+01   -0.42057E+02    0.34047E+07    0.20938E+03
   138    0.38916E+04    0.10506E+01   -0.42347E+02    0.33838E+07    0.21056E+03
   139    0.39248E+04    0.10511E+01   -0.42617E+02    0.33631E+07    0.20649E+03
   140    0.39581E+04    0.10510E+01   -0.42869E+02    0.33425E+07    0.19783E+03
   141    0.39912E+04    0.10505E+01   -0.43101E+02    0.33221E+07    0.18521E+03
   142    0.40242E+04    0.10495E+01   -0.43313E+02    0.33019E+07    0.16927E+03
   143    0.40572E+04    0.10480E+01   -0.43504E+02    0.32818E+07    0.15067E+03
   144    0.40900E+04    0.10461E+01   -0.43675E+02    0.32619E+07    0.13005E+03
   145    0.41226E+04    0.10438E+01   -0.43825E+02    0.32422E+07    0.10805E+03
   146    0.41553E+04    0.10410E+01   -0.43954E+02    0.32226E+07    0.85325E+02
   147    0.41876E+04    0.10378E+01   -0.44060E+02    0.32032E+07    0.62510E+02
   148    0.42198E+04    0.10341E+01   -0.44145E+02    0.31840E+07    0.40254E+02
   149    0.42518E+04    0.10299E+01   -0.44207E+02    0.31649E+07    0.19203E+02
   150    0.42836E+04    0.10255E+01   -0.44245E+02    0.31460E+07    0.00000E+00
   151    0.43153E+04    0.10206E+01   -0.44261E+02    0.31273E+07   -0.16837E+02
   152    0.43466E+04    0.10152E+01   -0.44253E+02    0.31087E+07   -0.31305E+02
   153    0.43779E+04    0.10094E+01   -0.44220E+02    0.30903E+07   -0.43531E+02
   154    0.44089E+04    0.10033E+01   -0.44164E+02    0.30720E+07   -0.53640E+02
   155    0.44396E+04    0.99686E+00   -0.44083E+02    0.30539E+07   -0.61759E+02
   156    0.44700E+04    0.99006E+00   -0.43979E+02    0.30359E+07   -0.68013E+02
   157    0.45004E+04    0.98291E+00   -0.43849E+02    0.30181E+07   -0.72528E+02
   158    0.45304E+04    0.97548E+00   -0.43694E+02    0.30005E+07   -0.75430E+02
   159    0.45601E+04    0.96763E+00   -0.43515E+02    0.29830E+07   -0.76846E+02
   160    0.45896E+04    0.95949E+00   -0.43309E+02    0.29656E+07   -0.76900E+02
   161    0.46189E+04    0.95116E+00   -0.43079E+02    0.29484E+07   -0.75719E+02
   162    0.46479E+04    0.94247E+00   -0.42823E+02    0.29314E+07   -0.73429E+02
   163    0.46767E+04    0.93350E+00   -0.42542E+02    0.29145E+07   -0.70155E+02
   164    0.47051E+04    0.92433E+00   -0.42235E+02    0.28977E+07   -0.66024E+02
   165    0.47333E+04    0.91488E+00   -0.41902E+02    0.28811E+07   -0.61161E+02
   166    0.47612E+04    0.90529E+00   -0.41543E+02    0.28646E+07   -0.55693E+02
   167    0.47889E+04    0.89536E+00   -0.41159E+02    0.28483E+07   -0.49745E+02
   168    0.48162E+04    0.88543E+00   -0.40748E+02    0.28321E+07   -0.43443E+02
   169    0.48431E+04    0.87523E+00   -0.40309E+02    0.28161E+07   -0.36913E+02
   170    0.48697E+04    0.86497E+00   -0.39846E+02    0.28002E+07   -0.30282E+02
   171    0.48959E+04    0.85466E+00   -0.39354E+02    0.27844E+07   -0.23674E+02
   172    0.49217E+04    0.84420E+00   -0.38836E+02    0.27687E+07   -0.17216E+02
   173    0.49470E+04    0.83362E+00   -0.38292E+02    0.27532E+07   -0.11034E+02
   174    0.49720E+04    0.82320E+00   -0.37722E+02    0.27379E+07   -0.52530E+01
   175    0.49967E+04    0.81264E+00   -0.37124E+02    0.27226E+07    0.00000E+00
   176    0.50208E+04    0.80218E+00   -0.36499E+02    0.27075E+07    0.46257E+01
   177    0.50445E+04    0.79172E+00   -0.35849E+02    0.26925E+07    0.86288E+01
   178    0.50678E+04    0.78151E+00   -0.35171E+02    0.26777E+07    0.12040E+02
   179    0.50906E+04    0.77123E+00   -0.34466E+02    0.26630E+07    0.14891E+02
   180    0.51131E+04    0.76111E+00   -0.33736E+02    0.26484E+07    0.17212E+02
   181    0.51350E+04    0.75115E+00   -0.32980E+02    0.26339E+07    0.19034E+02
   182    0.51566E+04    0.74142E+00   -0.32197E+02    0.26196E+07    0.20389E+02
   183    0.51775E+04    0.73184E+00   -0.31389E+02    0.26053E+07    0.21306E+02
   184    0.51982E+04    0.72250E+00   -0.30554E+02    0.25912E+07    0.21817E+02
   185    0.52183E+04    0.71354E+00   -0.29695E+02    0.25773E+07    0.21953E+02
   186    0.52377E+04    0.70481E+00   -0.28809E+02    0.25634E+07    0.21745E+02
   187    0.52568E+04    0.69647E+00   -0.27897E+02    0.25497E+07    0.21223E+02
   188    0.52755E+04    0.68848E+00   -0.26961E+02    0.25360E+07    0.20419E+02
   189    0.52936E+04    0.68089E+00   -0.26000E+02    0.25225E+07    0.19364E+02
   190    0.53115E+04    0.67375E+00   -0.25015E+02    0.25091E+07    0.18088E+02
   191    0.53285E+04    0.66707E+00   -0.24004E+02    0.24958E+07    0.16622E+02
   192    0.53451E+04    0.66090E+00   -0.22969E+02    0.24826E+07    0.14998E+02
   193    0.53612E+04    0.65525E+00   -0.21911E+02    0.24696E+07    0.13246E+02
   194    0.53769E+04    0.65017E+00   -0.20829E+02    0.24566E+07    0.11397E+02
   195    0.53920E+04    0.64569E+00   -0.19724E+02    0.24438E+07    0.94816E+01
   196    0.54065E+04    0.64185E+00   -0.18595E+02    0.24310E+07    0.75316E+01
   197    0.54205E+04    0.63869E+00   -0.17445E+02    0.24184E+07    0.55775E+01
   198    0.54341E+04    0.63624E+00   -0.16272E+02    0.24059E+07    0.36503E+01
   199    0.54471E+04    0.63452E+00   -0.15078E+02    0.23934E+07    0.17808E+01
   200    0.54596E+04    0.63357E+00   -0.13862E+02    0.23811E+07    0.00000E+00
   201    0.54716E+04    0.63344E+00   -0.12625E+02    0.23689E+07   -0.16669E+01
   202    0.54830E+04    0.63415E+00   -0.11367E+02    0.23568E+07   -0.32172E+01
   203    0.54938E+04    0.63575E+00   -0.10088E+02    0.23447E+07   -0.46540E+01
   204    0.55040E+04    0.63826E+00   -0.87907E+01    0.23328E+07   -0.59803E+01
   205    0.55137E+04    0.64173E+00   -0.74733E+01    0.23210E+07   -0.71992E+01
   206    0.55227E+04    0.64619E+00   -0.61367E+01    0.23092E+07   -0.83136E+01
   207    0.55312E+04    0.65167E+00   -0.47814E+01    0.22976E+07   -0.93266E+01
   208    0.55389E+04    0.65821E+00   -0.34080E+01    0.22860E+07   -0.10241E+02
   209    0.55461E+04    0.66584E+00   -0.20168E+01    0.22746E+07   -0.11061E+02
   210    0.55526E+04    0.67461E+00   -0.60856E+00    0.22632E+07   -0.11788E+02
   211    0.55586E+04    0.68454E+00    0.81651E+00    0.22520E+07   -0.12425E+02
   212    0.55639E+04    0.69566E+00    0.22576E+01    0.22408E+07   -0.12977E+02
   213    0.55686E+04    0.70803E+00    0.37146E+01    0.22297E+07   -0.13445E+02
   214    0.55727E+04    0.72163E+00    0.51865E+01    0.22187E+07   -0.13833E+02
   215    0.55762E+04    0.73665E+00    0.66724E+01    0.22078E+07   -0.14144E+02
   216    0.55790E+04    0.75290E+00    0.81730E+01    0.21970E+07   -0.14381E+02
   217    0.55813E+04    0.77055E+00    0.96862E+01    0.21863E+07   -0.14547E+02
   218    0.55829E+04    0.78959E+00    0.11212E+02    0.21756E+07   -0.14645E+02
   219    0.55840E+04    0.81002E+00    0.12752E+02    0.21650E+07   -0.14678E+02
   220    0.55845E+04    0.83198E+00    0.14302E+02    0.21546E+07   -0.14649E+02
   221    0.55843E+04    0.85541E+00    0.15862E+02    0.21442E+07   -0.14561E+02
   222    0.55836E+04    0.88044E+00    0.17434E+02    0.21339E+07   -0.14417E+02
   223    0.55822E+04    0.90701E+00    0.19016E+02    0.21236E+07   -0.14220E+02
   224    0.55803E+04    0.93512E+00    0.20605E+02    0.21135E+07   -0.13973E+02
   225    0.55777E+04    0.96490E+00    0.22204E+02    0.21034E+07   -0.13679E+02
   226    0.55746E+04    0.99637E+00    0.23810E+02    0.20934E+07   -0.13342E+02
   227    0.55707E+04    0.10295E+01    0.25424E+02    0.20835E+07   -0.12964E+02
   228    0.55664E+04    0.10643E+01    0.27044E+02    0.20737E+07   -0.12548E+02
   229    0.55615E+04    0.11009E+01    0.28670E+02    0.20640E+07   -0.12098E+02
   230    0.55559E+04    0.11392E+01    0.30301E+02    0.20543E+07   -0.11616E+02
   231    0.55497E+04    0.11794E+01    0.31937E+02    0.20447E+07   -0.11105E+02
   232    0.55429E+04    0.12213E+01    0.33577E+02    0.20352E+07   -0.10569E+02
   233    0.55355E+04    0.12652E+01    0.35219E+02    0.20257E+07   -0.10010E+02
   234    0.55274E+04    0.13109E+01    0.36863E+02    0.20163E+07   -0.94318E+01
   235    0.55188E+04    0.13584E+01    0.38509E+02    0.20070E+07   -0.88370E+01
   236    0.55095E+04    0.14079E+01    0.40157E+02    0.19978E+07   -0.82288E+01
   237    0.54997E+04    0.14594E+01    0.41804E+02    0.19886E+07   -0.76102E+01
   238    0.54892E+04    0.15129E+01    0.43452E+02    0.19795E+07   -0.69841E+01
   239    0.54782E+04    0.15682E+01    0.45098E+02    0.19705E+07   -0.63538E+01
   240    0.54665E+04    0.16256E+01    0.46742E+02    0.19615E+07   -0.57221E+01
   241    0.54543E+04    0.16851E+01    0.48383E+02    0.19526E+07   -0.50921E+01
   242    0.54415E+04    0.17465E+01    0.50021E+02    0.19438E+07   -0.44669E+01
   243    0.54282E+04    0.18100E+01    0.51655E+02    0.19350E+07   -0.38494E+01
   244    0.54142E+04    0.18756E+01    0.53285E+02    0.19263E+07   -0.32428E+01
   245    0.53997E+04    0.19433E+01    0.54909E+02    0.19177E+07   -0.26500E+01
   246    0.53846E+04    0.20130E+01    0.56527E+02    0.19091E+07   -0.20741E+01
   247    0.53690E+04    0.20849E+01    0.58137E+02    0.19006E+07   -0.15181E+01
   248    0.53529E+04    0.21591E+01    0.59741E+02    0.18922E+07   -0.98510E+00
   249    0.53363E+04    0.22352E+01    0.61336E+02    0.18838E+07   -0.47804E+00
   250    0.53190E+04    0.23136E+01    0.62922E+02    0.18755E+07    0.00000E+00
   251    0.53014E+04    0.23941E+01    0.64498E+02    0.18672E+07    0.44664E+00
   252    0.52831E+04    0.24768E+01    0.66065E+02    0.18590E+07    0.86205E+00
   253    0.52644E+04    0.25615E+01    0.67620E+02    0.18508E+07    0.12470E+01
   254    0.52452E+04    0.26486E+01    0.69162E+02    0.18427E+07    0.16024E+01
   255    0.52255E+04    0.27377E+01    0.70694E+02    0.18347E+07    0.19290E+01
   256    0.52053E+04    0.28292E+01    0.72213E+02    0.18267E+07    0.22276E+01
   257    0.51847E+04    0.29227E+01    0.73712E+02    0.18188E+07    0.24991E+01
   258    0.51635E+04    0.30185E+01    0.75204E+02    0.18109E+07    0.27441E+01
   259    0.51419E+04    0.31165E+01    0.76675E+02    0.18031E+07    0.29637E+01
   260    0.51199E+04    0.32166E+01    0.78137E+02    0.17953E+07    0.31585E+01
   261    0.50975E+04    0.33189E+01    0.79571E+02    0.17876E+07    0.33294E+01
   262    0.50745E+04    0.34235E+01    0.80997E+02    0.17799E+07    0.34771E+01
   263    0.50513E+04    0.35302E+01    0.82408E+02    0.17723E+07    0.36026E+01
   264    0.50276E+04    0.36391E+01    0.83797E+02    0.17648E+07    0.37066E+01
   265    0.50033E+04    0.37501E+01    0.85157E+02    0.17573E+07    0.37900E+01
   266    0.49787E+04    0.38635E+01    0.86510E+02    0.17498E+07    0.38535E+01
   267    0.49536E+04    0.39788E+01    0.87833E+02    0.17424E+07    0.38979E+01
   268    0.49282E+04    0.40964E+01    0.89141E+02    0.17351E+07    0.39241E+01
   269    0.49022E+04    0.42161E+01    0.90428E+02    0.17278E+07    0.39329E+01
   270    0.48760E+04    0.43379E+01    0.91693E+02    0.17205E+07    0.39251E+01
   271    0.48494E+04    0.44618E+01    0.92935E+02    0.17133E+07    0.39015E+01
   272    0.48225E+04    0.45879E+01    0.94148E+02    0.17062E+07    0.38629E+01
   273    0.47952E+04    0.47159E+01    0.95347E+02    0.16991E+07    0.38101E+01
   274    0.47676E+04    0.48461E+01    0.96509E+02    0.16920E+07    0.37440E+01
   275    0.47396E+04    0.49782E+01    0.97656E+02    0.16850E+07    0.36654E+01
   276    0.47115E+04    0.51124E+01    0.98767E+02    0.16781E+07    0.35750E+01
   277    0.46828E+04    0.52486E+01    0.99863E+02    0.16711E+07    0.34737E+01
   278    0.46540E+04    0.53867E+01    0.10092E+03    0.16643E+07    0.33623E+01
   279    0.46248E+04    0.55268E+01    0.10195E+03    0.16575E+07    0.32416E+01
   280    0.45953E+04    0.56687E+01    0.10297E+03    0.16507E+07    0.31125E+01
   281    0.45657E+04    0.58126E+01    0.10395E+03    0.16439E+07    0.29756E+01
   282    0.45357E+04    0.59582E+01    0.10490E+03    0.16373E+07    0.28319E+01
   283    0.45055E+04    0.61057E+01    0.10582E+03    0.16306E+07    0.26822E+01
   284    0.44751E+04    0.62550E+01    0.10671E+03    0.16240E+07    0.25272E+01
   285    0.44444E+04    0.64062E+01    0.10757E+03    0.16174E+07    0.23679E+01
   286    0.44135E+04    0.65590E+01    0.10840E+03    0.16109E+07    0.22049E+01
   287    0.43824E+04    0.67135E+01    0.10920E+03    0.16045E+07    0.20391E+01
   288    0.43511E+04    0.68697E+01    0.10997E+03    0.15980E+07    0.18714E+01
   289    0.43195E+04    0.70275E+01    0.11070E+03    0.15916E+07    0.17025E+01
   290    0.42879E+04    0.71868E+01    0.11141E+03    0.15853E+07    0.15332E+01
   291    0.42560E+04    0.73482E+01    0.11208E+03    0.15790E+07    0.13644E+01
   292    0.42238E+04    0.75108E+01    0.11272E+03    0.15727E+07    0.11969E+01
   293    0.41917E+04    0.76741E+01    0.11332E+03    0.15665E+07    0.10314E+01
   294    0.41593E+04    0.78395E+01    0.11389E+03    0.15603E+07    0.86890E+00
   295    0.41269E+04    0.80057E+01    0.11443E+03    0.15541E+07    0.71007E+00
   296    0.40943E+04    0.81741E+01    0.11493E+03    0.15480E+07    0.55576E+00
   297    0.40616E+04    0.83425E+01    0.11541E+03    0.15419E+07    0.40678E+00
   298    0.40287E+04    0.85130E+01    0.11584E+03    0.15359E+07    0.26396E+00
   299    0.39958E+04    0.86851E+01    0.11623E+03    0.15298E+07    0.12809E+00
   300    0.39627E+04    0.88571E+01    0.11659E+03    0.15239E+07    0.00000E+00
   301    0.39296E+04    0.90306E+01    0.11692E+03    0.15179E+07   -0.11968E+00
   302    0.38964E+04    0.92048E+01    0.11722E+03    0.15120E+07   -0.23099E+00
   303    0.38632E+04    0.93805E+01    0.11747E+03    0.15062E+07   -0.33414E+00
   304    0.38299E+04    0.95576E+01    0.11769E+03    0.15003E+07   -0.42937E+00
   305    0.37966E+04    0.97348E+01    0.11787E+03    0.14945E+07   -0.51688E+00
   306    0.37633E+04    0.99126E+01    0.11801E+03    0.14888E+07   -0.59689E+00
   307    0.37299E+04    0.10091E+02    0.11812E+03    0.14830E+07   -0.66962E+00
   308    0.36966E+04    0.10272E+02    0.11820E+03    0.14773E+07   -0.73529E+00
   309    0.36633E+04    0.10452E+02    0.11823E+03    0.14717E+07   -0.79411E+00
   310    0.36299E+04    0.10632E+02    0.11823E+03    0.14660E+07   -0.84631E+00
   311    0.35966E+04    0.10814E+02    0.11818E+03    0.14604E+07   -0.89210E+00
   312    0.35634E+04    0.10996E+02    0.11811E+03    0.14549E+07   -0.93170E+00
   313    0.35302E+04    0.11178E+02    0.11799E+03    0.14493E+07   -0.96532E+00
   314    0.34971E+04    0.11361E+02    0.11785E+03    0.14438E+07   -0.99319E+00
   315    0.34640E+04    0.11544E+02    0.11766E+03    0.14383E+07   -0.10155E+01
   316    0.34310E+04    0.11727E+02    0.11743E+03    0.14329E+07   -0.10325E+01
   317    0.33981E+04    0.11909E+02    0.11716E+03    0.14275E+07   -0.10444E+01
   318    0.33653E+04    0.12093E+02    0.11686E+03    0.14221E+07   -0.10515E+01
   319    0.33326E+04    0.12276E+02    0.11653E+03    0.14168E+07   -0.10538E+01
   320    0.33000E+04    0.12459E+02    0.11616E+03    0.14114E+07   -0.10517E+01
   321    0.32676E+04    0.12642E+02    0.11575E+03    0.14062E+07   -0.10454E+01
   322    0.32352E+04    0.12825E+02    0.11530E+03    0.14009E+07   -0.10351E+01
   323    0.32030E+04    0.13007E+02    0.11482E+03    0.13957E+07   -0.10209E+01
   324    0.31710E+04    0.13190E+02    0.11429E+03    0.13905E+07   -0.10032E+01
   325    0.31392E+04    0.13370E+02    0.11374E+03    0.13853E+07   -0.98214E+00
   326    0.31074E+04    0.13552E+02    0.11314E+03    0.13802E+07   -0.95792E+00
   327    0.30759E+04    0.13733E+02    0.11251E+03    0.13751E+07   -0.93078E+00
   328    0.30446E+04    0.13912E+02    0.11185E+03    0.13700E+07   -0.90093E+00
   329    0.30134E+04    0.14092E+02    0.11115E+03    0.13649E+07   -0.86859E+00
   330    0.29825E+04    0.14270E+02    0.11040E+03    0.13599E+07   -0.83398E+00
   331    0.29518E+04    0.14447E+02    0.10963E+03    0.13549E+07   -0.79732E+00
   332    0.29213E+04    0.14625E+02    0.10883E+03    0.13499E+07   -0.75881E+00
   333    0.28910E+04    0.14800E+02    0.10800E+03    0.13450E+07   -0.71870E+00
   334    0.28610E+04    0.14976E+02    0.10712E+03    0.13401E+07   -0.67717E+00
   335    0.28312E+04    0.15148E+02    0.10621E+03    0.13352E+07   -0.63447E+00
   336    0.28016E+04    0.15321E+02    0.10527E+03    0.13303E+07   -0.59080E+00
   337    0.27724E+04    0.15492E+02    0.10429E+03    0.13255E+07   -0.54638E+00
   338    0.27433E+04    0.15662E+02    0.10328E+03    0.13207E+07   -0.50144E+00
   339    0.27146E+04    0.15831E+02    0.10224E+03    0.13159E+07   -0.45618E+00
   340    0.26861E+04    0.15998E+02    0.10118E+03    0.13111E+07   -0.41083E+00
   341    0.26579E+04    0.16163E+02    0.10007E+03    0.13064E+07   -0.36560E+00
   342    0.26300E+04    0.16328E+02    0.98927E+02    0.13017E+07   -0.32071E+00
   343    0.26024E+04    0.16490E+02    0.97759E+02    0.12970E+07   -0.27638E+00
   344    0.25752E+04    0.16651E+02    0.96561E+02    0.12924E+07   -0.23282E+00
   345    0.25482E+04    0.16810E+02    0.95334E+02    0.12877E+07   -0.19026E+00
   346    0.25215E+04    0.16967E+02    0.94084E+02    0.12831E+07   -0.14892E+00
   347    0.24952E+04    0.17122E+02    0.92798E+02    0.12785E+07   -0.10900E+00
   348    0.24692E+04    0.17275E+02    0.91482E+02    0.12740E+07   -0.70727E-01
   349    0.24435E+04    0.17426E+02    0.90136E+02    0.12694E+07   -0.34322E-01
   350    0.24181E+04    0.17575E+02    0.88768E+02    0.12649E+07    0.00000E+00
   351    0.23933E+04    0.17722E+02    0.87371E+02    0.12604E+07    0.32067E-01
   352    0.23686E+04    0.17866E+02    0.85944E+02    0.12559E+07    0.61892E-01
   353    0.23444E+04    0.18008E+02    0.84502E+02    0.12515E+07    0.89533E-01
   354    0.23204E+04    0.18148E+02    0.83024E+02    0.12471E+07    0.11505E+00
   355    0.22969E+04    0.18285E+02    0.81523E+02    0.12426E+07    0.13850E+00
   356    0.22737E+04    0.18421E+02    0.80007E+02    0.12383E+07    0.15994E+00
   357    0.22509E+04    0.18553E+02    0.78461E+02    0.12339E+07    0.17942E+00
   358    0.22286E+04    0.18682E+02    0.76901E+02    0.12296E+07    0.19702E+00
   359    0.22065E+04    0.18808E+02    0.75311E+02    0.12252E+07    0.21278E+00
   360    0.21849E+04    0.18933E+02    0.73703E+02    0.12210E+07    0.22677E+00
   361    0.21636E+04    0.19054E+02    0.72071E+02    0.12167E+07    0.23904E+00
   362    0.21428E+04    0.19173E+02    0.70420E+02    0.12124E+07    0.24965E+00
   363    0.21224E+04    0.19289E+02    0.68750E+02    0.12082E+07    0.25866E+00
   364    0.21024E+04    0.19401E+02    0.67059E+02    0.12040E+07    0.26612E+00
   365    0.20827E+04    0.19511E+02    0.65352E+02    0.11998E+07    0.27211E+00
   366    0.20635E+04    0.19618E+02    0.63627E+02    0.11956E+07    0.27667E+00
   367    0.20447E+04    0.19721E+02    0.61885E+02    0.11915E+07    0.27986E+00
   368    0.20263E+04    0.19821E+02    0.60128E+02    0.11873E+07    0.28174E+00
   369    0.20084E+04    0.19919E+02    0.58354E+02    0.11832E+07    0.28237E+00
   370    0.19908E+04    0.20013E+02    0.56568E+02    0.11792E+07    0.28181E+00
   371    0.19737E+04    0.20103E+02    0.54767E+02    0.11751E+07    0.28011E+00
   372    0.19570E+04    0.20190E+02    0.52954E+02    0.11710E+07    0.27734E+00
   373    0.19407E+04    0.20274E+02    0.51127E+02    0.11670E+07    0.27356E+00
   374    0.19249E+04    0.20355E+02    0.49289E+02    0.11630E+07    0.26881E+00
   375    0.19094E+04    0.20432E+02    0.47440E+02    0.11590E+07    0.26316E+00
   376    0.18944E+04    0.20506E+02    0.45581E+02    0.11550E+07    0.25667E+00
   377    0.18799E+04    0.20576E+02    0.43715E+02    0.11511E+07    0.24940E+00
   378    0.18658E+04    0.20642E+02    0.41837E+02    0.11472E+07    0.24140E+00
   379    0.18521E+04    0.20705E+02    0.39954E+02    0.11433E+07    0.23274E+00
   380    0.18389E+04    0.20766E+02    0.38062E+02    0.11394E+07    0.22346E+00
   381    0.18261E+04    0.20819E+02    0.36165E+02    0.11355E+07    0.21364E+00
   382    0.18136E+04    0.20872E+02    0.34263E+02    0.11316E+07    0.20332E+00
   383    0.18017E+04    0.20920E+02    0.32355E+02    0.11278E+07    0.19257E+00
   384    0.17903E+04    0.20963E+02    0.30444E+02    0.11240E+07    0.18145E+00
   385    0.17792E+04    0.21005E+02    0.28529E+02    0.11202E+07    0.17001E+00
   386    0.17685E+04    0.21042E+02    0.26612E+02    0.11164E+07    0.15830E+00
   387    0.17583E+04    0.21075E+02    0.24694E+02    0.11126E+07    0.14640E+00
   388    0.17485E+04    0.21104E+02    0.22775E+02    0.11089E+07    0.13436E+00
   389    0.17392E+04    0.21127E+02    0.20856E+02    0.11052E+07    0.12223E+00
   390    0.17302E+04    0.21149E+02    0.18938E+02    0.11014E+07    0.11008E+00
   391    0.17218E+04    0.21167E+02    0.17021E+02    0.10977E+07    0.97961E-01
   392    0.17137E+04    0.21182E+02    0.15108E+02    0.10941E+07    0.85933E-01
   393    0.17061E+04    0.21192E+02    0.13197E+02    0.10904E+07    0.74055E-01
   394    0.16989E+04    0.21199E+02    0.11290E+02    0.10868E+07    0.62385E-01
   395    0.16920E+04    0.21201E+02    0.93871E+01    0.10831E+07    0.50981E-01
   396    0.16857E+04    0.21199E+02    0.74908E+01    0.10795E+07    0.39902E-01
   397    0.16797E+04    0.21194E+02    0.56000E+01    0.10759E+07    0.29206E-01
   398    0.16741E+04    0.21185E+02    0.37160E+01    0.10724E+07    0.18951E-01
   399    0.16690E+04    0.21171E+02    0.18397E+01    0.10688E+07    0.91966E-02
   400    0.16642E+04    0.21155E+02   -0.28152E-01    0.10653E+07    0.00000E+00
   401    0.16599E+04    0.21134E+02   -0.18869E+01    0.10617E+07   -0.85924E-02
   402    0.16560E+04    0.21108E+02   -0.37355E+01    0.10582E+07   -0.16584E-01
   403    0.16525E+04    0.21080E+02   -0.55736E+01    0.10547E+07   -0.23990E-01
   404    0.16493E+04    0.21047E+02   -0.73995E+01    0.10513E+07   -0.30827E-01
   405    0.16466E+04    0.21010E+02   -0.92140E+01    0.10478E+07   -0.37110E-01
   406    0.16442E+04    0.20970E+02   -0.11015E+02    0.10443E+07   -0.42855E-01
   407    0.16423E+04    0.20925E+02   -0.12804E+02    0.10409E+07   -0.48076E-01
   408    0.16407E+04    0.20877E+02   -0.14576E+02    0.10375E+07   -0.52791E-01
   409    0.16395E+04    0.20826E+02   -0.16334E+02    0.10341E+07   -0.57015E-01
   410    0.16387E+04    0.20770E+02   -0.18077E+02    0.10307E+07   -0.60762E-01
   411    0.16383E+04    0.20711E+02   -0.19803E+02    0.10273E+07   -0.64050E-01
   412    0.16382E+04    0.20648E+02   -0.21512E+02    0.10240E+07   -0.66893E-01
   413    0.16384E+04    0.20581E+02   -0.23203E+02    0.10206E+07   -0.69307E-01
   414    0.16390E+04    0.20511E+02   -0.24877E+02    0.10173E+07   -0.71308E-01
   415    0.16400E+04    0.20438E+02   -0.26529E+02    0.10140E+07   -0.72911E-01
   416    0.16413E+04    0.20361E+02   -0.28164E+02    0.10107E+07   -0.74132E-01
   417    0.16429E+04    0.20281E+02   -0.29778E+02    0.10074E+07   -0.74987E-01
   418    0.16449E+04    0.20195E+02   -0.31371E+02    0.10042E+07   -0.75491E-01
   419    0.16472E+04    0.20108E+02   -0.32941E+02    0.10009E+07   -0.75661E-01
   420    0.16499E+04    0.20017E+02   -0.34490E+02    0.99768E+06   -0.75510E-01
   421    0.16529E+04    0.19923E+02   -0.36016E+02    0.99446E+06   -0.75056E-01
   422    0.16562E+04    0.19825E+02   -0.37519E+02    0.99125E+06   -0.74314E-01
   423    0.16598E+04    0.19723E+02   -0.38998E+02    0.98806E+06   -0.73299E-01
   424    0.16636E+04    0.19618E+02   -0.40453E+02    0.98488E+06   -0.72027E-01
   425    0.16678E+04    0.19510E+02   -0.41881E+02    0.98172E+06   -0.70514E-01
   426    0.16723E+04    0.19400E+02   -0.43285E+02    0.97857E+06   -0.68776E-01
   427    0.16771E+04    0.19285E+02   -0.44663E+02    0.97543E+06   -0.66827E-01
   428    0.16821E+04    0.19168E+02   -0.46013E+02    0.97231E+06   -0.64684E-01
   429    0.16874E+04    0.19048E+02   -0.47337E+02    0.96920E+06   -0.62362E-01
   430    0.16930E+04    0.18926E+02   -0.48633E+02    0.96610E+06   -0.59877E-01
   431    0.16989E+04    0.18800E+02   -0.49901E+02    0.96302E+06   -0.57245E-01
   432    0.17049E+04    0.18671E+02   -0.51142E+02    0.95996E+06   -0.54480E-01
   433    0.17113E+04    0.18540E+02   -0.52352E+02    0.95690E+06   -0.51600E-01
   434    0.17178E+04    0.18406E+02   -0.53535E+02    0.95386E+06   -0.48619E-01
   435    0.17246E+04    0.18270E+02   -0.54687E+02    0.95084E+06   -0.45553E-01
   436    0.17317E+04    0.18132E+02   -0.55810E+02    0.94782E+06   -0.42418E-01
   437    0.17389E+04    0.17990E+02   -0.56902E+02    0.94482E+06   -0.39229E-01
   438    0.17464E+04    0.17846E+02   -0.57962E+02    0.94184E+06   -0.36002E-01
   439    0.17541E+04    0.17701E+02   -0.58992E+02    0.93886E+06   -0.32752E-01
   440    0.17620E+04    0.17552E+02   -0.59990E+02    0.93590E+06   -0.29496E-01
   441    0.17702E+04    0.17402E+02   -0.60957E+02    0.93295E+06   -0.26249E-01
   442    0.17784E+04    0.17249E+02   -0.61892E+02    0.93002E+06   -0.23026E-01
   443    0.17869E+04    0.17094E+02   -0.62794E+02    0.92710E+06   -0.19843E-01
   444    0.17955E+04    0.16938E+02   -0.63663E+02    0.92419E+06   -0.16716E-01
   445    0.18043E+04    0.16779E+02   -0.64499E+02    0.92129E+06   -0.13660E-01
   446    0.18132E+04    0.16619E+02   -0.65301E+02    0.91841E+06   -0.10692E-01
   447    0.18223E+04    0.16458E+02   -0.66071E+02    0.91554E+06   -0.78257E-02
   448    0.18315E+04    0.16294E+02   -0.66808E+02    0.91268E+06   -0.50780E-02
   449    0.18410E+04    0.16129E+02   -0.67509E+02    0.90983E+06   -0.24642E-02
   450    0.18506E+04    0.15963E+02   -0.68178E+02    0.90700E+06    0.00000E+00
   451    0.18602E+04    0.15795E+02   -0.68812E+02    0.90417E+06    0.23023E-02
   452    0.18700E+04    0.15626E+02   -0.69413E+02    0.90136E+06    0.44437E-02
   453    0.18799E+04    0.15456E+02   -0.69979E+02    0.89856E+06    0.64282E-02
   454    0.18899E+04    0.15285E+02   -0.70512E+02    0.89578E+06    0.82601E-02
   455    0.18999E+04    0.15113E+02   -0.71011E+02    0.89300E+06    0.99436E-02
   456    0.19102E+04    0.14940E+02   -0.71469E+02    0.89024E+06    0.11483E-01
   457    0.19204E+04    0.14766E+02   -0.71902E+02    0.88749E+06    0.12882E-01
   458    0.19308E+04    0.14592E+02   -0.72290E+02    0.88475E+06    0.14145E-01
   459    0.19413E+04    0.14417E+02   -0.72649E+02    0.88203E+06    0.15277E-01
   460    0.19518E+04    0.14241E+02   -0.72972E+02    0.87931E+06    0.16281E-01
   461    0.19623E+04    0.14065E+02   -0.73261E+02    0.87661E+06    0.17162E-01
   462    0.19729E+04    0.13888E+02   -0.73510E+02    0.87392E+06    0.17924E-01
   463    0.19835E+04    0.13712E+02   -0.73737E+02    0.87123E+06    0.18571E-01
   464    0.19942E+04    0.13536E+02   -0.73912E+02    0.86857E+06    0.19107E-01
   465    0.20048E+04    0.13359E+02   -0.74066E+02    0.86591E+06    0.19536E-01
   466    0.20155E+04    0.13182E+02   -0.74175E+02    0.86326E+06    0.19864E-01
   467    0.20263E+04    0.13006E+02   -0.74255E+02    0.86063E+06    0.20093E-01
   468    0.20370E+04    0.12830E+02   -0.74298E+02    0.85800E+06    0.20228E-01
   469    0.20478E+04    0.12653E+02   -0.74312E+02    0.85539E+06    0.20273E-01
   470    0.20586E+04    0.12478E+02   -0.74289E+02    0.85279E+06    0.20233E-01
   471    0.20692E+04    0.12304E+02   -0.74229E+02    0.85020E+06    0.20111E-01
   472    0.20799E+04    0.12130E+02   -0.74140E+02    0.84762E+06    0.19912E-01
   473    0.20906E+04    0.11956E+02   -0.74013E+02    0.84506E+06    0.19640E-01
   474    0.21013E+04    0.11784E+02   -0.73858E+02    0.84250E+06    0.19300E-01
   475    0.21119E+04    0.11612E+02   -0.73665E+02    0.83995E+06    0.18894E-01
   476    0.21225E+04    0.11442E+02   -0.73437E+02    0.83742E+06    0.18428E-01
   477    0.21330E+04    0.11273E+02   -0.73185E+02    0.83489E+06    0.17906E-01
   478    0.21435E+04    0.11104E+02   -0.72889E+02    0.83238E+06    0.17332E-01
   479    0.21539E+04    0.10937E+02   -0.72573E+02    0.82988E+06    0.16710E-01
   480    0.21642E+04    0.10772E+02   -0.72219E+02    0.82739E+06    0.16044E-01
   481    0.21745E+04    0.10608E+02   -0.71830E+02    0.82491E+06    0.15339E-01
   482    0.21848E+04    0.10446E+02   -0.71413E+02    0.82243E+06    0.14598E-01
   483    0.21949E+04    0.10285E+02   -0.70968E+02    0.81997E+06    0.13826E-01
   484    0.22048E+04    0.10127E+02   -0.70491E+02    0.81752E+06    0.13027E-01
   485    0.22148E+04    0.99700E+01   -0.69983E+02    0.81509E+06    0.12206E-01
   486    0.22247E+04    0.98157E+01   -0.69445E+02    0.81266E+06    0.11366E-01
   487    0.22344E+04    0.96636E+01   -0.68879E+02    0.81024E+06    0.10511E-01
   488    0.22440E+04    0.95128E+01   -0.68283E+02    0.80783E+06    0.96466E-02
   489    0.22535E+04    0.93648E+01   -0.67658E+02    0.80543E+06    0.87759E-02
   490    0.22629E+04    0.92197E+01   -0.67004E+02    0.80304E+06    0.79034E-02
   491    0.22721E+04    0.90766E+01   -0.66325E+02    0.80067E+06    0.70333E-02
   492    0.22812E+04    0.89363E+01   -0.65618E+02    0.79830E+06    0.61697E-02
   493    0.22903E+04    0.87974E+01   -0.64883E+02    0.79594E+06    0.53169E-02
   494    0.22991E+04    0.86628E+01   -0.64123E+02    0.79359E+06    0.44790E-02
   495    0.23078E+04    0.85302E+01   -0.63337E+02    0.79125E+06    0.36603E-02
   496    0.23163E+04    0.84012E+01   -0.62526E+02    0.78893E+06    0.28648E-02
   497    0.23247E+04    0.82749E+01   -0.61690E+02    0.78661E+06    0.20969E-02
   498    0.23329E+04    0.81508E+01   -0.60831E+02    0.78430E+06    0.13606E-02
   499    0.23411E+04    0.80309E+01   -0.59947E+02    0.78200E+06    0.66028E-03
   500    0.23491E+04    0.79131E+01   -0.59041E+02    0.77971E+06    0.00000E+00
   501    0.23567E+04    0.77995E+01   -0.58113E+02    0.77743E+06   -0.61691E-03
   502    0.23644E+04    0.76895E+01   -0.57162E+02    0.77516E+06   -0.11907E-02
   503    0.23718E+04    0.75823E+01   -0.56191E+02    0.77290E+06   -0.17224E-02
   504    0.23789E+04    0.74786E+01   -0.55197E+02    0.77065E+06   -0.22133E-02
   505    0.23861E+04    0.73792E+01   -0.54186E+02    0.76841E+06   -0.26644E-02
   506    0.23929E+04    0.72835E+01   -0.53154E+02    0.76617E+06   -0.30768E-02
   507    0.23996E+04    0.71911E+01   -0.52103E+02    0.76395E+06   -0.34517E-02
   508    0.24061E+04    0.71032E+01   -0.51034E+02    0.76174E+06   -0.37902E-02
   509    0.24124E+04    0.70188E+01   -0.49948E+02    0.75953E+06   -0.40935E-02
   510    0.24184E+04    0.69385E+01   -0.48846E+02    0.75734E+06   -0.43625E-02
   511    0.24243E+04    0.68621E+01   -0.47727E+02    0.75515E+06   -0.45986E-02
   512    0.24299E+04    0.67899E+01   -0.46592E+02    0.75298E+06   -0.48027E-02
   513    0.24354E+04    0.67219E+01   -0.45443E+02    0.75081E+06   -0.49760E-02
   514    0.24407E+04    0.66581E+01   -0.44281E+02    0.74865E+06   -0.51197E-02
   515    0.24458E+04    0.65987E+01   -0.43104E+02    0.74650E+06   -0.52348E-02
   516    0.24506E+04    0.65437E+01   -0.41915E+02    0.74436E+06   -0.53225E-02
   517    0.24552E+04    0.64931E+01   -0.40714E+02    0.74223E+06   -0.53838E-02
   518    0.24596E+04    0.64469E+01   -0.39502E+02    0.74010E+06   -0.54200E-02
   519    0.24639E+04    0.64054E+01   -0.38279E+02    0.73799E+06   -0.54322E-02
   520    0.24679E+04    0.63683E+01   -0.37046E+02    0.73588E+06   -0.54214E-02
   521    0.24715E+04    0.63358E+01   -0.35804E+02    0.73379E+06   -0.53888E-02
   522    0.24750E+04    0.63082E+01   -0.34554E+02    0.73170E+06   -0.53355E-02
   523    0.24783E+04    0.62852E+01   -0.33296E+02    0.72962E+06   -0.52626E-02
   524    0.24814E+04    0.62669E+01   -0.32031E+02    0.72755E+06   -0.51713E-02
   525    0.24841E+04    0.62534E+01   -0.30759E+02    0.72549E+06   -0.50627E-02
   526    0.24867E+04    0.62448E+01   -0.29482E+02    0.72344E+06   -0.49379E-02
   527    0.24893E+04    0.62409E+01   -0.28200E+02    0.72139E+06   -0.47980E-02
   528    0.24914E+04    0.62419E+01   -0.26915E+02    0.71936E+06   -0.46441E-02
   529    0.24933E+04    0.62481E+01   -0.25625E+02    0.71733E+06   -0.44774E-02
   530    0.24950E+04    0.62591E+01   -0.24335E+02    0.71531E+06   -0.42990E-02
   531    0.24966E+04    0.62749E+01   -0.23040E+02    0.71330E+06   -0.41100E-02
   532    0.24978E+04    0.62959E+01   -0.21746E+02    0.71130E+06   -0.39115E-02
   533    0.24988E+04    0.63219E+01   -0.20451E+02    0.70930E+06   -0.37047E-02
   534    0.24995E+04    0.63529E+01   -0.19157E+02    0.70732E+06   -0.34907E-02
   535    0.25000E+04    0.63890E+01   -0.17864E+02    0.70534E+06   -0.32706E-02
   536    0.25004E+04    0.64301E+01   -0.16572E+02    0.70337E+06   -0.30455E-02
   537    0.25005E+04    0.64763E+01   -0.15283E+02    0.70141E+06   -0.28165E-02
   538    0.25003E+04    0.65277E+01   -0.13997E+02    0.69946E+06   -0.25848E-02
   539    0.25000E+04    0.65840E+01   -0.12716E+02    0.69752E+06   -0.23515E-02
   540    0.24994E+04    0.66457E+01   -0.11439E+02    0.69558E+06   -0.21177E-02
   541    0.24985E+04    0.67122E+01   -0.10167E+02    0.69365E+06   -0.18846E-02
   542    0.24975E+04    0.67840E+01   -0.89027E+01    0.69173E+06   -0.16532E-02
   543    0.24962E+04    0.68609E+01   -0.76445E+01    0.68982E+06   -0.14247E-02
   544    0.24948E+04    0.69429E+01   -0.63940E+01    0.68791E+06   -0.12001E-02
   545    0.24930E+04    0.70299E+01   -0.51515E+01    0.68602E+06   -0.98076E-03
   546    0.24911E+04    0.71218E+01   -0.39182E+01    0.68413E+06   -0.76763E-03
   547    0.24889E+04    0.72188E+01   -0.26943E+01    0.68225E+06   -0.56186E-03
   548    0.24866E+04    0.73208E+01   -0.14808E+01    0.68037E+06   -0.36458E-03
   549    0.24840E+04    0.74279E+01   -0.27851E+00    0.67851E+06   -0.17692E-03
   550    0.24812E+04    0.75401E+01    0.91214E+00    0.67665E+06    0.00000E+00
   551    0.24783E+04    0.76574E+01    0.20905E+01    0.67480E+06    0.16530E-03
   552    0.24750E+04    0.77797E+01    0.32555E+01    0.67295E+06    0.31904E-03
   553    0.24716E+04    0.79056E+01    0.44069E+01    0.67112E+06    0.46153E-03
   554    0.24680E+04    0.80381E+01    0.55439E+01    0.66929E+06    0.59305E-03
   555    0.24642E+04    0.81750E+01    0.66656E+01    0.66747E+06    0.71392E-03
   556    0.24602E+04    0.83169E+01    0.77720E+01    0.66566E+06    0.82443E-03
   557    0.24560E+04    0.84632E+01    0.88611E+01    0.66385E+06    0.92489E-03
   558    0.24515E+04    0.86154E+01    0.99336E+01    0.66205E+06    0.10156E-02
   559    0.24469E+04    0.87712E+01    0.10989E+02    0.66026E+06    0.10968E-02
   560    0.24422E+04    0.89313E+01    0.12025E+02    0.65848E+06    0.11689E-02
   561    0.24371E+04    0.90966E+01    0.13042E+02    0.65671E+06    0.12322E-02
   562    0.24320E+04    0.92669E+01    0.14040E+02    0.65494E+06    0.12869E-02
   563    0.24266E+04    0.94410E+01    0.15020E+02    0.65317E+06    0.13333E-02
   564    0.24212E+04    0.96208E+01    0.15976E+02    0.65142E+06    0.13718E-02
   565    0.24155E+04    0.98037E+01    0.16913E+02    0.64967E+06    0.14027E-02
   566    0.24096E+04    0.99916E+01    0.17827E+02    0.64793E+06    0.14262E-02
   567    0.24036E+04    0.10183E+02    0.18719E+02    0.64620E+06    0.14426E-02
   568    0.23975E+04    0.10380E+02    0.19588E+02    0.64448E+06    0.14523E-02
   569    0.23911E+04    0.10581E+02    0.20435E+02    0.64276E+06    0.14556E-02
   570    0.23847E+04    0.10786E+02    0.21256E+02    0.64105E+06    0.14527E-02
   571    0.23780E+04    0.10995E+02    0.22053E+02    0.63934E+06    0.14439E-02
   572    0.23712E+04    0.11208E+02    0.22826E+02    0.63764E+06    0.14297E-02
   573    0.23643E+04    0.11425E+02    0.23573E+02    0.63595E+06    0.14101E-02
   574    0.23572E+04    0.11646E+02    0.24294E+02    0.63427E+06    0.13857E-02
   575    0.23500E+04    0.11870E+02    0.24989E+02    0.63259E+06    0.13566E-02
   576    0.23427E+04    0.12098E+02    0.25657E+02    0.63092E+06    0.13231E-02
   577    0.23352E+04    0.12330E+02    0.26299E+02    0.62926E+06    0.12856E-02
   578    0.23276E+04    0.12566E+02    0.26912E+02    0.62760E+06    0.12444E-02
   579    0.23199E+04    0.12805E+02    0.27499E+02    0.62595E+06    0.11997E-02
   580    0.23122E+04    0.13048E+02    0.28056E+02    0.62431E+06    0.11519E-02
   581    0.23041E+04    0.13293E+02    0.28585E+02    0.62267E+06    0.11013E-02
   582    0.22961E+04    0.13542E+02    0.29086E+02    0.62104E+06    0.10481E-02
   583    0.22879E+04    0.13795E+02    0.29556E+02    0.61942E+06    0.99269E-03
   584    0.22797E+04    0.14050E+02    0.29997E+02    0.61780E+06    0.93534E-03
   585    0.22714E+04    0.14308E+02    0.30408E+02    0.61619E+06    0.87635E-03
   586    0.22630E+04    0.14569E+02    0.30789E+02    0.61459E+06    0.81604E-03
   587    0.22545E+04    0.14833E+02    0.31139E+02    0.61299E+06    0.75469E-03
   588    0.22459E+04    0.15099E+02    0.31458E+02    0.61140E+06    0.69260E-03
   589    0.22372E+04    0.15369E+02    0.31747E+02    0.60982E+06    0.63009E-03
   590    0.22285E+04    0.15640E+02    0.32005E+02    0.60824E+06    0.56745E-03
   591    0.22197E+04    0.15915E+02    0.32230E+02    0.60667E+06    0.50497E-03
   592    0.22109E+04    0.16191E+02    0.32424E+02    0.60510E+06    0.44297E-03
   593    0.22019E+04    0.16470E+02    0.32587E+02    0.60354E+06    0.38174E-03
   594    0.21928E+04    0.16751E+02    0.32716E+02    0.60199E+06    0.32158E-03
   595    0.21838E+04    0.17033E+02    0.32815E+02    0.60044E+06    0.26280E-03
   596    0.21747E+04    0.17318E+02    0.32880E+02    0.59890E+06    0.20569E-03
   597    0.21656E+04    0.17603E+02    0.32914E+02    0.59737E+06    0.15055E-03
   598    0.21567E+04    0.17891E+02    0.32915E+02    0.59584E+06    0.97692E-04
   599    0.21475E+04    0.18181E+02    0.32884E+02    0.59432E+06    0.47407E-04
   600    0.21383E+04    0.18472E+02    0.32820E+02    0.59280E+06    0.00000E+00
   601    0.21291E+04    0.18764E+02    0.32723E+02    0.59129E+06   -0.44293E-04
   602    0.21199E+04    0.19057E+02    0.32593E+02    0.58979E+06   -0.85489E-04
   603    0.21106E+04    0.19352E+02    0.32432E+02    0.58829E+06   -0.12367E-03
   604    0.21014E+04    0.19648E+02    0.32237E+02    0.58680E+06   -0.15891E-03
   605    0.20922E+04    0.19944E+02    0.32010E+02    0.58531E+06   -0.19130E-03
   606    0.20830E+04    0.20241E+02    0.31750E+02    0.58383E+06   -0.22091E-03
   607    0.20736E+04    0.20538E+02    0.31457E+02    0.58236E+06   -0.24783E-03
   608    0.20644E+04    0.20837E+02    0.31131E+02    0.58089E+06   -0.27214E-03
   609    0.20553E+04    0.21135E+02    0.30772E+02    0.57943E+06   -0.29391E-03
   610    0.20461E+04    0.21433E+02    0.30381E+02    0.57797E+06   -0.31323E-03
   611    0.20370E+04    0.21732E+02    0.29957E+02    0.57652E+06   -0.33018E-03
   612    0.20279E+04    0.22032E+02    0.29502E+02    0.57508E+06   -0.34484E-03
   613    0.20188E+04    0.22330E+02    0.29014E+02    0.57364E+06   -0.35728E-03
   614    0.20097E+04    0.22628E+02    0.28493E+02    0.57220E+06   -0.36760E-03
   615    0.20007E+04    0.22926E+02    0.27940E+02    0.57078E+06   -0.37586E-03
   616    0.19918E+04    0.23224E+02    0.27357E+02    0.56935E+06   -0.38216E-03
   617    0.19830E+04    0.23522E+02    0.26741E+02    0.56794E+06   -0.38657E-03
   618    0.19742E+04    0.23819E+02    0.26093E+02    0.56653E+06   -0.38917E-03
   619    0.19653E+04    0.24116E+02    0.25416E+02    0.56512E+06   -0.39004E-03
   620    0.19567E+04    0.24410E+02    0.24707E+02    0.56372E+06   -0.38927E-03
   621    0.19480E+04    0.24705E+02    0.23967E+02    0.56233E+06   -0.38693E-03
   622    0.19395E+04    0.24998E+02    0.23197E+02    0.56094E+06   -0.38310E-03
   623    0.19311E+04    0.25290E+02    0.22397E+02    0.55955E+06   -0.37787E-03
   624    0.19226E+04    0.25579E+02    0.21567E+02    0.55818E+06   -0.37132E-03
   625    0.19143E+04    0.25868E+02    0.20707E+02    0.55680E+06   -0.36352E-03
   626    0.19061E+04    0.26155E+02    0.19818E+02    0.55544E+06   -0.35456E-03
   627    0.18980E+04    0.26441E+02    0.18900E+02    0.55407E+06   -0.34452E-03
   628    0.18900E+04    0.26724E+02    0.17954E+02    0.55272E+06   -0.33347E-03
   629    0.18822E+04    0.27005E+02    0.16979E+02    0.55137E+06   -0.32150E-03
   630    0.18743E+04    0.27284E+02    0.15975E+02    0.55002E+06   -0.30869E-03
   631    0.18666E+04    0.27561E+02    0.14945E+02    0.54868E+06   -0.29512E-03
   632    0.18591E+04    0.27836E+02    0.13887E+02    0.54735E+06   -0.28087E-03
   633    0.18515E+04    0.28109E+02    0.12802E+02    0.54602E+06   -0.26602E-03
   634    0.18442E+04    0.28378E+02    0.11692E+02    0.54469E+06   -0.25066E-03
   635    0.18371E+04    0.28645E+02    0.10556E+02    0.54337E+06   -0.23485E-03
   636    0.18299E+04    0.28911E+02    0.93947E+01    0.54206E+06   -0.21869E-03
   637    0.18229E+04    0.29171E+02    0.82077E+01    0.54075E+06   -0.20225E-03
   638    0.18161E+04    0.29430E+02    0.69971E+01    0.53944E+06   -0.18561E-03
   639    0.18095E+04    0.29686E+02    0.57618E+01    0.53814E+06   -0.16886E-03
   640    0.18029E+04    0.29939E+02    0.45035E+01    0.53685E+06   -0.15208E-03
   641    0.17965E+04    0.30188E+02    0.32222E+01    0.53556E+06   -0.13533E-03
   642    0.17902E+04    0.30433E+02    0.19184E+01    0.53428E+06   -0.11872E-03
   643    0.17841E+04    0.30677E+02    0.59276E+00    0.53300E+06   -0.10231E-03
   644    0.17782E+04    0.30914E+02   -0.75415E+00    0.53172E+06   -0.86189E-04
   645    0.17724E+04    0.31149E+02   -0.21221E+01    0.53045E+06   -0.70434E-04
   646    0.17667E+04    0.31381E+02   -0.35103E+01    0.52919E+06   -0.55129E-04
   647    0.17613E+04    0.31608E+02   -0.49188E+01    0.52793E+06   -0.40352E-04
   648    0.17559E+04    0.31832E+02   -0.63457E+01    0.52668E+06   -0.26184E-04
   649    0.17508E+04    0.32051E+02   -0.77916E+01    0.52543E+06   -0.12707E-04
   650    0.17458E+04    0.32265E+02   -0.92552E+01    0.52418E+06    0.00000E+00
   651    0.17410E+04    0.32477E+02   -0.10736E+02    0.52294E+06    0.11873E-04
   652    0.17363E+04    0.32684E+02   -0.12235E+02    0.52171E+06    0.22916E-04
   653    0.17319E+04    0.32886E+02   -0.13748E+02    0.52047E+06    0.33151E-04
   654    0.17276E+04    0.33083E+02   -0.15277E+02    0.51925E+06    0.42599E-04
   655    0.17234E+04    0.33277E+02   -0.16821E+02    0.51803E+06    0.51283E-04
   656    0.17195E+04    0.33466E+02   -0.18379E+02    0.51681E+06    0.59223E-04
   657    0.17157E+04    0.33650E+02   -0.19950E+02    0.51560E+06    0.66442E-04
   658    0.17121E+04    0.33829E+02   -0.21534E+02    0.51439E+06    0.72960E-04
   659    0.17087E+04    0.34004E+02   -0.23130E+02    0.51319E+06    0.78800E-04
   660    0.17055E+04    0.34173E+02   -0.24737E+02    0.51199E+06    0.83982E-04
   661    0.17025E+04    0.34337E+02   -0.26354E+02    0.51080E+06    0.88529E-04
   662    0.16997E+04    0.34497E+02   -0.27982E+02    0.50961E+06    0.92462E-04
   663    0.16970E+04    0.34651E+02   -0.29620E+02    0.50842E+06    0.95803E-04
   664    0.16946E+04    0.34800E+02   -0.31266E+02    0.50724E+06    0.98573E-04
   665    0.16922E+04    0.34943E+02   -0.32920E+02    0.50607E+06    0.10079E-03
   666    0.16901E+04    0.35082E+02   -0.34581E+02    0.50489E+06    0.10249E-03
   667    0.16883E+04    0.35215E+02   -0.36249E+02    0.50373E+06    0.10367E-03
   668    0.16864E+04    0.35342E+02   -0.37923E+02    0.50256E+06    0.10437E-03
   669    0.16850E+04    0.35465E+02   -0.39602E+02    0.50141E+06    0.10461E-03
   670    0.16836E+04    0.35581E+02   -0.41284E+02    0.50025E+06    0.10441E-03
   671    0.16825E+04    0.35693E+02   -0.42971E+02    0.49910E+06    0.10379E-03
   672    0.16815E+04    0.35798E+02   -0.44661E+02    0.49796E+06    0.10277E-03
   673    0.16808E+04    0.35899E+02   -0.46352E+02    0.49681E+06    0.10137E-03
   674    0.16802E+04    0.35994E+02   -0.48046E+02    0.49568E+06    0.99617E-04
   675    0.16799E+04    0.36082E+02   -0.49740E+02    0.49454E+06    0.97530E-04
   676    0.16797E+04    0.36165E+02   -0.51433E+02    0.49342E+06    0.95132E-04
   677    0.16797E+04    0.36242E+02   -0.53127E+02    0.49229E+06    0.92442E-04
   678    0.16799E+04    0.36313E+02   -0.54819E+02    0.49117E+06    0.89484E-04
   679    0.16803E+04    0.36379E+02   -0.56509E+02    0.49005E+06    0.86279E-04
   680    0.16810E+04    0.36439E+02   -0.58196E+02    0.48894E+06    0.82847E-04
   681    0.16818E+04    0.36493E+02   -0.59879E+02    0.48783E+06    0.79212E-04
   682    0.16828E+04    0.36540E+02   -0.61558E+02    0.48673E+06    0.75393E-04
   683    0.16840E+04    0.36583E+02   -0.63234E+02    0.48563E+06    0.71414E-04
   684    0.16854E+04    0.36618E+02   -0.64904E+02    0.48453E+06    0.67295E-04
   685    0.16868E+04    0.36648E+02   -0.66568E+02    0.48344E+06    0.63058E-04
   686    0.16885E+04    0.36672E+02   -0.68217E+02    0.48235E+06    0.58724E-04
   687    0.16905E+04    0.36691E+02   -0.69862E+02    0.48126E+06    0.54316E-04
   688    0.16926E+04    0.36702E+02   -0.71501E+02    0.48018E+06    0.49854E-04
   689    0.16949E+04    0.36708E+02   -0.73127E+02    0.47911E+06    0.45360E-04
   690    0.16973E+04    0.36709E+02   -0.74747E+02    0.47803E+06    0.40856E-04
   691    0.17000E+04    0.36701E+02   -0.76354E+02    0.47696E+06    0.36364E-04
   692    0.17028E+04    0.36690E+02   -0.77947E+02    0.47590E+06    0.31904E-04
   693    0.17058E+04    0.36672E+02   -0.79535E+02    0.47483E+06    0.27499E-04
   694    0.17089E+04    0.36648E+02   -0.81102E+02    0.47378E+06    0.23170E-04
   695    0.17123E+04    0.36619E+02   -0.82656E+02    0.47272E+06    0.18939E-04
   696    0.17159E+04    0.36583E+02   -0.84212E+02    0.47167E+06    0.14826E-04
   697    0.17196E+04    0.36542E+02   -0.85739E+02    0.47062E+06    0.10855E-04
   698    0.17234E+04    0.36494E+02   -0.87254E+02    0.46958E+06    0.70454E-05
   699    0.17274E+04    0.36441E+02   -0.88748E+02    0.46854E+06    0.34200E-05
   700    0.17317E+04    0.36381E+02   -0.90229E+02    0.46750E+06    0.00000E+00
   701    0.17360E+04    0.36316E+02   -0.91696E+02    0.46647E+06   -0.31976E-05
   702    0.17406E+04    0.36246E+02   -0.93136E+02    0.46544E+06   -0.61738E-05
   703    0.17452E+04    0.36169E+02   -0.94578E+02    0.46441E+06   -0.89345E-05
   704    0.17500E+04    0.36087E+02   -0.95985E+02    0.46339E+06   -0.11485E-04
   705    0.17549E+04    0.35999E+02   -0.97371E+02    0.46237E+06   -0.13832E-04
   706    0.17601E+04    0.35906E+02   -0.98743E+02    0.46135E+06   -0.15979E-04
   707    0.17653E+04    0.35807E+02   -0.10010E+03    0.46034E+06   -0.17934E-04
   708    0.17708E+04    0.35702E+02   -0.10141E+03    0.45933E+06   -0.19702E-04
   709    0.17763E+04    0.35593E+02   -0.10272E+03    0.45833E+06   -0.21288E-04
   710    0.17820E+04    0.35477E+02   -0.10401E+03    0.45733E+06   -0.22698E-04
   711    0.17878E+04    0.35356E+02   -0.10526E+03    0.45633E+06   -0.23938E-04
   712    0.17938E+04    0.35230E+02   -0.10650E+03    0.45533E+06   -0.25013E-04
   713    0.17999E+04    0.35098E+02   -0.10771E+03    0.45434E+06   -0.25930E-04
   714    0.18061E+04    0.34962E+02   -0.10890E+03    0.45335E+06   -0.26693E-04
   715    0.18124E+04    0.34821E+02   -0.11006E+03    0.45237E+06   -0.27308E-04
   716    0.18189E+04    0.34673E+02   -0.11120E+03    0.45139E+06   -0.27782E-04
   717    0.18255E+04    0.34522E+02   -0.11230E+03    0.45041E+06   -0.28120E-04
   718    0.18321E+04    0.34366E+02   -0.11339E+03    0.44944E+06   -0.28327E-04
   719    0.18389E+04    0.34202E+02   -0.11444E+03    0.44847E+06   -0.28409E-04
   720    0.18457E+04    0.34036E+02   -0.11547E+03    0.44750E+06   -0.28372E-04
   721    0.18528E+04    0.33865E+02   -0.11646E+03    0.44654E+06   -0.28222E-04
   722    0.18599E+04    0.33689E+02   -0.11742E+03    0.44558E+06   -0.27964E-04
   723    0.18671E+04    0.33509E+02   -0.11836E+03    0.44462E+06   -0.27604E-04
   724    0.18744E+04    0.33323E+02   -0.11928E+03    0.44367E+06   -0.27147E-04
   725    0.18817E+04    0.33134E+02   -0.12015E+03    0.44272E+06   -0.26599E-04
   726    0.18893E+04    0.32943E+02   -0.12099E+03    0.44177E+06   -0.25966E-04
   727    0.18968E+04    0.32745E+02   -0.12182E+03    0.44083E+06   -0.25254E-04
   728    0.19044E+04    0.32542E+02   -0.12260E+03    0.43989E+06   -0.24468E-04
   729    0.19121E+04    0.32335E+02   -0.12336E+03    0.43896E+06   -0.23614E-04
   730    0.19198E+04    0.32126E+02   -0.12408E+03    0.43802E+06   -0.22698E-04
   731    0.19277E+04    0.31911E+02   -0.12477E+03    0.43710E+06   -0.21725E-04
   732    0.19356E+04    0.31694E+02   -0.12542E+03    0.43617E+06   -0.20701E-04
   733    0.19436E+04    0.31472E+02   -0.12605E+03    0.43525E+06   -0.19631E-04
   734    0.19516E+04    0.31247E+02   -0.12663E+03    0.43433E+06   -0.18522E-04
   735    0.19597E+04    0.31018E+02   -0.12719E+03    0.43342E+06   -0.17378E-04
   736    0.19678E+04    0.30785E+02   -0.12771E+03    0.43251E+06   -0.16206E-04
   737    0.19760E+04    0.30551E+02   -0.12820E+03    0.43160E+06   -0.15012E-04
   738    0.19841E+04    0.30313E+02   -0.12864E+03    0.43069E+06   -0.13800E-04
   739    0.19924E+04    0.30071E+02   -0.12906E+03    0.42979E+06   -0.12577E-04
   740    0.20006E+04    0.29826E+02   -0.12945E+03    0.42890E+06   -0.11349E-04
   741    0.20089E+04    0.29578E+02   -0.12980E+03    0.42800E+06   -0.10120E-04
   742    0.20173E+04    0.29329E+02   -0.13011E+03    0.42711E+06   -0.88976E-05
   743    0.20256E+04    0.29078E+02   -0.13039E+03    0.42622E+06   -0.76861E-05
   744    0.20340E+04    0.28823E+02   -0.13063E+03    0.42534E+06   -0.64916E-05
   745    0.20424E+04    0.28566E+02   -0.13084E+03    0.42446E+06   -0.53198E-05
   746    0.20507E+04    0.28307E+02   -0.13100E+03    0.42358E+06   -0.41764E-05
   747    0.20590E+04    0.28045E+02   -0.13114E+03    0.42271E+06   -0.30671E-05
   748    0.20674E+04    0.27782E+02   -0.13124E+03    0.42184E+06   -0.19974E-05
   749    0.20759E+04    0.27515E+02   -0.13131E+03    0.42098E+06   -0.97317E-06
   750    0.20842E+04    0.27248E+02   -0.13134E+03    0.42011E+06    0.00000E+00
   751    0.20926E+04    0.26978E+02   -0.13134E+03    0.41925E+06    0.91756E-06
   752    0.21010E+04    0.26708E+02   -0.13129E+03    0.41840E+06    0.17795E-05
   753    0.21093E+04    0.26435E+02   -0.13121E+03    0.41755E+06    0.25870E-05
   754    0.21175E+04    0.26162E+02   -0.13109E+03    0.41670E+06    0.33411E-05
   755    0.21259E+04    0.25887E+02   -0.13094E+03    0.41585E+06    0.40431E-05
   756    0.21340E+04    0.25612E+02   -0.13075E+03    0.41501E+06    0.46939E-05
   757    0.21423E+04    0.25336E+02   -0.13052E+03    0.41417E+06    0.52949E-05
   758    0.21504E+04    0.25058E+02   -0.13026E+03    0.41333E+06    0.58470E-05
   759    0.21586E+04    0.24780E+02   -0.12997E+03    0.41250E+06    0.63514E-05
   760    0.21666E+04    0.24501E+02   -0.12964E+03    0.41166E+06    0.68094E-05
   761    0.21745E+04    0.24222E+02   -0.12927E+03    0.41084E+06    0.72219E-05
   762    0.21826E+04    0.23943E+02   -0.12887E+03    0.41001E+06    0.75902E-05
   763    0.21904E+04    0.23665E+02   -0.12843E+03    0.40919E+06    0.79153E-05
   764    0.21983E+04    0.23386E+02   -0.12797E+03    0.40837E+06    0.81985E-05
   765    0.22060E+04    0.23106E+02   -0.12746E+03    0.40755E+06    0.84408E-05
   766    0.22137E+04    0.22828E+02   -0.12692E+03    0.40673E+06    0.86434E-05
   767    0.22213E+04    0.22551E+02   -0.12634E+03    0.40592E+06    0.88074E-05
   768    0.22288E+04    0.22273E+02   -0.12572E+03    0.40511E+06    0.89339E-05
   769    0.22362E+04    0.21996E+02   -0.12508E+03    0.40430E+06    0.90241E-05
   770    0.22435E+04    0.21720E+02   -0.12441E+03    0.40349E+06    0.90792E-05
   771    0.22508E+04    0.21445E+02   -0.12369E+03    0.40269E+06    0.91002E-05
   772    0.22579E+04    0.21171E+02   -0.12294E+03    0.40188E+06    0.90882E-05
   773    0.22649E+04    0.20899E+02   -0.12216E+03    0.40108E+06    0.90446E-05
   774    0.22718E+04    0.20628E+02   -0.12135E+03    0.40028E+06    0.89702E-05
   775    0.22787E+04    0.20359E+02   -0.12051E+03    0.39949E+06    0.88664E-05
   776    0.22853E+04    0.20091E+02   -0.11964E+03    0.39869E+06    0.87342E-05
   777    0.22918E+04    0.19825E+02   -0.11873E+03    0.39790E+06    0.85747E-05
   778    0.22985E+04    0.19562E+02   -0.11778E+03    0.39710E+06    0.83892E-05
   779    0.23047E+04    0.19300E+02   -0.11681E+03    0.39631E+06    0.81786E-05
   780    0.23109E+04    0.19039E+02   -0.11581E+03    0.39553E+06    0.79443E-05
   781    0.23170E+04    0.18782E+02   -0.11478E+03    0.39474E+06    0.76872E-05
   782    0.23229E+04    0.18527E+02   -0.11374E+03    0.39395E+06    0.74086E-05
   783    0.23287E+04    0.18274E+02   -0.11264E+03    0.39317E+06    0.71096E-05
   784    0.23344E+04    0.18025E+02   -0.11152E+03    0.39238E+06    0.67912E-05
   785    0.23399E+04    0.17778E+02   -0.11038E+03    0.39160E+06    0.64547E-05
   786    0.23453E+04    0.17533E+02   -0.10919E+03    0.39082E+06    0.61012E-05
   787    0.23504E+04    0.17292E+02   -0.10798E+03    0.39003E+06    0.57318E-05
   788    0.23555E+04    0.17054E+02   -0.10675E+03    0.38925E+06    0.53476E-05
   789    0.23604E+04    0.16818E+02   -0.10550E+03    0.38848E+06    0.49498E-05
   790    0.23652E+04    0.16587E+02   -0.10421E+03    0.38770E+06    0.45396E-05
   791    0.23698E+04    0.16359E+02   -0.10289E+03    0.38692E+06    0.41180E-05
   792    0.23742E+04    0.16135E+02   -0.10155E+03    0.38614E+06    0.36861E-05
   793    0.23784E+04    0.15915E+02   -0.10018E+03    0.38537E+06    0.32452E-05
   794    0.23824E+04    0.15700E+02   -0.98797E+02    0.38459E+06    0.27964E-05
   795    0.23863E+04    0.15487E+02   -0.97383E+02    0.38381E+06    0.23407E-05
   796    0.23902E+04    0.15279E+02   -0.95953E+02    0.38304E+06    0.18794E-05
   797    0.23936E+04    0.15075E+02   -0.94494E+02    0.38226E+06    0.14135E-05
   798    0.23970E+04    0.14875E+02   -0.93020E+02    0.38149E+06    0.94423E-06
   799    0.24002E+04    0.14680E+02   -0.91524E+02    0.38071E+06    0.47268E-06
   800    0.24032E+04    0.14489E+02   -0.90006E+02    0.37994E+06    0.00000E+00
