#    L    TT             EE             TE             PP             TP          
     2    0.11312E+04    0.54932E-01    0.34141E+01    0.10133E+07    0.32016E+05
     3    0.10523E+04    0.88312E-01    0.42579E+01    0.15567E+07    0.37973E+05
     4    0.97942E+03    0.97755E-01    0.43620E+01    0.20391E+07    0.40738E+05
     5    0.92323E+03    0.85338E-01    0.40277E+01    0.24643E+07    0.41781E+05
     6    0.88239E+03    0.62030E-01    0.34908E+01    0.28387E+07    0.41883E+05
     7    0.85399E+03    0.38882E-01    0.28994E+01    0.31700E+07    0.41465E+05
     8    0.83473E+03    0.22214E-01    0.23435E+01    0.34643E+07    0.40712E+05
     9    0.82245E+03    0.13102E-01    0.18688E+01    0.37271E+07    0.39725E+05
    10    0.81561E+03    0.94192E-02    0.14998E+01    0.39618E+07    0.38606E+05
    11    0.81264E+03    0.82925E-02    0.12445E+01    0.41731E+07    0.37476E+05
    12    0.81364E+03    0.77398E-02    0.11002E+01    0.43625E+07    0.36398E+05
    13    0.81681E+03    0.69109E-02    0.10427E+01    0.45326E+07    0.35377E+05
    14    0.82122E+03    0.60052E-02    0.10431E+01    0.46859E+07    0.34400E+05
    15    0.82713E+03    0.53139E-02    0.10823E+01    0.48241E+07    0.33439E+05
    16    0.83491E+03    0.50431E-02    0.11446E+01    0.49485E+07    0.32470E+05
    17    0.84446E+03    0.51885E-02    0.12151E+01    0.50607E+07    0.31519E+05
    18    0.85484E+03    0.55083E-02    0.12821E+01    0.51620E+07    0.30615E+05
    19    0.86688E+03    0.58697E-02    0.13400E+01    0.52531E+07    0.29752E+05
    20    0.87888E+03    0.62504E-02    0.13842E+01    0.53346E+07    0.28915E+05
    21    0.89121E+03    0.66952E-02    0.14206E+01    0.54075E+07    0.28100E+05
    22    0.90411E+03    0.73361E-02    0.14556E+01    0.54729E+07    0.27303E+05
    23    0.91742E+03    0.82278E-02    0.14908E+01    0.55313E+07    0.26534E+05
    24    0.93117E+03    0.93662E-02    0.15267E+01    0.55831E+07    0.25800E+05
    25    0.94531E+03    0.10760E-01    0.15655E+01    0.56289E+07    0.25101E+05
    26    0.95965E+03    0.12379E-01    0.16095E+01    0.56692E+07    0.24435E+05
    27    0.97443E+03    0.14178E-01    0.16559E+01    0.57045E+07    0.23795E+05
    28    0.98949E+03    0.16144E-01    0.17018E+01    0.57352E+07    0.23177E+05
    29    0.10049E+04    0.18287E-01    0.17454E+01    0.57613E+07    0.22586E+05
    30    0.10205E+04    0.20624E-01    0.17834E+01    0.57830E+07    0.22025E+05
    31    0.10363E+04    0.23139E-01    0.18136E+01    0.58008E+07    0.21489E+05
    32    0.10524E+04    0.25806E-01    0.18336E+01    0.58152E+07    0.20970E+05
    33    0.10690E+04    0.28637E-01    0.18409E+01    0.58265E+07    0.20463E+05
    34    0.10857E+04    0.31661E-01    0.18345E+01    0.58348E+07    0.19966E+05
    35    0.11026E+04    0.34900E-01    0.18188E+01    0.58402E+07    0.19480E+05
    36    0.11195E+04    0.38374E-01    0.17967E+01    0.58431E+07    0.19007E+05
    37    0.11366E+04    0.42076E-01    0.17642E+01    0.58436E+07    0.18556E+05
    38    0.11541E+04    0.46002E-01    0.17192E+01    0.58418E+07    0.18134E+05
    39    0.11720E+04    0.50165E-01    0.16636E+01    0.58379E+07    0.17734E+05
    40    0.11900E+04    0.54584E-01    0.16005E+01    0.58320E+07    0.17349E+05
    41    0.12082E+04    0.59281E-01    0.15318E+01    0.58243E+07    0.16971E+05
    42    0.12264E+04    0.64257E-01    0.14555E+01    0.58147E+07    0.16600E+05
    43    0.12448E+04    0.69507E-01    0.13687E+01    0.58036E+07    0.16238E+05
    44    0.12632E+04    0.75014E-01    0.12696E+01    0.57909E+07    0.15886E+05
    45    0.12819E+04    0.80769E-01    0.11562E+01    0.57767E+07    0.15546E+05
    46    0.13009E+04    0.86768E-01    0.10255E+01    0.57613E+07    0.15218E+05
    47    0.13201E+04    0.93014E-01    0.87929E+00    0.57447E+07    0.14902E+05
    48    0.13393E+04    0.99518E-01    0.72314E+00    0.57270E+07    0.14594E+05
    49    0.13587E+04    0.10627E+00    0.56217E+00    0.57083E+07    0.14293E+05
    50    0.13785E+04    0.11325E+00    0.39467E+00    0.56886E+07    0.13996E+05
    51    0.13985E+04    0.12043E+00    0.21709E+00    0.56680E+07    0.13702E+05
    52    0.14189E+04    0.12790E+00    0.24211E-01    0.56466E+07    0.13413E+05
    53    0.14392E+04    0.13580E+00   -0.18776E+00    0.56245E+07    0.13130E+05
    54    0.14595E+04    0.14412E+00   -0.41464E+00    0.56016E+07    0.12858E+05
    55    0.14800E+04    0.15283E+00   -0.65215E+00    0.55781E+07    0.12599E+05
    56    0.15008E+04    0.16178E+00   -0.90209E+00    0.55539E+07    0.12354E+05
    57    0.15219E+04    0.17087E+00   -0.11643E+01    0.55292E+07    0.12123E+05
    58    0.15433E+04    0.18011E+00   -0.14393E+01    0.55039E+07    0.11901E+05
    59    0.15648E+04    0.18954E+00   -0.17277E+01    0.54782E+07    0.11688E+05
    60    0.15865E+04    0.19922E+00   -0.20287E+01    0.54519E+07    0.11479E+05
    61    0.16087E+04    0.20924E+00   -0.23413E+01    0.54252E+07    0.11273E+05
    62    0.16307E+04    0.21959E+00   -0.26665E+01    0.53980E+07    0.11070E+05
    63    0.16529E+04    0.23022E+00   -0.30054E+01    0.53706E+07    0.10868E+05
    64    0.16754E+04    0.24115E+00   -0.33593E+01    0.53428E+07    0.10667E+05
    65    0.16980E+04    0.25235E+00   -0.37289E+01    0.53147E+07    0.10468E+05
    66    0.17209E+04    0.26374E+00   -0.41123E+01    0.52864E+07    0.10270E+05
    67    0.17440E+04    0.27534E+00   -0.45068E+01    0.52580E+07    0.10074E+05
    68    0.17675E+04    0.28718E+00   -0.49106E+01    0.52293E+07    0.98818E+04
    69    0.17912E+04    0.29922E+00   -0.53217E+01    0.52005E+07    0.96957E+04
    70    0.18152E+04    0.31150E+00   -0.57418E+01    0.51716E+07    0.95170E+04
    71    0.18393E+04    0.32401E+00   -0.61731E+01    0.51426E+07    0.93472E+04
    72    0.18636E+04    0.33674E+00   -0.66171E+01    0.51135E+07    0.91855E+04
    73    0.18880E+04    0.34963E+00   -0.70744E+01    0.50843E+07    0.90308E+04
    74    0.19127E+04    0.36269E+00   -0.75444E+01    0.50550E+07    0.88822E+04
    75    0.19376E+04    0.37591E+00   -0.80255E+01    0.50257E+07    0.87385E+04
    76    0.19629E+04    0.38931E+00   -0.85172E+01    0.49962E+07    0.85987E+04
    77    0.19885E+04    0.40287E+00   -0.90194E+01    0.49667E+07    0.84613E+04
    78    0.20144E+04    0.41662E+00   -0.95334E+01    0.49372E+07    0.83249E+04
    79    0.20405E+04    0.43051E+00   -0.10055E+02    0.49076E+07    0.81880E+04
    80    0.20669E+04    0.44454E+00   -0.10587E+02    0.48780E+07    0.80493E+04
    81    0.20934E+04    0.45865E+00   -0.11128E+02    0.48484E+07    0.79082E+04
    82    0.21202E+04    0.47287E+00   -0.11679E+02    0.48189E+07    0.77676E+04
    83    0.21472E+04    0.48718E+00   -0.12237E+02    0.47894E+07    0.76316E+04
    84    0.21745E+04    0.50157E+00   -0.12802E+02    0.47600E+07    0.75041E+04
    85    0.22018E+04    0.51601E+00   -0.13375E+02    0.47306E+07    0.73890E+04
    86    0.22294E+04    0.53052E+00   -0.13954E+02    0.47013E+07    0.72875E+04
    87    0.22574E+04    0.54508E+00   -0.14539E+02    0.46721E+07    0.71904E+04
    88    0.22854E+04    0.55968E+00   -0.15129E+02    0.46431E+07    0.70854E+04
    89    0.23137E+04    0.57433E+00   -0.15727E+02    0.46141E+07    0.69606E+04
    90    0.23422E+04    0.58897E+00   -0.16330E+02    0.45852E+07    0.68037E+04
    91    0.23709E+04    0.60362E+00   -0.16937E+02    0.45564E+07    0.66055E+04
    92    0.23998E+04    0.61824E+00   -0.17550E+02    0.45278E+07    0.63674E+04
    93    0.24291E+04    0.63283E+00   -0.18167E+02    0.44993E+07    0.60936E+04
    94    0.24584E+04    0.64736E+00   -0.18787E+02    0.44709E+07    0.57881E+04
    95    0.24879E+04    0.66183E+00   -0.19412E+02    0.44427E+07    0.54553E+04
    96    0.25175E+04    0.67623E+00   -0.20039E+02    0.44146E+07    0.50992E+04
    97    0.25475E+04    0.69053E+00   -0.20670E+02    0.43866E+07    0.47239E+04
    98    0.25777E+04    0.70474E+00   -0.21300E+02    0.43588E+07    0.43337E+04
    99    0.26080E+04    0.71881E+00   -0.21934E+02    0.43311E+07    0.39328E+04
   100    0.26386E+04    0.73275E+00   -0.22567E+02    0.43036E+07    0.35252E+04
   101    0.26693E+04    0.74662E+00   -0.23203E+02    0.42762E+07    0.31151E+04
   102    0.27005E+04    0.76027E+00   -0.23837E+02    0.42490E+07    0.27068E+04
   103    0.27316E+04    0.77377E+00   -0.24473E+02    0.42219E+07    0.23043E+04
   104    0.27630E+04    0.78713E+00   -0.25106E+02    0.41950E+07    0.19118E+04
   105    0.27945E+04    0.80027E+00   -0.25738E+02    0.41682E+07    0.15334E+04
   106    0.28262E+04    0.81327E+00   -0.26369E+02    0.41416E+07    0.11734E+04
   107    0.28578E+04    0.82597E+00   -0.26997E+02    0.41152E+07    0.83595E+03
   108    0.28898E+04    0.83846E+00   -0.27622E+02    0.40890E+07    0.52510E+03
   109    0.29220E+04    0.85067E+00   -0.28244E+02    0.40629E+07    0.24506E+03
   110    0.29542E+04    0.86258E+00   -0.28861E+02    0.40370E+07    0.00000E+00
   111    0.29866E+04    0.87428E+00   -0.29474E+02    0.40112E+07   -0.20704E+03
   112    0.30191E+04    0.88569E+00   -0.30082E+02    0.39857E+07   -0.37742E+03
   113    0.30519E+04    0.89681E+00   -0.30685E+02    0.39603E+07   -0.51363E+03
   114    0.30847E+04    0.90757E+00   -0.31281E+02    0.39351E+07   -0.61813E+03
   115    0.31177E+04    0.91812E+00   -0.31871E+02    0.39101E+07   -0.69341E+03
   116    0.31507E+04    0.92824E+00   -0.32453E+02    0.38852E+07   -0.74194E+03
   117    0.31841E+04    0.93799E+00   -0.33027E+02    0.38605E+07   -0.76620E+03
   118    0.32175E+04    0.94754E+00   -0.33593E+02    0.38360E+07   -0.76867E+03
   119    0.32510E+04    0.95672E+00   -0.34150E+02    0.38117E+07   -0.75182E+03
   120    0.32846E+04    0.96540E+00   -0.34697E+02    0.37876E+07   -0.71814E+03
   121    0.33182E+04    0.97386E+00   -0.35235E+02    0.37636E+07   -0.67008E+03
   122    0.33518E+04    0.98182E+00   -0.35761E+02    0.37399E+07   -0.61015E+03
   123    0.33855E+04    0.98935E+00   -0.36278E+02    0.37163E+07   -0.54080E+03
   124    0.34193E+04    0.99652E+00   -0.36781E+02    0.36929E+07   -0.46453E+03
   125    0.34530E+04    0.10033E+01   -0.37272E+02    0.36696E+07   -0.38379E+03
   126    0.34869E+04    0.10096E+01   -0.37752E+02    0.36466E+07   -0.30108E+03
   127    0.35207E+04    0.10155E+01   -0.38218E+02    0.36237E+07   -0.21887E+03
   128    0.35544E+04    0.10210E+01   -0.38672E+02    0.36010E+07   -0.13964E+03
   129    0.35883E+04    0.10260E+01   -0.39111E+02    0.35785E+07   -0.65853E+02
   130    0.36221E+04    0.10305E+01   -0.39534E+02    0.35561E+07    0.00000E+00
   131    0.36559E+04    0.10347E+01   -0.39944E+02    0.35340E+07    0.55967E+02
   132    0.36897E+04    0.10383E+01   -0.40338E+02    0.35120E+07    0.10217E+03
   133    0.37235E+04    0.10416E+01   -0.40717E+02    0.34902E+07    0.13926E+03
   134    0.37573E+04    0.10443E+01   -0.41078E+02    0.34686E+07    0.16788E+03
   135    0.37910E+04    0.10466E+01   -0.41423E+02    0.34471E+07    0.18867E+03
   136    0.38246E+04    0.10484E+01   -0.41748E+02    0.34259E+07    0.20228E+03
   137    0.38581E+04    0.10498E+01   -0.42057E+02    0.34048E+07    0.20936E+03
   138    0.38916E+04    0.10506E+01   -0.42347E+02    0.33839E+07    0.21054E+03
   139    0.39248E+04    0.10511E+01   -0.42617E+02    0.33631E+07    0.20648E+03
   140    0.39581E+04    0.10510E+01   -0.42870E+02    0.33426E+07    0.19781E+03
   141    0.39912E+04    0.10505E+01   -0.43101E+02    0.33221E+07    0.18519E+03
   142    0.40243E+04    0.10495E+01   -0.43313E+02    0.33019E+07    0.16926E+03
   143    0.40572E+04    0.10480E+01   -0.43504E+02    0.32819E+07    0.15066E+03
   144    0.40900E+04    0.10461E+01   -0.43676E+02    0.32620E+07    0.13004E+03
   145    0.41226E+04    0.10438E+01   -0.43826E+02    0.32422E+07    0.10804E+03
   146    0.41553E+04    0.10410E+01   -0.43954E+02    0.32227E+07    0.85317E+02
   147    0.41876E+04    0.10378E+01   -0.44060E+02    0.32033E+07    0.62504E+02
   148    0.42198E+04    0.10341E+01   -0.44145E+02    0.31840E+07    0.40251E+02
   149    0.42519E+04    0.10299E+01   -0.44208E+02    0.31650E+07    0.19201E+02
   150    0.42836E+04    0.10255E+01   -0.44245E+02    0.31461E+07    0.00000E+00
   151    0.43153E+04    0.10206E+01   -0.44261E+02    0.31273E+07   -0.16835E+02
   152    0.43467E+04    0.10152E+01   -0.44253E+02    0.31087E+07   -0.31302E+02
   153    0.43779E+04    0.10094E+01   -0.44220E+02    0.30903E+07   -0.43527E+02
   154    0.44089E+04    0.10033E+01   -0.44164E+02    0.30720E+07   -0.53635E+02
   155    0.44396E+04    0.99686E+00   -0.44084E+02    0.30539E+07   -0.61753E+02
   156    0.44700E+04    0.99006E+00   -0.43979E+02    0.30360E+07   -0.68007E+02
   157    0.45004E+04    0.98291E+00   -0.43849E+02    0.30182E+07   -0.72522E+02
   158    0.45304E+04    0.97548E+00   -0.43695E+02    0.30005E+07   -0.75424E+02
   159    0.45601E+04    0.96763E+00   -0.43515E+02    0.29830E+07   -0.76839E+02
   160    0.45896E+04    0.95949E+00   -0.43309E+02    0.29657E+07   -0.76893E+02
   161    0.46189E+04    0.95116E+00   -0.43079E+02    0.29485E+07   -0.75712E+02
   162    0.46479E+04    0.94247E+00   -0.42823E+02    0.29314E+07   -0.73422E+02
   163    0.46767E+04    0.93350E+00   -0.42542E+02    0.29145E+07   -0.70148E+02
   164    0.47051E+04    0.92433E+00   -0.42235E+02    0.28978E+07   -0.66018E+02
   165    0.47333E+04    0.91488E+00   -0.41902E+02    0.28812E+07   -0.61156E+02
   166    0.47613E+04    0.90529E+00   -0.41543E+02    0.28647E+07   -0.55688E+02
   167    0.47889E+04    0.89536E+00   -0.41159E+02    0.28484E+07   -0.49740E+02
   168    0.48162E+04    0.88543E+00   -0.40748E+02    0.28322E+07   -0.43439E+02
   169    0.48431E+04    0.87523E+00   -0.40310E+02    0.28161E+07   -0.36910E+02
   170    0.48697E+04    0.86497E+00   -0.39846E+02    0.28002E+07   -0.30279E+02
   171    0.48959E+04    0.85466E+00   -0.39354E+02    0.27844E+07   -0.23672E+02
   172    0.49217E+04    0.84421E+00   -0.38836E+02    0.27688E+07   -0.17214E+02
   173    0.49470E+04    0.83362E+00   -0.38292E+02    0.27533E+07   -0.11033E+02
   174    0.49721E+04    0.82320E+00   -0.37722E+02    0.27379E+07   -0.52525E+01
   175    0.49967E+04    0.81264E+00   -0.37124E+02    0.27227E+07    0.00000E+00
   176    0.50208E+04    0.80218E+00   -0.36499E+02    0.27076E+07    0.46253E+01
   177    0.50445E+04    0.79173E+00   -0.35849E+02    0.26926E+07    0.86280E+01
   178    0.50678E+04    0.78151E+00   -0.35171E+02    0.26778E+07    0.12039E+02
   179    0.50906E+04    0.77123E+00   -0.34466E+02    0.26630E+07    0.14890E+02
   180    0.51131E+04    0.76111E+00   -0.33736E+02    0.26484E+07    0.17211E+02
   181    0.51351E+04    0.75115E+00   -0.32980E+02    0.26340E+07    0.19033E+02
   182    0.51566E+04    0.74142E+00   -0.32197E+02    0.26196E+07    0.20387E+02
   183    0.51776E+04    0.73184E+00   -0.31389E+02    0.26054E+07    0.21304E+02
   184    0.51982E+04    0.72250E+00   -0.30554E+02    0.25913E+07    0.21815E+02
   185    0.52183E+04    0.71354E+00   -0.29695E+02    0.25773E+07    0.21951E+02
   186    0.52377E+04    0.70481E+00   -0.28809E+02    0.25635E+07    0.21743E+02
   187    0.52568E+04    0.69647E+00   -0.27897E+02    0.25497E+07    0.21221E+02
   188    0.52755E+04    0.68848E+00   -0.26961E+02    0.25361E+07    0.20417E+02
   189    0.52936E+04    0.68089E+00   -0.26000E+02    0.25226E+07    0.19362E+02
   190    0.53115E+04    0.67375E+00   -0.25015E+02    0.25092E+07    0.18086E+02
   191    0.53285E+04    0.66708E+00   -0.24004E+02    0.24959E+07    0.16621E+02
   192    0.53451E+04    0.66090E+00   -0.22969E+02    0.24827E+07    0.14996E+02
   193    0.53612E+04    0.65525E+00   -0.21911E+02    0.24696E+07    0.13244E+02
   194    0.53769E+04    0.65017E+00   -0.20829E+02    0.24567E+07    0.11395E+02
   195    0.53920E+04    0.64570E+00   -0.19724E+02    0.24438E+07    0.94807E+01
   196    0.54065E+04    0.64185E+00   -0.18596E+02    0.24311E+07    0.75309E+01
   197    0.54205E+04    0.63869E+00   -0.17445E+02    0.24185E+07    0.55770E+01
   198    0.54341E+04    0.63624E+00   -0.16273E+02    0.24059E+07    0.36500E+01
   199    0.54471E+04    0.63452E+00   -0.15078E+02    0.23935E+07    0.17807E+01
   200    0.54596E+04    0.63357E+00   -0.13862E+02    0.23812E+07    0.00000E+00
   201    0.54716E+04    0.63344E+00   -0.12625E+02    0.23689E+07   -0.16667E+01
   202    0.54830E+04    0.63415E+00   -0.11367E+02    0.23568E+07   -0.32169E+01
   203    0.54938E+04    0.63575E+00   -0.10088E+02    0.23448E+07   -0.46536E+01
   204    0.55040E+04    0.63826E+00   -0.87908E+01    0.23329E+07   -0.59798E+01
   205    0.55137E+04    0.64173E+00   -0.74733E+01    0.23210E+07   -0.71985E+01
   206    0.55227E+04    0.64620E+00   -0.61367E+01    0.23093E+07   -0.83128E+01
   207    0.55312E+04    0.65167E+00   -0.47815E+01    0.22977E+07   -0.93257E+01
   208    0.55389E+04    0.65821E+00   -0.34080E+01    0.22861E+07   -0.10240E+02
   209    0.55461E+04    0.66584E+00   -0.20168E+01    0.22747E+07   -0.11060E+02
   210    0.55526E+04    0.67461E+00   -0.60859E+00    0.22633E+07   -0.11787E+02
   211    0.55586E+04    0.68454E+00    0.81649E+00    0.22520E+07   -0.12424E+02
   212    0.55639E+04    0.69567E+00    0.22575E+01    0.22409E+07   -0.12976E+02
   213    0.55686E+04    0.70803E+00    0.37146E+01    0.22298E+07   -0.13444E+02
   214    0.55727E+04    0.72163E+00    0.51865E+01    0.22188E+07   -0.13832E+02
   215    0.55762E+04    0.73665E+00    0.66724E+01    0.22079E+07   -0.14143E+02
   216    0.55790E+04    0.75290E+00    0.81730E+01    0.21971E+07   -0.14380E+02
   217    0.55813E+04    0.77055E+00    0.96862E+01    0.21863E+07   -0.14546E+02
   218    0.55829E+04    0.78959E+00    0.11212E+02    0.21757E+07   -0.14644E+02
   219    0.55840E+04    0.81002E+00    0.12752E+02    0.21651E+07   -0.14676E+02
   220    0.55845E+04    0.83198E+00    0.14302E+02    0.21546E+07   -0.14647E+02
   221    0.55843E+04    0.85541E+00    0.15862E+02    0.21443E+07   -0.14559E+02
   222    0.55836E+04    0.88044E+00    0.17434E+02    0.21339E+07   -0.14415E+02
   223    0.55822E+04    0.90702E+00    0.19016E+02    0.21237E+07   -0.14218E+02
   224    0.55803E+04    0.93512E+00    0.20605E+02    0.21136E+07   -0.13972E+02
   225    0.55777E+04    0.96491E+00    0.22204E+02    0.21035E+07   -0.13678E+02
   226    0.55746E+04    0.99637E+00    0.23810E+02    0.20935E+07   -0.13341E+02
   227    0.55707E+04    0.10295E+01    0.25424E+02    0.20836E+07   -0.12963E+02
   228    0.55664E+04    0.10643E+01    0.27044E+02    0.20738E+07   -0.12547E+02
   229    0.55615E+04    0.11009E+01    0.28670E+02    0.20640E+07   -0.12097E+02
   230    0.55559E+04    0.11392E+01    0.30301E+02    0.20544E+07   -0.11615E+02
   231    0.55497E+04    0.11794E+01    0.31937E+02    0.20448E+07   -0.11104E+02
   232    0.55429E+04    0.12213E+01    0.33577E+02    0.20352E+07   -0.10568E+02
   233    0.55355E+04    0.12652E+01    0.35219E+02    0.20258E+07   -0.10009E+02
   234    0.55274E+04    0.13109E+01    0.36863E+02    0.20164E+07   -0.94310E+01
   235    0.55188E+04    0.13584E+01    0.38509E+02    0.20071E+07   -0.88362E+01
   236    0.55095E+04    0.14079E+01    0.40157E+02    0.19979E+07   -0.82281E+01
   237    0.54997E+04    0.14594E+01    0.41804E+02    0.19887E+07   -0.76095E+01
   238    0.54892E+04    0.15129E+01    0.43452E+02    0.19796E+07   -0.69835E+01
   239    0.54782E+04    0.15683E+01    0.45098E+02    0.19706E+07   -0.63532E+01
   240    0.54665E+04    0.16256E+01    0.46742E+02    0.19616E+07   -0.57215E+01
   241    0.54543E+04    0.16851E+01    0.48383E+02    0.19527E+07   -0.50916E+01
   242    0.54415E+04    0.17465E+01    0.50021E+02    0.19439E+07   -0.44665E+01
   243    0.54282E+04    0.18100E+01    0.51655E+02    0.19351E+07   -0.38491E+01
   244    0.54142E+04    0.18756E+01    0.53285E+02    0.19264E+07   -0.32425E+01
   245    0.53997E+04    0.19433E+01    0.54908E+02    0.19178E+07   -0.26498E+01
   246    0.53846E+04    0.20130E+01    0.56527E+02    0.19092E+07   -0.20739E+01
   247    0.53690E+04    0.20849E+01    0.58137E+02    0.19007E+07   -0.15180E+01
   248    0.53529E+04    0.21591E+01    0.59741E+02    0.18923E+07   -0.98501E+00
   249    0.53363E+04    0.22352E+01    0.61336E+02    0.18839E+07   -0.47800E+00
   250    0.53190E+04    0.23136E+01    0.62922E+02    0.18756E+07    0.00000E+00
   251    0.53014E+04    0.23941E+01    0.64498E+02    0.18673E+07    0.44660E+00
   252    0.52831E+04    0.24768E+01    0.66065E+02    0.18591E+07    0.86197E+00
   253    0.52644E+04    0.25615E+01    0.67620E+02    0.18509E+07    0.12469E+01
   254    0.52452E+04    0.26486E+01    0.69162E+02    0.18428E+07    0.16023E+01
   255    0.52255E+04    0.27377E+01    0.70694E+02    0.18348E+07    0.19288E+01
   256    0.52053E+04    0.28292E+01    0.72213E+02    0.18268E+07    0.22274E+01
   257    0.51847E+04    0.29227E+01    0.73712E+02    0.18189E+07    0.24988E+01
   258    0.51635E+04    0.30185E+01    0.75204E+02    0.18110E+07    0.27439E+01
   259    0.51419E+04    0.31165E+01    0.76674E+02    0.18032E+07    0.29634E+01
   260    0.51199E+04    0.32166E+01    0.78137E+02    0.17954E+07    0.31582E+01
   261    0.50975E+04    0.33189E+01    0.79570E+02    0.17877E+07    0.33291E+01
   262    0.50745E+04    0.34235E+01    0.80996E+02    0.17800E+07    0.34768E+01
   263    0.50513E+04    0.35302E+01    0.82408E+02    0.17724E+07    0.36023E+01
   264    0.50276E+04    0.36391E+01    0.83797E+02    0.17649E+07    0.37063E+01
   265    0.50033E+04    0.37501E+01    0.85157E+02    0.17574E+07    0.37896E+01
   266    0.49787E+04    0.38635E+01    0.86510E+02    0.17499E+07    0.38531E+01
   267    0.49536E+04    0.39788E+01    0.87833E+02    0.17425E+07    0.38975E+01
   268    0.49282E+04    0.40964E+01    0.89141E+02    0.17352E+07    0.39237E+01
   269    0.49022E+04    0.42161E+01    0.90428E+02    0.17279E+07    0.39325E+01
   270    0.48760E+04    0.43379E+01    0.91692E+02    0.17206E+07    0.39247E+01
   271    0.48494E+04    0.44618E+01    0.92935E+02    0.17134E+07    0.39011E+01
   272    0.48225E+04    0.45880E+01    0.94148E+02    0.17063E+07    0.38625E+01
   273    0.47952E+04    0.47159E+01    0.95347E+02    0.16992E+07    0.38098E+01
   274    0.47676E+04    0.48462E+01    0.96509E+02    0.16921E+07    0.37437E+01
   275    0.47396E+04    0.49782E+01    0.97656E+02    0.16851E+07    0.36651E+01
   276    0.47115E+04    0.51124E+01    0.98767E+02    0.16782E+07    0.35747E+01
   277    0.46828E+04    0.52486E+01    0.99863E+02    0.16713E+07    0.34734E+01
   278    0.46540E+04    0.53867E+01    0.10092E+03    0.16644E+07    0.33620E+01
   279    0.46248E+04    0.55268E+01    0.10195E+03    0.16576E+07    0.32413E+01
   280    0.45953E+04    0.56687E+01    0.10297E+03    0.16508E+07    0.31122E+01
   281    0.45657E+04    0.58126E+01    0.10395E+03    0.16441E+07    0.29754E+01
   282    0.45357E+04    0.59582E+01    0.10490E+03    0.16374E+07    0.28317E+01
   283    0.45055E+04    0.61057E+01    0.10582E+03    0.16307E+07    0.26820E+01
   284    0.44751E+04    0.62550E+01    0.10671E+03    0.16241E+07    0.25270E+01
   285    0.44444E+04    0.64062E+01    0.10757E+03    0.16176E+07    0.23677E+01
   286    0.44135E+04    0.65590E+01    0.10840E+03    0.16111E+07    0.22047E+01
   287    0.43824E+04    0.67135E+01    0.10920E+03    0.16046E+07    0.20390E+01
   288    0.43511E+04    0.68697E+01    0.10997E+03    0.15981E+07    0.18712E+01
   289    0.43195E+04    0.70275E+01    0.11070E+03    0.15918E+07    0.17023E+01
   290    0.42879E+04    0.71868E+01    0.11141E+03    0.15854E+07    0.15331E+01
   291    0.42560E+04    0.73482E+01    0.11208E+03    0.15791E+07    0.13643E+01
   292    0.42238E+04    0.75108E+01    0.11272E+03    0.15728E+07    0.11968E+01
   293    0.41917E+04    0.76741E+01    0.11332E+03    0.15666E+07    0.10314E+01
   294    0.41593E+04    0.78395E+01    0.11389E+03    0.15604E+07    0.86883E+00
   295    0.41269E+04    0.80057E+01    0.11443E+03    0.15542E+07    0.71001E+00
   296    0.40943E+04    0.81741E+01    0.11493E+03    0.15481E+07    0.55571E+00
   297    0.40616E+04    0.83425E+01    0.11541E+03    0.15420E+07    0.40675E+00
   298    0.40287E+04    0.85130E+01    0.11584E+03    0.15360E+07    0.26393E+00
   299    0.39958E+04    0.86851E+01    0.11623E+03    0.15300E+07    0.12808E+00
   300    0.39627E+04    0.88571E+01    0.11659E+03    0.15240E+07    0.00000E+00
   301    0.39296E+04    0.90306E+01    0.11692E+03    0.15181E+07   -0.11967E+00
   302    0.38964E+04    0.92048E+01    0.11722E+03    0.15122E+07   -0.23096E+00
   303    0.38632E+04    0.93805E+01    0.11747E+03    0.15063E+07   -0.33411E+00
   304    0.38299E+04    0.95576E+01    0.11769E+03    0.15005E+07   -0.42933E+00
   305    0.37966E+04    0.97348E+01    0.11787E+03    0.14947E+07   -0.51683E+00
   306    0.37633E+04    0.99126E+01    0.11801E+03    0.14889E+07   -0.59683E+00
   307    0.37299E+04    0.10091E+02    0.11812E+03    0.14832E+07   -0.66956E+00
   308    0.36966E+04    0.10272E+02    0.11820E+03    0.14775E+07   -0.73522E+00
   309    0.36633E+04    0.10452E+02    0.11823E+03    0.14718E+07   -0.79404E+00
   310    0.36299E+04    0.10632E+02    0.11823E+03    0.14662E+07   -0.84623E+00
   311    0.35966E+04    0.10814E+02    0.11818E+03    0.14606E+07   -0.89202E+00
   312    0.35634E+04    0.10996E+02    0.11811E+03    0.14550E+07   -0.93161E+00
   313    0.35302E+04    0.11178E+02    0.11799E+03    0.14495E+07   -0.96523E+00
   314    0.34971E+04    0.11361E+02    0.11785E+03    0.14440E+07   -0.99310E+00
   315    0.34640E+04    0.11544E+02    0.11766E+03    0.14385E+07   -0.10154E+01
   316    0.34310E+04    0.11727E+02    0.11743E+03    0.14330E+07   -0.10324E+01
   317    0.33981E+04    0.11909E+02    0.11716E+03    0.14276E+07   -0.10443E+01
   318    0.33653E+04    0.12093E+02    0.11686E+03    0.14223E+07   -0.10514E+01
   319    0.33326E+04    0.12276E+02    0.11653E+03    0.14169E+07   -0.10537E+01
   320    0.33000E+04    0.12459E+02    0.11616E+03    0.14116E+07   -0.10516E+01
   321    0.32676E+04    0.12642E+02    0.11575E+03    0.14063E+07   -0.10453E+01
   322    0.32352E+04    0.12825E+02    0.11530E+03    0.14011E+07   -0.10350E+01
   323    0.32030E+04    0.13007E+02    0.11482E+03    0.13958E+07   -0.10208E+01
   324    0.31710E+04    0.13190E+02    0.11429E+03    0.13906E+07   -0.10031E+01
   325    0.31392E+04    0.13370E+02    0.11374E+03    0.13855E+07   -0.98205E+00
   326    0.31074E+04    0.13552E+02    0.11314E+03    0.13803E+07   -0.95783E+00
   327    0.30759E+04    0.13733E+02    0.11251E+03    0.13752E+07   -0.93069E+00
   328    0.30446E+04    0.13912E+02    0.11185E+03    0.13701E+07   -0.90085E+00
   329    0.30134E+04    0.14092E+02    0.11115E+03    0.13651E+07   -0.86851E+00
   330    0.29825E+04    0.14270E+02    0.11040E+03    0.13601E+07   -0.83390E+00
   331    0.29518E+04    0.14447E+02    0.10963E+03    0.13551E+07   -0.79724E+00
   332    0.29213E+04    0.14625E+02    0.10883E+03    0.13501E+07   -0.75875E+00
   333    0.28910E+04    0.14800E+02    0.10800E+03    0.13451E+07   -0.71863E+00
   334    0.28610E+04    0.14976E+02    0.10712E+03    0.13402E+07   -0.67711E+00
   335    0.28312E+04    0.15148E+02    0.10621E+03    0.13353E+07   -0.63441E+00
   336    0.28016E+04    0.15321E+02    0.10527E+03    0.13305E+07   -0.59075E+00
   337    0.27724E+04    0.15492E+02    0.10429E+03    0.13256E+07   -0.54634E+00
   338    0.27433E+04    0.15662E+02    0.10328E+03    0.13208E+07   -0.50139E+00
   339    0.27146E+04    0.15831E+02    0.10224E+03    0.13161E+07   -0.45614E+00
   340    0.26861E+04    0.15998E+02    0.10118E+03    0.13113E+07   -0.41079E+00
   341    0.26579E+04    0.16163E+02    0.10007E+03    0.13066E+07   -0.36556E+00
   342    0.26300E+04    0.16328E+02    0.98927E+02    0.13018E+07   -0.32068E+00
   343    0.26024E+04    0.16490E+02    0.97759E+02    0.12972E+07   -0.27635E+00
   344    0.25752E+04    0.16651E+02    0.96561E+02    0.12925E+07   -0.23280E+00
   345    0.25482E+04    0.16810E+02    0.95334E+02    0.12879E+07   -0.19025E+00
   346    0.25215E+04    0.16967E+02    0.94084E+02    0.12833E+07   -0.14890E+00
   347    0.24952E+04    0.17122E+02    0.92798E+02    0.12787E+07   -0.10899E+00
   348    0.24692E+04    0.17275E+02    0.91482E+02    0.12741E+07   -0.70721E-01
   349    0.24435E+04    0.17426E+02    0.90136E+02    0.12696E+07   -0.34319E-01
   350    0.24181E+04    0.17575E+02    0.88768E+02    0.12651E+07    0.00000E+00
   351    0.23933E+04    0.17722E+02    0.87371E+02    0.12606E+07    0.32064E-01
   352    0.23686E+04    0.17866E+02    0.85944E+02    0.12561E+07    0.61887E-01
   353    0.23444E+04    0.18008E+02    0.84502E+02    0.12516E+07    0.89525E-01
   354    0.23204E+04    0.18148E+02    0.83024E+02    0.12472E+07    0.11504E+00
   355    0.22969E+04    0.18285E+02    0.81523E+02    0.12428E+07    0.13848E+00
   356    0.22737E+04    0.18421E+02    0.80007E+02    0.12384E+07    0.15992E+00
   357    0.22509E+04    0.18553E+02    0.78461E+02    0.12341E+07    0.17941E+00
   358    0.22286E+04    0.18682E+02    0.76901E+02    0.12297E+07    0.19700E+00
   359    0.22065E+04    0.18808E+02    0.75311E+02    0.12254E+07    0.21276E+00
   360    0.21849E+04    0.18933E+02    0.73703E+02    0.12211E+07    0.22675E+00
   361    0.21636E+04    0.19054E+02    0.72071E+02    0.12168E+07    0.23902E+00
   362    0.21428E+04    0.19173E+02    0.70419E+02    0.12126E+07    0.24962E+00
   363    0.21224E+04    0.19289E+02    0.68750E+02    0.12084E+07    0.25863E+00
   364    0.21024E+04    0.19401E+02    0.67059E+02    0.12041E+07    0.26610E+00
   365    0.20827E+04    0.19511E+02    0.65352E+02    0.12000E+07    0.27208E+00
   366    0.20635E+04    0.19618E+02    0.63627E+02    0.11958E+07    0.27664E+00
   367    0.20447E+04    0.19721E+02    0.61885E+02    0.11916E+07    0.27983E+00
   368    0.20263E+04    0.19821E+02    0.60128E+02    0.11875E+07    0.28171E+00
   369    0.20084E+04    0.19919E+02    0.58354E+02    0.11834E+07    0.28234E+00
   370    0.19909E+04    0.20013E+02    0.56568E+02    0.11793E+07    0.28178E+00
   371    0.19737E+04    0.20103E+02    0.54767E+02    0.11752E+07    0.28009E+00
   372    0.19570E+04    0.20190E+02    0.52954E+02    0.11712E+07    0.27732E+00
   373    0.19407E+04    0.20274E+02    0.51126E+02    0.11672E+07    0.27353E+00
   374    0.19249E+04    0.20355E+02    0.49289E+02    0.11632E+07    0.26879E+00
   375    0.19094E+04    0.20432E+02    0.47440E+02    0.11592E+07    0.26314E+00
   376    0.18945E+04    0.20506E+02    0.45581E+02    0.11552E+07    0.25665E+00
   377    0.18799E+04    0.20576E+02    0.43715E+02    0.11513E+07    0.24938E+00
   378    0.18658E+04    0.20642E+02    0.41837E+02    0.11473E+07    0.24138E+00
   379    0.18521E+04    0.20705E+02    0.39954E+02    0.11434E+07    0.23272E+00
   380    0.18389E+04    0.20766E+02    0.38062E+02    0.11395E+07    0.22344E+00
   381    0.18261E+04    0.20820E+02    0.36165E+02    0.11356E+07    0.21362E+00
   382    0.18136E+04    0.20872E+02    0.34263E+02    0.11318E+07    0.20331E+00
   383    0.18017E+04    0.20920E+02    0.32354E+02    0.11280E+07    0.19256E+00
   384    0.17903E+04    0.20963E+02    0.30444E+02    0.11241E+07    0.18143E+00
   385    0.17792E+04    0.21005E+02    0.28529E+02    0.11203E+07    0.16999E+00
   386    0.17685E+04    0.21042E+02    0.26612E+02    0.11166E+07    0.15829E+00
   387    0.17583E+04    0.21075E+02    0.24694E+02    0.11128E+07    0.14639E+00
   388    0.17485E+04    0.21104E+02    0.22775E+02    0.11090E+07    0.13435E+00
   389    0.17392E+04    0.21127E+02    0.20856E+02    0.11053E+07    0.12222E+00
   390    0.17302E+04    0.21149E+02    0.18938E+02    0.11016E+07    0.11007E+00
   391    0.17218E+04    0.21167E+02    0.17021E+02    0.10979E+07    0.97952E-01
   392    0.17137E+04    0.21182E+02    0.15108E+02    0.10942E+07    0.85925E-01
   393    0.17061E+04    0.21192E+02    0.13196E+02    0.10906E+07    0.74048E-01
   394    0.16989E+04    0.21199E+02    0.11290E+02    0.10869E+07    0.62379E-01
   395    0.16920E+04    0.21201E+02    0.93870E+01    0.10833E+07    0.50976E-01
   396    0.16857E+04    0.21199E+02    0.74907E+01    0.10797E+07    0.39898E-01
   397    0.16797E+04    0.21194E+02    0.55999E+01    0.10761E+07    0.29203E-01
   398    0.16741E+04    0.21185E+02    0.37159E+01    0.10725E+07    0.18950E-01
   399    0.16690E+04    0.21172E+02    0.18396E+01    0.10690E+07    0.91957E-02
   400    0.16642E+04    0.21155E+02   -0.28227E-01    0.10654E+07    0.00000E+00
   401    0.16599E+04    0.21134E+02   -0.18869E+01    0.10619E+07   -0.85916E-02
   402    0.16560E+04    0.21108E+02   -0.37356E+01    0.10584E+07   -0.16582E-01
   403    0.16525E+04    0.21080E+02   -0.55737E+01    0.10549E+07   -0.23988E-01
   404    0.16493E+04    0.21047E+02   -0.73996E+01    0.10514E+07   -0.30824E-01
   405    0.16466E+04    0.21010E+02   -0.92141E+01    0.10480E+07   -0.37107E-01
   406    0.16442E+04    0.20970E+02   -0.11015E+02    0.10445E+07   -0.42851E-01
   407    0.16423E+04    0.20925E+02   -0.12804E+02    0.10411E+07   -0.48072E-01
   408    0.16407E+04    0.20877E+02   -0.14576E+02    0.10377E+07   -0.52786E-01
   409    0.16395E+04    0.20826E+02   -0.16334E+02    0.10343E+07   -0.57010E-01
   410    0.16387E+04    0.20770E+02   -0.18077E+02    0.10309E+07   -0.60757E-01
   411    0.16383E+04    0.20711E+02   -0.19803E+02    0.10275E+07   -0.64044E-01
   412    0.16382E+04    0.20648E+02   -0.21512E+02    0.10241E+07   -0.66887E-01
   413    0.16384E+04    0.20582E+02   -0.23203E+02    0.10208E+07   -0.69301E-01
   414    0.16390E+04    0.20511E+02   -0.24877E+02    0.10175E+07   -0.71301E-01
   415    0.16400E+04    0.20438E+02   -0.26530E+02    0.10142E+07   -0.72904E-01
   416    0.16413E+04    0.20361E+02   -0.28164E+02    0.10109E+07   -0.74126E-01
   417    0.16429E+04    0.20281E+02   -0.29779E+02    0.10076E+07   -0.74980E-01
   418    0.16449E+04    0.20195E+02   -0.31371E+02    0.10043E+07   -0.75485E-01
   419    0.16472E+04    0.20108E+02   -0.32941E+02    0.10011E+07   -0.75654E-01
   420    0.16499E+04    0.20017E+02   -0.34490E+02    0.99784E+06   -0.75503E-01
   421    0.16529E+04    0.19923E+02   -0.36016E+02    0.99462E+06   -0.75049E-01
   422    0.16562E+04    0.19825E+02   -0.37519E+02    0.99141E+06   -0.74307E-01
   423    0.16598E+04    0.19723E+02   -0.38998E+02    0.98822E+06   -0.73292E-01
   424    0.16636E+04    0.19618E+02   -0.40453E+02    0.98504E+06   -0.72021E-01
   425    0.16678E+04    0.19510E+02   -0.41881E+02    0.98188E+06   -0.70508E-01
   426    0.16723E+04    0.19400E+02   -0.43285E+02    0.97873E+06   -0.68769E-01
   427    0.16771E+04    0.19285E+02   -0.44663E+02    0.97559E+06   -0.66821E-01
   428    0.16821E+04    0.19168E+02   -0.46013E+02    0.97247E+06   -0.64678E-01
   429    0.16874E+04    0.19048E+02   -0.47337E+02    0.96936E+06   -0.62356E-01
   430    0.16930E+04    0.18926E+02   -0.48633E+02    0.96626E+06   -0.59872E-01
   431    0.16989E+04    0.18800E+02   -0.49902E+02    0.96318E+06   -0.57240E-01
   432    0.17049E+04    0.18671E+02   -0.51142E+02    0.96012E+06   -0.54476E-01
   433    0.17113E+04    0.18540E+02   -0.52352E+02    0.95706E+06   -0.51595E-01
   434    0.17178E+04    0.18406E+02   -0.53535E+02    0.95402E+06   -0.48615E-01
   435    0.17246E+04    0.18270E+02   -0.54687E+02    0.95100E+06   -0.45549E-01
   436    0.17317E+04    0.18132E+02   -0.55810E+02    0.94798E+06   -0.42414E-01
   437    0.17389E+04    0.17990E+02   -0.56902E+02    0.94498E+06   -0.39225E-01
   438    0.17464E+04    0.17846E+02   -0.57962E+02    0.94200E+06   -0.35998E-01
   439    0.17541E+04    0.17701E+02   -0.58992E+02    0.93902E+06   -0.32749E-01
   440    0.17620E+04    0.17552E+02   -0.59990E+02    0.93606E+06   -0.29493E-01
   441    0.17702E+04    0.17402E+02   -0.60957E+02    0.93311E+06   -0.26246E-01
   442    0.17784E+04    0.17249E+02   -0.61892E+02    0.93018E+06   -0.23024E-01
   443    0.17869E+04    0.17094E+02   -0.62794E+02    0.92726E+06   -0.19841E-01
   444    0.17955E+04    0.16938E+02   -0.63663E+02    0.92435E+06   -0.16714E-01
   445    0.18043E+04    0.16779E+02   -0.64499E+02    0.92145E+06   -0.13659E-01
   446    0.18132E+04    0.16619E+02   -0.65301E+02    0.91856E+06   -0.10691E-01
   447    0.18224E+04    0.16458E+02   -0.66071E+02    0.91569E+06   -0.78249E-02
   448    0.18316E+04    0.16294E+02   -0.66808E+02    0.91283E+06   -0.50775E-02
   449    0.18410E+04    0.16129E+02   -0.67509E+02    0.90999E+06   -0.24640E-02
   450    0.18506E+04    0.15963E+02   -0.68178E+02    0.90715E+06    0.00000E+00
   451    0.18602E+04    0.15795E+02   -0.68812E+02    0.90433E+06    0.23021E-02
   452    0.18700E+04    0.15626E+02   -0.69413E+02    0.90152E+06    0.44433E-02
   453    0.18799E+04    0.15456E+02   -0.69979E+02    0.89872E+06    0.64276E-02
   454    0.18899E+04    0.15285E+02   -0.70512E+02    0.89593E+06    0.82594E-02
   455    0.18999E+04    0.15113E+02   -0.71011E+02    0.89316E+06    0.99427E-02
   456    0.19102E+04    0.14940E+02   -0.71470E+02    0.89040E+06    0.11482E-01
   457    0.19204E+04    0.14766E+02   -0.71902E+02    0.88765E+06    0.12881E-01
   458    0.19308E+04    0.14592E+02   -0.72290E+02    0.88491E+06    0.14144E-01
   459    0.19413E+04    0.14417E+02   -0.72649E+02    0.88218E+06    0.15276E-01
   460    0.19518E+04    0.14241E+02   -0.72972E+02    0.87946E+06    0.16280E-01
   461    0.19623E+04    0.14065E+02   -0.73262E+02    0.87676E+06    0.17161E-01
   462    0.19729E+04    0.13888E+02   -0.73510E+02    0.87407E+06    0.17922E-01
   463    0.19836E+04    0.13712E+02   -0.73737E+02    0.87139E+06    0.18569E-01
   464    0.19942E+04    0.13536E+02   -0.73913E+02    0.86872E+06    0.19105E-01
   465    0.20048E+04    0.13359E+02   -0.74066E+02    0.86606E+06    0.19535E-01
   466    0.20155E+04    0.13182E+02   -0.74175E+02    0.86342E+06    0.19862E-01
   467    0.20263E+04    0.13006E+02   -0.74255E+02    0.86078E+06    0.20091E-01
   468    0.20370E+04    0.12830E+02   -0.74298E+02    0.85816E+06    0.20226E-01
   469    0.20478E+04    0.12653E+02   -0.74312E+02    0.85555E+06    0.20271E-01
   470    0.20586E+04    0.12478E+02   -0.74289E+02    0.85294E+06    0.20231E-01
   471    0.20692E+04    0.12304E+02   -0.74229E+02    0.85035E+06    0.20109E-01
   472    0.20799E+04    0.12130E+02   -0.74140E+02    0.84778E+06    0.19911E-01
   473    0.20906E+04    0.11956E+02   -0.74014E+02    0.84521E+06    0.19639E-01
   474    0.21013E+04    0.11784E+02   -0.73858E+02    0.84265E+06    0.19298E-01
   475    0.21120E+04    0.11612E+02   -0.73665E+02    0.84010E+06    0.18893E-01
   476    0.21225E+04    0.11442E+02   -0.73438E+02    0.83757E+06    0.18427E-01
   477    0.21330E+04    0.11273E+02   -0.73185E+02    0.83505E+06    0.17905E-01
   478    0.21435E+04    0.11104E+02   -0.72889E+02    0.83253E+06    0.17330E-01
   479    0.21539E+04    0.10937E+02   -0.72573E+02    0.83003E+06    0.16708E-01
   480    0.21642E+04    0.10772E+02   -0.72219E+02    0.82754E+06    0.16043E-01
   481    0.21745E+04    0.10608E+02   -0.71831E+02    0.82506E+06    0.15337E-01
   482    0.21848E+04    0.10446E+02   -0.71413E+02    0.82259E+06    0.14597E-01
   483    0.21949E+04    0.10285E+02   -0.70968E+02    0.82013E+06    0.13825E-01
   484    0.22048E+04    0.10127E+02   -0.70491E+02    0.81768E+06    0.13026E-01
   485    0.22148E+04    0.99700E+01   -0.69983E+02    0.81524E+06    0.12205E-01
   486    0.22247E+04    0.98157E+01   -0.69445E+02    0.81281E+06    0.11365E-01
   487    0.22344E+04    0.96636E+01   -0.68879E+02    0.81039E+06    0.10510E-01
   488    0.22440E+04    0.95128E+01   -0.68283E+02    0.80798E+06    0.96457E-02
   489    0.22535E+04    0.93648E+01   -0.67658E+02    0.80558E+06    0.87751E-02
   490    0.22629E+04    0.92197E+01   -0.67005E+02    0.80319E+06    0.79027E-02
   491    0.22721E+04    0.90766E+01   -0.66325E+02    0.80082E+06    0.70326E-02
   492    0.22813E+04    0.89363E+01   -0.65618E+02    0.79845E+06    0.61692E-02
   493    0.22903E+04    0.87974E+01   -0.64883E+02    0.79609E+06    0.53164E-02
   494    0.22991E+04    0.86628E+01   -0.64123E+02    0.79374E+06    0.44786E-02
   495    0.23078E+04    0.85302E+01   -0.63337E+02    0.79140E+06    0.36599E-02
   496    0.23163E+04    0.84012E+01   -0.62527E+02    0.78908E+06    0.28646E-02
   497    0.23247E+04    0.82750E+01   -0.61690E+02    0.78676E+06    0.20967E-02
   498    0.23329E+04    0.81508E+01   -0.60831E+02    0.78445E+06    0.13605E-02
   499    0.23411E+04    0.80309E+01   -0.59947E+02    0.78215E+06    0.66022E-03
   500    0.23491E+04    0.79131E+01   -0.59041E+02    0.77986E+06    0.00000E+00
   501    0.23567E+04    0.77995E+01   -0.58113E+02    0.77758E+06   -0.61685E-03
   502    0.23644E+04    0.76895E+01   -0.57162E+02    0.77531E+06   -0.11906E-02
   503    0.23718E+04    0.75823E+01   -0.56191E+02    0.77305E+06   -0.17223E-02
   504    0.23789E+04    0.74786E+01   -0.55197E+02    0.77080E+06   -0.22131E-02
   505    0.23861E+04    0.73792E+01   -0.54186E+02    0.76856E+06   -0.26641E-02
   506    0.23929E+04    0.72835E+01   -0.53154E+02    0.76632E+06   -0.30765E-02
   507    0.23996E+04    0.71912E+01   -0.52103E+02    0.76410E+06   -0.34514E-02
   508    0.24061E+04    0.71033E+01   -0.51034E+02    0.76189E+06   -0.37899E-02
   509    0.24124E+04    0.70188E+01   -0.49948E+02    0.75968E+06   -0.40931E-02
   510    0.24184E+04    0.69386E+01   -0.48846E+02    0.75749E+06   -0.43621E-02
   511    0.24243E+04    0.68621E+01   -0.47727E+02    0.75530E+06   -0.45982E-02
   512    0.24300E+04    0.67900E+01   -0.46592E+02    0.75312E+06   -0.48023E-02
   513    0.24355E+04    0.67219E+01   -0.45444E+02    0.75096E+06   -0.49756E-02
   514    0.24407E+04    0.66582E+01   -0.44281E+02    0.74880E+06   -0.51192E-02
   515    0.24458E+04    0.65987E+01   -0.43104E+02    0.74665E+06   -0.52343E-02
   516    0.24507E+04    0.65437E+01   -0.41915E+02    0.74451E+06   -0.53220E-02
   517    0.24552E+04    0.64931E+01   -0.40714E+02    0.74238E+06   -0.53834E-02
   518    0.24596E+04    0.64469E+01   -0.39502E+02    0.74025E+06   -0.54196E-02
   519    0.24639E+04    0.64054E+01   -0.38279E+02    0.73814E+06   -0.54317E-02
   520    0.24679E+04    0.63683E+01   -0.37046E+02    0.73604E+06   -0.54209E-02
   521    0.24715E+04    0.63358E+01   -0.35804E+02    0.73394E+06   -0.53883E-02
   522    0.24750E+04    0.63082E+01   -0.34554E+02    0.73185E+06   -0.53350E-02
   523    0.24783E+04    0.62852E+01   -0.33296E+02    0.72977E+06   -0.52622E-02
   524    0.24814E+04    0.62669E+01   -0.32031E+02    0.72770E+06   -0.51709E-02
   525    0.24842E+04    0.62534E+01   -0.30759E+02    0.72564E+06   -0.50622E-02
   526    0.24867E+04    0.62448E+01   -0.29482E+02    0.72359E+06   -0.49374E-02
   527    0.24893E+04    0.62410E+01   -0.28200E+02    0.72154E+06   -0.47975E-02
   528    0.24914E+04    0.62419E+01   -0.26915E+02    0.71951E+06   -0.46437E-02
   529    0.24933E+04    0.62481E+01   -0.25625E+02    0.71748E+06   -0.44770E-02
   530    0.24950E+04    0.62591E+01   -0.24335E+02    0.71546E+06   -0.42986E-02
   531    0.24966E+04    0.62749E+01   -0.23040E+02    0.71345E+06   -0.41096E-02
   532    0.24978E+04    0.62959E+01   -0.21746E+02    0.71145E+06   -0.39112E-02
   533    0.24988E+04    0.63219E+01   -0.20451E+02    0.70946E+06   -0.37044E-02
   534    0.24995E+04    0.63529E+01   -0.19157E+02    0.70747E+06   -0.34904E-02
   535    0.25001E+04    0.63890E+01   -0.17864E+02    0.70550E+06   -0.32703E-02
   536    0.25004E+04    0.64301E+01   -0.16572E+02    0.70353E+06   -0.30452E-02
   537    0.25005E+04    0.64763E+01   -0.15283E+02    0.70157E+06   -0.28162E-02
   538    0.25003E+04    0.65277E+01   -0.13997E+02    0.69961E+06   -0.25846E-02
   539    0.25000E+04    0.65840E+01   -0.12716E+02    0.69767E+06   -0.23513E-02
   540    0.24994E+04    0.66457E+01   -0.11439E+02    0.69573E+06   -0.21175E-02
   541    0.24985E+04    0.67123E+01   -0.10167E+02    0.69380E+06   -0.18844E-02
   542    0.24975E+04    0.67840E+01   -0.89027E+01    0.69188E+06   -0.16530E-02
   543    0.24962E+04    0.68609E+01   -0.76446E+01    0.68997E+06   -0.14245E-02
   544    0.24948E+04    0.69429E+01   -0.63940E+01    0.68807E+06   -0.12000E-02
   545    0.24930E+04    0.70299E+01   -0.51516E+01    0.68617E+06   -0.98067E-03
   546    0.24911E+04    0.71218E+01   -0.39183E+01    0.68428E+06   -0.76756E-03
   547    0.24889E+04    0.72188E+01   -0.26944E+01    0.68240E+06   -0.56181E-03
   548    0.24866E+04    0.73208E+01   -0.14809E+01    0.68053E+06   -0.36455E-03
   549    0.24840E+04    0.74280E+01   -0.27857E+00    0.67866E+06   -0.17691E-03
   550    0.24812E+04    0.75401E+01    0.91208E+00    0.67680E+06    0.00000E+00
   551    0.24783E+04    0.76574E+01    0.20904E+01    0.67495E+06    0.16529E-03
   552    0.24750E+04    0.77797E+01    0.32555E+01    0.67311E+06    0.31901E-03
   553    0.24717E+04    0.79056E+01    0.44069E+01    0.67128E+06    0.46148E-03
   554    0.24680E+04    0.80381E+01    0.55438E+01    0.66945E+06    0.59300E-03
   555    0.24642E+04    0.81750E+01    0.66656E+01    0.66763E+06    0.71386E-03
   556    0.24602E+04    0.83169E+01    0.77719E+01    0.66582E+06    0.82436E-03
   557    0.24560E+04    0.84632E+01    0.88610E+01    0.66401E+06    0.92481E-03
   558    0.24515E+04    0.86154E+01    0.99335E+01    0.66221E+06    0.10155E-02
   559    0.24469E+04    0.87712E+01    0.10989E+02    0.66042E+06    0.10967E-02
   560    0.24422E+04    0.89313E+01    0.12025E+02    0.65864E+06    0.11688E-02
   561    0.24371E+04    0.90966E+01    0.13042E+02    0.65687E+06    0.12321E-02
   562    0.24320E+04    0.92669E+01    0.14040E+02    0.65510E+06    0.12868E-02
   563    0.24267E+04    0.94410E+01    0.15020E+02    0.65334E+06    0.13332E-02
   564    0.24212E+04    0.96209E+01    0.15976E+02    0.65158E+06    0.13717E-02
   565    0.24155E+04    0.98037E+01    0.16913E+02    0.64983E+06    0.14025E-02
   566    0.24096E+04    0.99916E+01    0.17827E+02    0.64810E+06    0.14260E-02
   567    0.24036E+04    0.10183E+02    0.18719E+02    0.64636E+06    0.14425E-02
   568    0.23975E+04    0.10380E+02    0.19588E+02    0.64464E+06    0.14522E-02
   569    0.23911E+04    0.10581E+02    0.20435E+02    0.64292E+06    0.14554E-02
   570    0.23847E+04    0.10786E+02    0.21256E+02    0.64121E+06    0.14525E-02
   571    0.23780E+04    0.10995E+02    0.22053E+02    0.63950E+06    0.14438E-02
   572    0.23712E+04    0.11208E+02    0.22826E+02    0.63781E+06    0.14295E-02
   573    0.23643E+04    0.11425E+02    0.23573E+02    0.63612E+06    0.14100E-02
   574    0.23572E+04    0.11646E+02    0.24294E+02    0.63443E+06    0.13855E-02
   575    0.23500E+04    0.11870E+02    0.24989E+02    0.63276E+06    0.13564E-02
   576    0.23427E+04    0.12098E+02    0.25657E+02    0.63109E+06    0.13230E-02
   577    0.23352E+04    0.12330E+02    0.26299E+02    0.62942E+06    0.12855E-02
   578    0.23276E+04    0.12566E+02    0.26912E+02    0.62777E+06    0.12443E-02
   579    0.23199E+04    0.12805E+02    0.27499E+02    0.62612E+06    0.11996E-02
   580    0.23122E+04    0.13048E+02    0.28056E+02    0.62447E+06    0.11518E-02
   581    0.23041E+04    0.13293E+02    0.28585E+02    0.62284E+06    0.11012E-02
   582    0.22961E+04    0.13543E+02    0.29085E+02    0.62121E+06    0.10480E-02
   583    0.22879E+04    0.13795E+02    0.29556E+02    0.61959E+06    0.99259E-03
   584    0.22797E+04    0.14050E+02    0.29997E+02    0.61797E+06    0.93525E-03
   585    0.22714E+04    0.14308E+02    0.30408E+02    0.61636E+06    0.87627E-03
   586    0.22630E+04    0.14569E+02    0.30789E+02    0.61476E+06    0.81596E-03
   587    0.22545E+04    0.14833E+02    0.31139E+02    0.61316E+06    0.75462E-03
   588    0.22459E+04    0.15099E+02    0.31458E+02    0.61157E+06    0.69254E-03
   589    0.22372E+04    0.15369E+02    0.31747E+02    0.60998E+06    0.63003E-03
   590    0.22285E+04    0.15640E+02    0.32004E+02    0.60841E+06    0.56740E-03
   591    0.22197E+04    0.15915E+02    0.32230E+02    0.60684E+06    0.50493E-03
   592    0.22109E+04    0.16191E+02    0.32424E+02    0.60527E+06    0.44293E-03
   593    0.22019E+04    0.16470E+02    0.32587E+02    0.60371E+06    0.38171E-03
   594    0.21928E+04    0.16751E+02    0.32716E+02    0.60216E+06    0.32155E-03
   595    0.21838E+04    0.17033E+02    0.32815E+02    0.60061E+06    0.26278E-03
   596    0.21747E+04    0.17318E+02    0.32880E+02    0.59907E+06    0.20567E-03
   597    0.21656E+04    0.17603E+02    0.32914E+02    0.59754E+06    0.15054E-03
   598    0.21567E+04    0.17891E+02    0.32915E+02    0.59601E+06    0.97683E-04
   599    0.21475E+04    0.18181E+02    0.32884E+02    0.59449E+06    0.47403E-04
   600    0.21383E+04    0.18472E+02    0.32820E+02    0.59298E+06    0.00000E+00
   601    0.21291E+04    0.18764E+02    0.32723E+02    0.59147E+06   -0.44289E-04
   602    0.21199E+04    0.19057E+02    0.32593E+02    0.58996E+06   -0.85482E-04
   603    0.21106E+04    0.19352E+02    0.32432E+02    0.58847E+06   -0.12366E-03
   604    0.21014E+04    0.19648E+02    0.32237E+02    0.58697E+06   -0.15890E-03
   605    0.20922E+04    0.19944E+02    0.32010E+02    0.58549E+06   -0.19128E-03
   606    0.20830E+04    0.20241E+02    0.31749E+02    0.58401E+06   -0.22089E-03
   607    0.20736E+04    0.20538E+02    0.31456E+02    0.58253E+06   -0.24781E-03
   608    0.20644E+04    0.20837E+02    0.31131E+02    0.58107E+06   -0.27211E-03
   609    0.20553E+04    0.21135E+02    0.30772E+02    0.57960E+06   -0.29388E-03
   610    0.20461E+04    0.21433E+02    0.30381E+02    0.57815E+06   -0.31320E-03
   611    0.20370E+04    0.21732E+02    0.29957E+02    0.57670E+06   -0.33015E-03
   612    0.20279E+04    0.22032E+02    0.29502E+02    0.57525E+06   -0.34480E-03
   613    0.20188E+04    0.22330E+02    0.29014E+02    0.57381E+06   -0.35725E-03
   614    0.20097E+04    0.22628E+02    0.28493E+02    0.57238E+06   -0.36756E-03
   615    0.20007E+04    0.22926E+02    0.27940E+02    0.57095E+06   -0.37583E-03
   616    0.19918E+04    0.23224E+02    0.27356E+02    0.56953E+06   -0.38213E-03
   617    0.19830E+04    0.23522E+02    0.26741E+02    0.56811E+06   -0.38653E-03
   618    0.19742E+04    0.23819E+02    0.26093E+02    0.56670E+06   -0.38913E-03
   619    0.19653E+04    0.24116E+02    0.25416E+02    0.56530E+06   -0.39001E-03
   620    0.19567E+04    0.24410E+02    0.24707E+02    0.56390E+06   -0.38923E-03
   621    0.19480E+04    0.24705E+02    0.23967E+02    0.56250E+06   -0.38689E-03
   622    0.19395E+04    0.24998E+02    0.23197E+02    0.56112E+06   -0.38307E-03
   623    0.19311E+04    0.25290E+02    0.22397E+02    0.55973E+06   -0.37784E-03
   624    0.19227E+04    0.25579E+02    0.21567E+02    0.55835E+06   -0.37129E-03
   625    0.19143E+04    0.25868E+02    0.20707E+02    0.55698E+06   -0.36349E-03
   626    0.19061E+04    0.26155E+02    0.19818E+02    0.55562E+06   -0.35453E-03
   627    0.18980E+04    0.26441E+02    0.18900E+02    0.55425E+06   -0.34448E-03
   628    0.18900E+04    0.26724E+02    0.17954E+02    0.55290E+06   -0.33344E-03
   629    0.18822E+04    0.27005E+02    0.16979E+02    0.55155E+06   -0.32147E-03
   630    0.18743E+04    0.27284E+02    0.15975E+02    0.55020E+06   -0.30866E-03
   631    0.18666E+04    0.27561E+02    0.14945E+02    0.54886E+06   -0.29510E-03
   632    0.18591E+04    0.27836E+02    0.13887E+02    0.54753E+06   -0.28085E-03
   633    0.18515E+04    0.28109E+02    0.12802E+02    0.54620E+06   -0.26600E-03
   634    0.18442E+04    0.28378E+02    0.11692E+02    0.54487E+06   -0.25063E-03
   635    0.18371E+04    0.28645E+02    0.10556E+02    0.54355E+06   -0.23483E-03
   636    0.18299E+04    0.28911E+02    0.93946E+01    0.54224E+06   -0.21867E-03
   637    0.18230E+04    0.29171E+02    0.82076E+01    0.54093E+06   -0.20223E-03
   638    0.18161E+04    0.29431E+02    0.69970E+01    0.53962E+06   -0.18560E-03
   639    0.18095E+04    0.29686E+02    0.57617E+01    0.53833E+06   -0.16885E-03
   640    0.18029E+04    0.29939E+02    0.45035E+01    0.53703E+06   -0.15206E-03
   641    0.17965E+04    0.30188E+02    0.32221E+01    0.53574E+06   -0.13532E-03
   642    0.17902E+04    0.30434E+02    0.19183E+01    0.53446E+06   -0.11871E-03
   643    0.17841E+04    0.30677E+02    0.59267E+00    0.53318E+06   -0.10230E-03
   644    0.17782E+04    0.30914E+02   -0.75424E+00    0.53191E+06   -0.86181E-04
   645    0.17724E+04    0.31149E+02   -0.21222E+01    0.53064E+06   -0.70428E-04
   646    0.17667E+04    0.31381E+02   -0.35104E+01    0.52937E+06   -0.55124E-04
   647    0.17613E+04    0.31608E+02   -0.49189E+01    0.52811E+06   -0.40348E-04
   648    0.17559E+04    0.31832E+02   -0.63458E+01    0.52686E+06   -0.26182E-04
   649    0.17508E+04    0.32051E+02   -0.77917E+01    0.52561E+06   -0.12706E-04
   650    0.17458E+04    0.32265E+02   -0.92553E+01    0.52436E+06    0.00000E+00
   651    0.17410E+04    0.32477E+02   -0.10737E+02    0.52312E+06    0.11872E-04
   652    0.17363E+04    0.32684E+02   -0.12235E+02    0.52189E+06    0.22914E-04
   653    0.17319E+04    0.32886E+02   -0.13748E+02    0.52066E+06    0.33148E-04
   654    0.17276E+04    0.33083E+02   -0.15277E+02    0.51943E+06    0.42596E-04
   655    0.17234E+04    0.33277E+02   -0.16821E+02    0.51821E+06    0.51278E-04
   656    0.17195E+04    0.33466E+02   -0.18379E+02    0.51699E+06    0.59218E-04
   657    0.17157E+04    0.33650E+02   -0.19950E+02    0.51578E+06    0.66436E-04
   658    0.17121E+04    0.33829E+02   -0.21534E+02    0.51458E+06    0.72954E-04
   659    0.17087E+04    0.34004E+02   -0.23130E+02    0.51337E+06    0.78793E-04
   660    0.17056E+04    0.34173E+02   -0.24737E+02    0.51217E+06    0.83975E-04
   661    0.17025E+04    0.34337E+02   -0.26354E+02    0.51098E+06    0.88521E-04
   662    0.16997E+04    0.34497E+02   -0.27983E+02    0.50979E+06    0.92454E-04
   663    0.16970E+04    0.34651E+02   -0.29621E+02    0.50861E+06    0.95794E-04
   664    0.16946E+04    0.34800E+02   -0.31266E+02    0.50743E+06    0.98564E-04
   665    0.16922E+04    0.34943E+02   -0.32920E+02    0.50625E+06    0.10078E-03
   666    0.16901E+04    0.35082E+02   -0.34581E+02    0.50508E+06    0.10248E-03
   667    0.16883E+04    0.35215E+02   -0.36249E+02    0.50391E+06    0.10366E-03
   668    0.16864E+04    0.35342E+02   -0.37923E+02    0.50275E+06    0.10436E-03
   669    0.16850E+04    0.35465E+02   -0.39602E+02    0.50159E+06    0.10460E-03
   670    0.16836E+04    0.35581E+02   -0.41284E+02    0.50044E+06    0.10440E-03
   671    0.16825E+04    0.35693E+02   -0.42971E+02    0.49929E+06    0.10378E-03
   672    0.16815E+04    0.35798E+02   -0.44661E+02    0.49814E+06    0.10276E-03
   673    0.16808E+04    0.35899E+02   -0.46353E+02    0.49700E+06    0.10136E-03
   674    0.16802E+04    0.35994E+02   -0.48046E+02    0.49586E+06    0.99608E-04
   675    0.16799E+04    0.36082E+02   -0.49740E+02    0.49473E+06    0.97521E-04
   676    0.16797E+04    0.36165E+02   -0.51434E+02    0.49360E+06    0.95123E-04
   677    0.16797E+04    0.36242E+02   -0.53127E+02    0.49247E+06    0.92434E-04
   678    0.16799E+04    0.36313E+02   -0.54819E+02    0.49135E+06    0.89476E-04
   679    0.16803E+04    0.36379E+02   -0.56509E+02    0.49024E+06    0.86271E-04
   680    0.16810E+04    0.36439E+02   -0.58196E+02    0.48912E+06    0.82840E-04
   681    0.16818E+04    0.36493E+02   -0.59879E+02    0.48802E+06    0.79205E-04
   682    0.16828E+04    0.36540E+02   -0.61559E+02    0.48691E+06    0.75387E-04
   683    0.16840E+04    0.36583E+02   -0.63234E+02    0.48581E+06    0.71407E-04
   684    0.16854E+04    0.36618E+02   -0.64904E+02    0.48471E+06    0.67289E-04
   685    0.16868E+04    0.36648E+02   -0.66568E+02    0.48362E+06    0.63052E-04
   686    0.16885E+04    0.36672E+02   -0.68217E+02    0.48253E+06    0.58719E-04
   687    0.16905E+04    0.36691E+02   -0.69862E+02    0.48145E+06    0.54311E-04
   688    0.16926E+04    0.36702E+02   -0.71501E+02    0.48037E+06    0.49849E-04
   689    0.16949E+04    0.36708E+02   -0.73127E+02    0.47929E+06    0.45356E-04
   690    0.16973E+04    0.36709E+02   -0.74747E+02    0.47822E+06    0.40853E-04
   691    0.17000E+04    0.36701E+02   -0.76354E+02    0.47715E+06    0.36360E-04
   692    0.17028E+04    0.36690E+02   -0.77948E+02    0.47608E+06    0.31901E-04
   693    0.17058E+04    0.36672E+02   -0.79535E+02    0.47502E+06    0.27497E-04
   694    0.17089E+04    0.36648E+02   -0.81102E+02    0.47396E+06    0.23168E-04
   695    0.17123E+04    0.36619E+02   -0.82656E+02    0.47290E+06    0.18937E-04
   696    0.17159E+04    0.36583E+02   -0.84212E+02    0.47185E+06    0.14825E-04
   697    0.17196E+04    0.36542E+02   -0.85739E+02    0.47080E+06    0.10854E-04
   698    0.17234E+04    0.36494E+02   -0.87254E+02    0.46976E+06    0.70448E-05
   699    0.17274E+04    0.36441E+02   -0.88748E+02    0.46872E+06    0.34197E-05
   700    0.17317E+04    0.36381E+02   -0.90229E+02    0.46768E+06    0.00000E+00
   701    0.17360E+04    0.36316E+02   -0.91697E+02    0.46665E+06   -0.31973E-05
   702    0.17406E+04    0.36246E+02   -0.93137E+02    0.46562E+06   -0.61733E-05
   703    0.17452E+04    0.36169E+02   -0.94578E+02    0.46459E+06   -0.89337E-05
   704    0.17500E+04    0.36087E+02   -0.95985E+02    0.46357E+06   -0.11484E-04
   705    0.17549E+04    0.35999E+02   -0.97371E+02    0.46255E+06   -0.13830E-04
   706    0.17601E+04    0.35906E+02   -0.98744E+02    0.46153E+06   -0.15978E-04
   707    0.17653E+04    0.35807E+02   -0.10010E+03    0.46052E+06   -0.17933E-04
   708    0.17708E+04    0.35702E+02   -0.10141E+03    0.45951E+06   -0.19700E-04
   709    0.17763E+04    0.35593E+02   -0.10272E+03    0.45851E+06   -0.21286E-04
   710    0.17820E+04    0.35477E+02   -0.10401E+03    0.45750E+06   -0.22696E-04
   711    0.17878E+04    0.35356E+02   -0.10526E+03    0.45651E+06   -0.23936E-04
   712    0.17938E+04    0.35230E+02   -0.10650E+03    0.45551E+06   -0.25011E-04
   713    0.17999E+04    0.35098E+02   -0.10771E+03    0.45452E+06   -0.25927E-04
   714    0.18061E+04    0.34962E+02   -0.10890E+03    0.45353E+06   -0.26690E-04
   715    0.18124E+04    0.34821E+02   -0.11006E+03    0.45255E+06   -0.27306E-04
   716    0.18189E+04    0.34674E+02   -0.11120E+03    0.45157E+06   -0.27780E-04
   717    0.18255E+04    0.34522E+02   -0.11230E+03    0.45059E+06   -0.28117E-04
   718    0.18321E+04    0.34366E+02   -0.11339E+03    0.44961E+06   -0.28324E-04
   719    0.18389E+04    0.34202E+02   -0.11444E+03    0.44864E+06   -0.28407E-04
   720    0.18457E+04    0.34036E+02   -0.11547E+03    0.44768E+06   -0.28370E-04
   721    0.18529E+04    0.33865E+02   -0.11646E+03    0.44671E+06   -0.28219E-04
   722    0.18599E+04    0.33689E+02   -0.11742E+03    0.44575E+06   -0.27961E-04
   723    0.18671E+04    0.33509E+02   -0.11836E+03    0.44480E+06   -0.27601E-04
   724    0.18744E+04    0.33323E+02   -0.11928E+03    0.44384E+06   -0.27144E-04
   725    0.18817E+04    0.33134E+02   -0.12015E+03    0.44289E+06   -0.26597E-04
   726    0.18893E+04    0.32943E+02   -0.12099E+03    0.44195E+06   -0.25964E-04
   727    0.18968E+04    0.32745E+02   -0.12182E+03    0.44101E+06   -0.25252E-04
   728    0.19044E+04    0.32542E+02   -0.12260E+03    0.44007E+06   -0.24466E-04
   729    0.19121E+04    0.32336E+02   -0.12336E+03    0.43913E+06   -0.23612E-04
   730    0.19198E+04    0.32126E+02   -0.12408E+03    0.43820E+06   -0.22696E-04
   731    0.19277E+04    0.31911E+02   -0.12477E+03    0.43727E+06   -0.21723E-04
   732    0.19356E+04    0.31694E+02   -0.12542E+03    0.43634E+06   -0.20699E-04
   733    0.19436E+04    0.31472E+02   -0.12605E+03    0.43542E+06   -0.19629E-04
   734    0.19516E+04    0.31247E+02   -0.12663E+03    0.43450E+06   -0.18520E-04
   735    0.19597E+04    0.31018E+02   -0.12719E+03    0.43359E+06   -0.17377E-04
   736    0.19678E+04    0.30785E+02   -0.12771E+03    0.43268E+06   -0.16205E-04
   737    0.19760E+04    0.30551E+02   -0.12820E+03    0.43177E+06   -0.15010E-04
   738    0.19841E+04    0.30313E+02   -0.12864E+03    0.43087E+06   -0.13799E-04
   739    0.19924E+04    0.30071E+02   -0.12906E+03    0.42996E+06   -0.12576E-04
   740    0.20006E+04    0.29826E+02   -0.12945E+03    0.42907E+06   -0.11348E-04
   741    0.20089E+04    0.29578E+02   -0.12980E+03    0.42817E+06   -0.10120E-04
   742    0.20173E+04    0.29329E+02   -0.13011E+03    0.42728E+06   -0.88968E-05
   743    0.20256E+04    0.29078E+02   -0.13039E+03    0.42639E+06   -0.76854E-05
   744    0.20340E+04    0.28823E+02   -0.13063E+03    0.42551E+06   -0.64910E-05
   745    0.20424E+04    0.28566E+02   -0.13084E+03    0.42463E+06   -0.53193E-05
   746    0.20507E+04    0.28307E+02   -0.13100E+03    0.42375E+06   -0.41760E-05
   747    0.20590E+04    0.28045E+02   -0.13114E+03    0.42288E+06   -0.30668E-05
   748    0.20674E+04    0.27782E+02   -0.13124E+03    0.42201E+06   -0.19972E-05
   749    0.20759E+04    0.27515E+02   -0.13131E+03    0.42114E+06   -0.97308E-06
   750    0.20842E+04    0.27248E+02   -0.13134E+03    0.42028E+06    0.00000E+00
   751    0.20926E+04    0.26978E+02   -0.13134E+03    0.41942E+06    0.91748E-06
   752    0.21010E+04    0.26708E+02   -0.13129E+03    0.41857E+06    0.17794E-05
   753    0.21093E+04    0.26435E+02   -0.13121E+03    0.41771E+06    0.25868E-05
   754    0.21175E+04    0.26162E+02   -0.13109E+03    0.41686E+06    0.33408E-05
   755    0.21259E+04    0.25887E+02   -0.13094E+03    0.41602E+06    0.40427E-05
   756    0.21340E+04    0.25612E+02   -0.13075E+03    0.41517E+06    0.46935E-05
   757    0.21423E+04    0.25336E+02   -0.13052E+03    0.41433E+06    0.52944E-05
   758    0.21504E+04    0.25058E+02   -0.13026E+03    0.41350E+06    0.58465E-05
   759    0.21586E+04    0.24780E+02   -0.12997E+03    0.41266E+06    0.63509E-05
   760    0.21666E+04    0.24501E+02   -0.12964E+03    0.41183E+06    0.68088E-05
   761    0.21745E+04    0.24222E+02   -0.12927E+03    0.41100E+06    0.72213E-05
   762    0.21826E+04    0.23944E+02   -0.12887E+03    0.41018E+06    0.75895E-05
   763    0.21904E+04    0.23665E+02   -0.12843E+03    0.40935E+06    0.79146E-05
   764    0.21983E+04    0.23386E+02   -0.12797E+03    0.40853E+06    0.81977E-05
   765    0.22060E+04    0.23106E+02   -0.12746E+03    0.40771E+06    0.84400E-05
   766    0.22137E+04    0.22828E+02   -0.12692E+03    0.40690E+06    0.86426E-05
   767    0.22213E+04    0.22551E+02   -0.12634E+03    0.40608E+06    0.88066E-05
   768    0.22288E+04    0.22273E+02   -0.12572E+03    0.40527E+06    0.89331E-05
   769    0.22362E+04    0.21996E+02   -0.12508E+03    0.40446E+06    0.90233E-05
   770    0.22435E+04    0.21720E+02   -0.12441E+03    0.40365E+06    0.90783E-05
   771    0.22508E+04    0.21445E+02   -0.12369E+03    0.40285E+06    0.90993E-05
   772    0.22579E+04    0.21171E+02   -0.12294E+03    0.40205E+06    0.90874E-05
   773    0.22649E+04    0.20899E+02   -0.12216E+03    0.40125E+06    0.90437E-05
   774    0.22718E+04    0.20628E+02   -0.12135E+03    0.40045E+06    0.89694E-05
   775    0.22787E+04    0.20359E+02   -0.12051E+03    0.39965E+06    0.88656E-05
   776    0.22853E+04    0.20091E+02   -0.11964E+03    0.39885E+06    0.87334E-05
   777    0.22918E+04    0.19825E+02   -0.11873E+03    0.39806E+06    0.85739E-05
   778    0.22985E+04    0.19562E+02   -0.11778E+03    0.39727E+06    0.83884E-05
   779    0.23047E+04    0.19300E+02   -0.11681E+03    0.39648E+06    0.81779E-05
   780    0.23109E+04    0.19039E+02   -0.11581E+03    0.39569E+06    0.79435E-05
   781    0.23170E+04    0.18782E+02   -0.11478E+03    0.39490E+06    0.76865E-05
   782    0.23229E+04    0.18527E+02   -0.11374E+03    0.39411E+06    0.74079E-05
   783    0.23287E+04    0.18274E+02   -0.11264E+03    0.39333E+06    0.71089E-05
   784    0.23344E+04    0.18025E+02   -0.11152E+03    0.39254E+06    0.67906E-05
   785    0.23399E+04    0.17778E+02   -0.11038E+03    0.39176E+06    0.64541E-05
   786    0.23453E+04    0.17533E+02   -0.10919E+03    0.39098E+06    0.61006E-05
   787    0.23504E+04    0.17293E+02   -0.10798E+03    0.39019E+06    0.57313E-05
   788    0.23555E+04    0.17054E+02   -0.10675E+03    0.38941E+06    0.53471E-05
   789    0.23604E+04    0.16818E+02   -0.10550E+03    0.38863E+06    0.49494E-05
   790    0.23652E+04    0.16587E+02   -0.10421E+03    0.38786E+06    0.45392E-05
   791    0.23698E+04    0.16359E+02   -0.10289E+03    0.38708E+06    0.41176E-05
   792    0.23742E+04    0.16135E+02   -0.10155E+03    0.38630E+06    0.36858E-05
   793    0.23784E+04    0.15915E+02   -0.10018E+03    0.38552E+06    0.32449E-05
   794    0.23824E+04    0.15700E+02   -0.98797E+02    0.38475E+06    0.27961E-05
   795    0.23863E+04    0.15487E+02   -0.97383E+02    0.38397E+06    0.23405E-05
   796    0.23902E+04    0.15279E+02   -0.95953E+02    0.38320E+06    0.18792E-05
   797    0.23936E+04    0.15075E+02   -0.94494E+02    0.38242E+06    0.14134E-05
   798    0.23970E+04    0.14875E+02   -0.93020E+02    0.38164E+06    0.94415E-06
   799    0.24002E+04    0.14680E+02   -0.91524E+02    0.38087E+06    0.47264E-06
   800    0.24032E+04    0.14489E+02   -0.90006E+02    0.38009E+06    0.00000E+00
